Attempt Distance          Time         TTime
      0       -1           158           197
      1       -1            18            51
      2       -1            17            78
      3       -1            16            80
      4       -1             8             9
      5       -1             9             9
      6       -1            11            30
      7       -1            31            41
      8       -1            29            39
      9       -1            18            39
     10       -1            49            54
     11       -1            15            30
     12       -1            14            24
     13       -1             7            12
     14       -1            17            36
     15       -1             9            11
     16       -1             6             9
     17       -1             6             9
     18       -1             6            11
     19       -1            11            17
     20       -1             6             8
     21       -1             8            18
     22       -1            10            15
     23        0             1             9
     24       -1             9            82
     25        1            17            14
     26       -1             8            10
     27       -1             6             8
     28       -1            10            70
     29        1             7            15
     30       -1             7             9
     31       -1            26            48
     32       -1             5             8
     33       -1            21             9
     34       -1             7             9
     35       -1             5             7
     36       -1            31             9
     37       -1             5             7
     38       -1            17             7
     39       -1             5             7
     40       -1            14            22
     41       -1            11            19
     42       -1            12            12
     43       -1            17            28
     44       -1            13            32
     45       -1            65            24
     46       -1             4             7
     47       -1             2             6
     48       -1             8            55
     49       -1             2             6
Attempt Distance          Time         TTime
      0       -1         22359         10895
      1       -1         10634         10413
      2       -1         11183         11306
      3       -1         13863         10999
      4       -1         13498         10719
      5       -1         10474         11314
      6       -1          9887         11040
      7       -1         12196         13983
      8       -1         11200         12858
      9       -1         13223         13580
     10       -1         10968         10513
     11       -1         11095         13451
     12       -1         11199         12251
     13       -1         11249         10014
     14       -1         10280         11808
     15       -1         10049         10437
     16       -1         12597         10822
     17       -1          9862         12207
     18       -1         11249         10679
     19       -1         10681         10959
     20       -1         10787         10502
     21       -1         13055         11109
     22       -1         11810         10642
     23        0         10259         10529
     24       -1         10406         11578
     25        1         10721         13019
     26       -1         10950         12348
     27       -1         10780         11149
     28       -1         10258         10572
     29        1         11226         10817
     30       -1         12831         11397
     31       -1         12315         11257
     32       -1         11284         10750
     33       -1        233035         11646
     34       -1         11401         12012
     35       -1         11235         10811
     36       -1         11943         11055
     37       -1         11121         10664
     38       -1         14573         10437
     39       -1         12553         12776
     40       -1         11606         11106
     41       -1         12222         12657
     42       -1         12518         18147
     43       -1         11755         11849
     44       -1         12587         11308
     45       -1         10640         11390
     46       -1         10602         10281
     47       -1         12350         14741
     48       -1         11294         10302
     49       -1         12115         13980
Attempt Distance          Time         TTime
      0       -1         24734         38544
      1       -1         11177         10803
      2       -1         23820         35469
      3       -1         47630         91832
      4       -1         10721         11692
      5       -1         10169         10653
      6       -1         10881         11986
      7       -1         22913         34180
      8       -1         43384        138970
      9       -1         22694         32780
     10       -1         44044         93740
     11       -1         50076         94178
     12       -1         34111         67079
     13       -1         10458         12059
     14       -1         44536        112848
     15       -1         10042         12946
     16       -1         11181         11639
     17       -1         10978         11288
     18       -1         10625         12728
     19       -1         22498         34720
     20       -1         11607         11622
     21       -1         10448         11620
     22       -1         23430         32783

     24       -1         10606         12049
     25        1         12445         13148
     26       -1         11591         10973
     27       -1         10646         12127
     28       -1         25173         48979
     29        1         14993         13132
     30       -1         11194         11141
     31       -1         44710        118695
     32       -1         11100         11922
     33       -1         10454         11719
     34       -1         11479         13123
     35       -1         11916         11610
     36       -1         11545         10881
     37       -1         10206         12199
     38       -1         10567         12371
     39       -1         10886         18883
     40       -1         10948         11608
     41       -1         11698         10888
     42       -1         10181          9930
     43       -1         23668         35104
     44       -1         32371         67882
     45       -1         42951        113808
     46       -1         10418         13714
     47       -1         11407         11365
     48       -1         43918         90108
     49       -1         10296         11012
Attempt Distance          Time         TTime
      0       -1         12654         12791
      1       -1         14671         11725
      2       -1         14876         12373
      3       -1         14683         14997
      4       -1         11881         12396
      5       -1         10849         12991
      6       -1         11938         12496
      7       -1         12313         11384
      8       -1         13360         14080
      9       -1         11601         13039
     10       -1         13348         12816
     11       -1         16860         15104
     12       -1         12821         13288
     13       -1         11190         11721
     14       -1         12712         14216
     15       -1         11338         14190
     16       -1         10680         12357
     17       -1         12052         15064
     18       -1         13434         11731
     19       -1         12029         13418
     20       -1         11906         11595
     21       -1         12051         11501
     22       -1         11682         12124

     24       -1         11363         10991
     25        1         11684         12308
     26       -1         11481         23649
     27       -1         11875         11750
     28       -1         12060         14545
     29        1         11899         12509
     30       -1         11747         12118
     31       -1         12331         14342
     32       -1         10813         16643
     33       -1         20883         11531
     34       -1         11855         11987
     35       -1         10987         11711
     36       -1         12366         11230
     37       -1         11662         10823
     38       -1         11617         11804
     39       -1         10896         10701
     40       -1         10684         15514
     41       -1         19600         12246
     42       -1         12622         12365
     43       -1         11258         11976
     44       -1         13021        230300
     45       -1         11215         13874
     46       -1         11233         10687
     47       -1         10485         11905
     48       -1         13274         13560
     49       -1         12786         14885
