Attempt Distance          Time         TTime
      0        0            22           376
      1        1            32            44
      2        1            28            33
      3       -1            14            14
      4       -1            13            18
      5       -1            35            36
      6        4            44            29
      7        4           232            66
      8       -1            34            46
      9       -1           136            74
     10        1            13            22
     11       -1            15            19
     12       -1            30            31
     13        1            11            12
     14       -1            37            38
     15        1            26            22
     16       -1            25           123
     17       -1            17            11
     18       -1            11            12
     19       -1             8            14
     20        2            17            36
     21        2            26            40
     22       -1            29            66
     23        1            32            22
     24       -1             9            11
     25       -1            59            48
     26       -1            37           125
     27       -1            26           121
     28       -1            39            56
     29        3            55            28
     30       -1            45            59
     31        2            30            29
     32       -1            25            19
     33       -1           110           103
     34       -1            44            20
     35       -1            33           165
     36       -1             8            75
     37       -1             8            16
     38       -1            11            11
     39       -1             9            13
     40        2            16            12
     41        0             5            13
     42       -1            52            36
     43       -1            39            26
     44       -1            18            25
     45       -1             6            10
     46       -1            53            28
     47        0             3            67
     48       -1            17            20
     49       -1             8            17
Attempt Distance          Time         TTime
      0        0         26767         11779
      1        1         10980         11463
      2        1         15517         10353
      3       -1         11400         10607
      4       -1         11173         11550
      5       -1         10885          9933
      6        4         11285         12967
      7        4         10627         10870
      8       -1         10662         11413
      9       -1         18264         10883
     10        1         10677         11867
     11       -1         10835         10390
     12       -1         12146         16059
     13        1         11688         17004
     14       -1         15714         13259
     15        1         12245         11419
     16       -1         11220         11367
     17       -1         12213         10803
     18       -1         12185         10233
     19       -1         10099         10788
     20        2         11125         13251
     21        2         13569         12478
     22       -1         16702         10226
     23        1         16401         12735
     24       -1         10158         13030
     25       -1         13134         12907
     26       -1         14780         10647
     27       -1         11588         17896
     28       -1         11545         11446
     29        3         13494         19851
     30       -1         11001         11599
     31        2         12911         11819
     32       -1         10263         11866
     33       -1         11776         11372
     34       -1         11362         10637
     35       -1         17533         11805
     36       -1          9837         10807
     37       -1         10371         10238
     38       -1         11020         11557
     39       -1         10284         10348
     40        2         11633         10222
     41        0         11143         11938
     42       -1         10824         10918
     43       -1         11073         10776
     44       -1         12282         13051
     45       -1         10853         12718
     46       -1         12886         11318
     47        0         10711         10408
     48       -1         11958         11198
     49       -1         11114         10744
Attempt Distance          Time         TTime

      1        1         10636         12991
      2        1         13930         20290
      3       -1         11825         12406
      4       -1         11569         11089
      5       -1         39213        102881
      6        4        111340         12777
      7        4         76102         14410
      8       -1         30111         51730
      9       -1         33977         95663
     10        1          9865         11972
     11       -1         20938         43672
     12       -1         32370         78184
     13        1         10682         13583
     14       -1         23748         36464
     15        1         11297         14099
     16       -1         98096        256564
     17       -1          9608         10259
     18       -1          9844         11056
     19       -1         10793         11519
     20        2         43391         12493
     21        2         30526         11565
     22       -1         30534         53867
     23        1         11035         13000
     24       -1         11724         10356
     25       -1         35643         58013
     26       -1         33605         81474
     27       -1         78956        276682
     28       -1         32588         79610
     29        3         83366         13019
     30       -1         43537        120453
     31        2         32720         12130
     32       -1         10282         11503
     33       -1         76324        250600
     34       -1         11224         10861
     35       -1         93226        257201
     36       -1         34232         56738
     37       -1         10944         11059
     38       -1         11861          9842
     39       -1         33541         67906
     40        2         24245         12406

     42       -1         35301         67506
     43       -1         30626         56253
     44       -1         71715        174547
     45       -1         20400         34859
     46       -1         23843         44211

     48       -1         33823         81250
     49       -1         30436         54137
Attempt Distance          Time         TTime

      1        1         11929         12164
      2        1         12766         12812
      3       -1         11602         11804
      4       -1         11045         11850
      5       -1         13007         12304
      6        4         13587         12796
      7        4         11818         11803
      8       -1         12106         11521
      9       -1         11712         12691
     10        1         11079         11995
     11       -1         11595         12084
     12       -1         12370         13311
     13        1         10426         11855
     14       -1         10797         18377
     15        1         11245         12800
     16       -1         12338         14411
     17       -1         26099         11016
     18       -1         11222         10782
     19       -1         19435         10917
     20        2         11291         13476
     21        2         13206         12985
     22       -1         11635         11403
     23        1         11150         12844
     24       -1         11320         10938
     25       -1         12301         12951
     26       -1         32556         16710
     27       -1         15148         14732
     28       -1         11250         14184
     29        3         12382         11931
     30       -1         10984         13068
     31        2         18239         12166
     32       -1         12841         10804
     33       -1         11501         15052
     34       -1         11377         10899
     35       -1         12554         16006
     36       -1         12447         13069
     37       -1         11841         10740
     38       -1         11244         11210
     39       -1         11395         12870
     40        2         11981         12439

     42       -1         11555         13384
     43       -1         11992         13178
     44       -1         12383         14469
     45       -1         12491         11853
     46       -1         12340         13829

     48       -1         12344         12616
     49       -1          9951         10922
