Attempt Distance          Time         TTime
      0        2           573           884
      1        1            74           788
      2        0             9           204
      3        2           174           332
      4        3           190           188
      5        2           460           554
      6        1            34           127
      7        2            55           140
      8        1            14            73
      9        2            27           119
     10        3            62            66
     11        1            22            84
     12        1            30            68
     13        2            34            60
     14        1             8           153
     15        2            48            52
     16        1             7            54
     17        2            26            56
     18        2            25            52
     19        2            54            77
     20        3            52            49
     21        2            20            48
     22        3            47           387
     23        2            38            96
     24        2            49            88
     25        3            54            53
     26        2            29            97
     27        1            18           116
     28        0             5            89
     29        3            83            90
     30        2            39           100
     31        1            18            94
     32        2            71            95
     33        2            52            89
     34        2            55            88
     35        2            53            91
     36        2            61           170
     37        2            31            81
     38        2            30           103
     39        1            19            88
     40        1            17            84
     41        2            55            99
     42        2            32            50
     43        0             5            89
     44        1            16            63
     45        0             2            79
     46        2            96            64
     47        2            19            53
     48        3            50            48
     49        2            22            46
Attempt Distance          Time         TTime
      0        2         26474         12689
      1        1         12474         11902
      2        0         14511         14200
      3        2         12023         13457
      4        3         13688         12542
      5        2         12775         14051
      6        1         13050         12332
      7        2         12814         12023
      8        1         13049         11914
      9        2         12394         12198
     10        3         12777         11852
     11        1         12489         12473
     12        1         12730         12412
     13        2         12566         12453
     14        1         13021         13465
     15        2         12936         12408
     16        1         12107         12521
     17        2         12448         12199
     18        2         12631         12612
     19        2         12978         12478
     20        3         12967         13051
     21        2         12612         12065
     22        3         12295         12402
     23        2         11768         12258
     24        2         12546         14838
     25        3         11999         12404
     26        2         12774         11572
     27        1         12422         11941
     28        0         12324         11990
     29        3         12890         13861
     30        2         13690         13014
     31        1         12745         14642
     32        2         12495         12672
     33        2         13895         13557
     34        2         13416         12620
     35        2         12524         12559
     36        2         12855         13209
     37        2         12696         14458
     38        2         13799         12260
     39        1         12885         12688
     40        1         12481         13172
     41        2         12862         12812
     42        2         13793         12558
     43        0         13104         12980
     44        1         12060         12110
     45        0         13034         12647
     46        2         12744         12660
     47        2         12466         22591
     48        3         13002         13835
     49        2         15491         13392
Attempt Distance          Time         TTime
      0        2         60387         17821
      1        1         10764         17584

      3        2         80861         18260
      4        3        142937         16579
      5        2         83302         24136
      6        1         11915         16884
      7        2        299467         16834
      8        1         15510         18427
      9        2         36714         16215
     10        3        149498         15544
     11        1         10901         15788
     12        1          9851         14327
     13        2         90335         19574
     14        1         11938         15034
     15        2         83141         16956
     16        1         11906         15010
     17        2         83427         15242
     18        2         59666         20723
     19        2         50614         17321
     20        3        203793         17274
     21        2         50154         16169
     22        3        184997         17356
     23        2         34852         16298
     24        2         44242         14474
     25        3        195346         16806
     26        2         43950         16064
     27        1         14498         15914

     29        3        185435         17642
     30        2         61074         15487
     31        1          9611         14783
     32        2         51665         14761
     33        2         96165         14165
     34        2         76718         14836
     35        2         98243         15666
     36        2         98740         15362
     37        2         42737         15258
     38        2         32951         53924
     39        1         11106         14480
     40        1         10463         14673
     41        2         96643         14430
     42        2         63733         15168

     44        1         10935         13575

     46        2         96103         17583
     47        2         45703         15266
     48        3        211363         15560
     49        2         65952         17332
Attempt Distance          Time         TTime
      0        2         11903         23553
      1        1         11968         15198

      3        2         12295         14534
      4        3         13107         16084
      5        2         12571         14503
      6        1         13492         16518
      7        2         12262         14470
      8        1         11378         15505
      9        2         11701         14982
     10        3         13782         15340
     11        1         10354         14946
     12        1         11779         13280
     13        2         14135         14304
     14        1         13017         14047
     15        2         12759         15372
     16        1         11792         15883
     17        2         15522         14793
     18        2         12517         16102
     19        2         11785         15598
     20        3         13955         15452
     21        2         12653         15841
     22        3         14078        265773
     23        2         28383         17402
     24        2         11492         14851
     25        3         16379         15372
     26        2         11074         15810
     27        1         11039         15254

     29        3         14389         15725
     30        2         12622         14363
     31        1         13081         14738
     32        2         11894         14813
     33        2         11977         14299
     34        2         11567         16734
     35        2         13337         15095
     36        2         24580         49328
     37        2         11172         25974
     38        2         11748         15823
     39        1         11130         13663
     40        1         11086         15759
     41        2         13488         14831
     42        2         11674         15700

     44        1         16393         15180

     46        2         12012         15920
     47        2         11025         16000
     48        3         14166         15266
     49        2         13352         16089
