Attempt Distance          Time         TTime
      0        2           396           437
      1        2            93           322
      2        1            30           198
      3        2            73           121
      4        1            33           158
      5        2           123           123
      6        1            50           180
      7        3            97           105
      8        3           199           282
      9        2           106            78
     10        1            19            82
     11        2            53            75
     12        1            11           150
     13        1            14            81
     14        2            62           124
     15        2            51            78
     16        2            56           137
     17        1            12            82
     18        2            35            72
     19        2            23            70
     20        0             4            73
     21        2            28            70
     22        3           124            73
     23        1            27            58
     24        2            17            31
     25        2            17            51
     26        1             5            53
     27        2            15            35
     28        1             5            33
     29        1            19            33
     30        3            43            37
     31        1             4            35
     32        2            15            36
     33        1             6            30
     34        2            16            30
     35        3            57            34
     36        0             2            33
     37        2            16            32
     38        1             7            35
     39        0             1            35
     40        1             5            36
     41        2            16            31
     42        2            15            32
     43        1             4            31
     44        2            14            30
     45        1             6            28
     46        3            38            33
     47        2            17            31
     48        1             4            32
     49        2            14            33
Attempt Distance          Time         TTime
      0        2         26263         14383
      1        2         12144         12176
      2        1         12601         14097
      3        2         16148         12075
      4        1         11959         12687
      5        2         12580         12634
      6        1         12176         13408
      7        3         12931         12553
      8        3         12429         13142
      9        2         12378         12866
     10        1         12610         14951
     11        2         12635         12172
     12        1         13691         14665
     13        1         13021         11986
     14        2         12518         12308
     15        2         52936         12595
     16        2         13290         12008
     17        1         12723         12054
     18        2         12456         14136
     19        2         13115         12369
     20        0         13573         14195
     21        2         14343         12944
     22        3         12594         15801
     23        1         13213         12875
     24        2         13149         12908
     25        2         12767         12678
     26        1         12526         14268
     27        2         18927         11898
     28        1         12549         12429
     29        1         11668         12593
     30        3         12145         12372
     31        1         11792         11501
     32        2         11790         12397
     33        1         14049         12646
     34        2         12598         11801
     35        3         12941         11520
     36        0         11856         12361
     37        2         11765         12804
     38        1         13271         12503
     39        0         12449         11973
     40        1         12473         11875
     41        2         11746         13340
     42        2         13168         13017
     43        1         14597         12495
     44        2         13251         15433
     45        1         12443         13332
     46        3         13474         13610
     47        2         12466         13007
     48        1         11844         13183
     49        2         11926         12635
Attempt Distance          Time         TTime
      0        2         92583         23977
      1        2        315675         19324
      2        1         12687         17345
      3        2         60240         17236
      4        1         11476         17576
      5        2         65739         15692
      6        1         11066         14038
      7        3        164882         22203
      8        3        168361         14126
      9        2         89449         16041
     10        1         10112         16770
     11        2        122652         16929
     12        1         10376         16190
     13        1         10986         16059
     14        2         67642         16248
     15        2         88444         14884
     16        2         97454         14036
     17        1         10904         14495
     18        2         72090         17840
     19        2         35020         15463

     21        2         54914         16359
     22        3        215335         16556
     23        1         10491         14598
     24        2         64850         15658
     25        2        304000         15426
     26        1         11294         13878
     27        2         65287         14450
     28        1         10065         14169
     29        1         10361         18117
     30        3        173683         14745
     31        1         12160         16313
     32        2         75447         14875
     33        1         16455         15443
     34        2         87951         26386
     35        3        204915         17205

     37        2         88735         16090
     38        1         10183         17390

     40        1         10361         16922
     41        2         69453         15359
     42        2         68281         15187
     43        1         11235         16621
     44        2         84944         19040
     45        1         10436         13721
     46        3        201977         15143
     47        2         70875         15349
     48        1         10887         14630
     49        2         64584         14854
Attempt Distance          Time         TTime
      0        2         11288         14342
      1        2         12271         13945
      2        1         11802         17761
      3        2         10592         16162
      4        1         10600         15411
      5        2         18068         26965
      6        1         18404         15387
      7        3         13302         14428
      8        3         13194         13765
      9        2         11256         17243
     10        1         10696         14245
     11        2         12095         19168
     12        1         10469         14950
     13        1         11978         13526
     14        2         12578         15927
     15        2         14644         14280
     16        2         12687         15617
     17        1         13743         14805
     18        2         11850         15608
     19        2         11469         15545

     21        2         12008         15166
     22        3         15600         16052
     23        1         12195         14964
     24        2         15548         15158
     25        2         12992         14934
     26        1         14224         25441
     27        2         12165         14711
     28        1         11877         13974
     29        1         13912         14713
     30        3         13488         13057
     31        1         10790         15703
     32        2         14098         14772
     33        1         13242         14238
     34        2         13699         22819
     35        3         18887         17470

     37        2         14470         15183
     38        1          9986         14867

     40        1         10534         15657
     41        2         14750         14480
     42        2         18986         36768
     43        1         14748         17547
     44        2         14794         17086
     45        1         11944         14204
     46        3         14735         17696
     47        2         11823         15513
     48        1         10562         17413
     49        2         11996         14839
