Attempt Distance          Time         TTime
      0        2           729           850
      1        2            96           302
      2        1            34           146
      3        2            56           217
      4        2            87           125
      5        1           114           145
      6        3           215           200
      7        2            62           124
      8        3           211           194
      9        2           142            86
     10        1            16           192
     11        0            10           169
     12        2            71           173
     13        1            24           226
     14        1            36           216
     15        1            16            85
     16        2            41            66
     17        1            13            59
     18        2            23            41
     19        2           142            42
     20        2            44            38
     21        2            23            60
     22        2            19            96
     23        2            40            62
     24        3            39            35
     25        2            58            37
     26        1             6            68
     27        2            71            98
     28        2            31            39
     29        2            21            36
     30        1             6            32
     31        2            17            38
     32        1             7            38
     33        2            19            35
     34        2            13            33
     35        2            21            31
     36        1             6            40
     37        2            16            36
     38        1             7            39
     39        2            19            36
     40        2            15            38
     41        1             5            83
     42        2            54            36
     43        2            17            35
     44        1             4            34
     45        2            15            35
     46        2            20            35
     47        2            21            36
     48        2            32            43
     49        2            22            32
Attempt Distance          Time         TTime
      0        2         27100         13561
      1        2         12461         12331
      2        1         13485         12858
      3        2         14133         13313
      4        2         12655         12592
      5        1         12049         13116
      6        3         12428         12858
      7        2         12716         12091
      8        3         12613         12248
      9        2         12601         12886
     10        1         13396         13060
     11        0         15761         12774
     12        2         13028         11996
     13        1         12769         12969
     14        1         12608         12552
     15        1         12464         12147
     16        2         12116         14682
     17        1         12061         12999
     18        2         11940         12104
     19        2         12376         13723
     20        2         12929         13910
     21        2         13985         12937
     22        2         14599         12769
     23        2         12516         12513
     24        3         12059         13835
     25        2         15032         12835
     26        1         12828         13341
     27        2         12877         15910
     28        2         13043         13569
     29        2         12988         23269
     30        1         12929         12218
     31        2         14220         14234
     32        1         15020         12325
     33        2         12322         12672
     34        2         15132         26915
     35        2         14011         12300
     36        1         16394         14282
     37        2         14361         16837
     38        1         12848         12934
     39        2         12198         12762
     40        2         13023         13768
     41        1         12143         12044
     42        2         12180         12788
     43        2         12140         12287
     44        1         13079         12412
     45        2         12407         11953
     46        2         13356         12702
     47        2         11722         13821
     48        2         12822         12568
     49        2         12020         11904
Attempt Distance          Time         TTime
      0        2        109581         26467
      1        2         87235         17933
      2        1         10923         15315
      3        2         56920         16740
      4        2         69451         16425
      5        1         11455         14856
      6        3        207402         14984
      7        2         74379         15832
      8        3        222350         14232
      9        2        134701         15489
     10        1         10142         14690
Standard and transitive algorithms inconsistent (0 != 1)
     12        2         58172         17241
     13        1         10372         20041
     14        1         10379         16041
     15        1         11679         17665
     16        2        117038         20354
     17        1         12185         15917
     18        2         57881         16362
     19        2         43896         18509
     20        2        102376         14421
     21        2         98660         14977
     22        2         81412         15305
     23        2        126057         16292
     24        3        202875         15090
     25        2        153708         14991
     26        1         10123         14023
     27        2        108587         15937
     28        2        108314         14198
     29        2         67668         15451
     30        1         10571         58454
     31        2         59392         16886
     32        1         12453         13688
     33        2         79946         16632
     34        2         43999         24771
     35        2        118393         14012
     36        1         10442         15439
     37        2         55372         18152
     38        1         18335         16021
     39        2         81680         14928
     40        2         54002         19927
     41        1         11049         14600
     42        2         74834         14866
     43        2         64026         17332
     44        1         11423         13013
     45        2         62776         15295
     46        2         76819         16377
     47        2         69077         15195
     48        2         87381         14591
     49        2        103606         17885
Attempt Distance          Time         TTime
      0        2         11628         17126
      1        2         14065         16000
      2        1         12430         14689
      3        2         12984         15235
      4        2         12975         14511
      5        1         11663         17803
      6        3         13806         15596
      7        2         12516         15578
      8        3         13680         15863
      9        2         12732         14851
     10        1         11962         15584
Standard and transitive algorithms inconsistent (0 != 1)
     12        2         11861         14803
     13        1         12841         15194
     14        1         11479         14065
     15        1         11275         14585
     16        2         11701         15515
     17        1         11290         14363
     18        2         12280         15334
     19        2         11719         14509
     20        2         13598         14711
     21        2         13667         15132
     22        2         11655         13909
     23        2         12696         14118
     24        3         13445         14705
     25        2         12024         13891
     26        1         11516         26195
     27        2         16997         16223
     28        2         13148         14069
     29        2         11698         14500
     30        1         10649         16548
     31        2         12536         15553
     32        1         11386         15385
     33        2         12411         14501
     34        2         11207         13294
     35        2         11698         15269
     36        1         12662         15034
     37        2         11132         15399
     38        1         10949         14973
     39        2         10957         14990
     40        2         11720        333487
     41        1         12599         17570
     42        2         13273         15518
     43        2         11934         15347
     44        1         11214         22262
     45        2         12799         14699
     46        2         11745         20714
     47        2         12772         14448
     48        2         12964         15825
     49        2         13049         14488
