Attempt Distance          Time         TTime
      0        2           381           381
      1        2            91           208
      2        2            88           208
      3        1            22           139
      4        0             4           132
      5        2            59           224
      6        2           208           227
      7        2           165           193
      8        1            30           310
      9        2           201           348
     10        1            41           170
     11        2            64           416
     12        1            42           100
     13        2            90           169
     14        1            21            90
     15        1            11            90
     16        1            15            86
     17        1            16            90
     18        2            31            46
     19        1             7            37
     20        1             6            38
     21        2            17            38
     22        2            23            40
     23        2            20            41
     24        2            21            45
     25        2            23            38
     26        3            50           429
     27        2            58            93
     28        2            50           107
     29        1            14           138
     30        1            11            66
     31        2            31            78
     32        1            13            67
     33        2            33            66
     34        2            39            79
     35        3            65            70
     36        2            36            64
     37        1             9            60
     38        1            35            88
     39        2            28            54
     40        1             8            53
     41        2            30            50
     42        2           115           128
     43        2            28            72
     44        2            24            53
     45        1             6            49
     46        2            25            55
     47        1            21            54
     48        1             6            48
     49        2            30            46
Attempt Distance          Time         TTime
      0        2         28298         12646
      1        2         12500         12201
      2        2         12777         12951
      3        1         12484         12525
      4        0         13312         13870
      5        2         12918         13086
      6        2         13058         13050
      7        2         13212         12852
      8        1         12988         11879
      9        2         13670         13042
     10        1        233094         12609
     11        2         12934         12584
     12        1         14386         18124
     13        2         14846         12824
     14        1         12247         12008
     15        1         13851         14473
     16        1         12010         12131
     17        1         12088         12825
     18        2         11380         12109
     19        1         12751         11739
     20        1         14449         12496
     21        2         13242         14772
     22        2         13075         14792
     23        2         12318         12382
     24        2         12373         13889
     25        2         12783         15753
     26        3         13498         12628
     27        2         15643         14484
     28        2         14308         13138
     29        1         14935         12760
     30        1         14066         14797
     31        2         12993         11989
     32        1         13429         13262
     33        2         12624         12247
     34        2         11935         12826
     35        3         12464         12639
     36        2         13409         12913
     37        1         11973         12323
     38        1         12620         14632
     39        2         12289         11802
     40        1         12104         11625
     41        2         12050         11887
     42        2         12818         11604
     43        2         14798         17342
     44        2         12895         16965
     45        1         12299         11607
     46        2         11512         11507
     47        1         11944         13442
     48        1         13077         13584
     49        2         13272         12739
Attempt Distance          Time         TTime
      0        2         58854         23056
      1        2         61066         15522
      2        2        124431         17175
      3        1         13440         15973
Standard and transitive algorithms inconsistent (0 != 1)
      5        2         57297         15448
      6        2         61408         15843
      7        2        112566         14714
      8        1         11083         15257
      9        2        112715         15393
     10        1         11007         16391
     11        2         75975         14105
     12        1         10869         16583
     13        2         95640         13556
     14        1         13710         14763
     15        1         11172         15491
     16        1         10451         15281
     17        1         10882         14306
     18        2        111084         14877
     19        1         10192         15152
     20        1         11099         13587
     21        2         55145         15580
     22        2         93026         14500
     23        2         85059         15102
     24        2         77179         15198
     25        2         76320         14973
     26        3        179159         15896
     27        2         67498         18897
     28        2        126565         14912
     29        1         10813         16925
     30        1         16140         16029
     31        2         52749         16416
     32        1         10283         14444
     33        2         51723         15636
     34        2         78094         15510
     35        3        224440         16362
     36        2        187130         17979
     37        1         10232         17780
     38        1         10090         13437
     39        2         75018         15840
     40        1         11807         16739
     41        2         84351         20226
     42        2         82131         16316
     43        2         71888         15508
     44        2         79533         19720
     45        1         10981         16050
     46        2         82431         14369
     47        1         10729         14041
     48        1         10379         17141
     49        2        107534         15486
Attempt Distance          Time         TTime
      0        2         12106         15574
      1        2         14173         20833
      2        2         12929         17569
      3        1         10654         20030
Standard and transitive algorithms inconsistent (0 != 1)
      5        2         12078         13839
      6        2         12993         16904
      7        2         12549         14732
      8        1         11702         14173
      9        2         13004         15017
     10        1         11502         13611
     11        2         12554         15755
     12        1         10939         14232
     13        2         12591         14138
     14        1         11611         15564
     15        1         11784         14595
     16        1         10720         17532
     17        1         11886         17694
     18        2         12190         16128
     19        1         11493         15937
     20        1         11319         14989
     21        2         12095         15880
     22        2         13661         16860
     23        2         12543         13763
     24        2         12209         15741
     25        2         13446         14116
     26        3         13910         14041
     27        2         12506         15011
     28        2         11752         13627
     29        1         10805         15030
     30        1         13642         14906
     31        2         11337         14199
     32        1         10946         13679
     33        2         11300         14256
     34        2         21921         14331
     35        3         14742         12773
     36        2         11215         15152
     37        1         11834         13921
     38        1         11510         14656
     39        2         14498         13955
     40        1         11627         14671
     41        2         11464         15286
     42        2         13178         17431
     43        2         12986         14703
     44        2         12350         18090
     45        1         11645         16094
     46        2         13201         14509
     47        1         11245         14795
     48        1         11500         13936
     49        2         12304         17320
