Attempt Distance          Time         TTime
      0        2           179           140
      1        2            25            74
      2        2            20           106
      3        2            33            55
      4        4            30            26
      5        5            49           539
      6        1            19            34
      7        5            55           503
      8        2            32            83
      9        3            40            67
     10        3            34            44
     11        1            14            49
     12        0             4            55
     13        4           348            94
     14        0             6            42
     15        4            37            24
     16        3            23            27
     17        5            29           444
     18        4            41            32
     19        2            14            31
     20        0             2            34
     21        2            27            41
     22        3            33            40
     23        3            47            47
     24        2            26            42
     25        3            41            49
     26        3            47            50
     27        1            13            49
     28        4           123            49
     29        3            40            46
     30        3            26            92
     31        0             2            44
     32        6            67           406
     33        5           135           459
     34        5            67           540
     35        0             4            44
     36        1            40            27
     37        4            44            29
     38        4            25            48
     39        2            14            34
     40        2           103            33
     41       -1            42           654
     42        1             9            59
     43        1             9            38
     44        4            21           109
     45       -1           111           398
     46        2            67            42
     47        2            10            18
     48        2             7            17
     49        4            13            13
Attempt Distance          Time         TTime
      0        2         28185         11964
      1        2         14340         12523
      2        2         13407         13080
      3        2         15303         13138
      4        4         12765         11120
      5        5         13196         12796
      6        1         12520         12855
      7        5         12931         12373
      8        2         13056         13453
      9        3         13790         11846
     10        3         12776         12108
     11        1         12289         12654
     12        0         11970         12081
     13        4         18988         13693
     14        0         13260         11778
     15        4         18029         12829
     16        3         12716         14446
     17        5         11406         11939
     18        4         12368         14372
     19        2         13065         12194
     20        0         12038         13123
     21        2         13412         11923
     22        3         11806         12313
     23        3         11979         12017
     24        2         11804         13009
     25        3         12050         12305
     26        3         12121         13962
     27        1         21263         11412
     28        4         11475         12644
     29        3         11662         11786
     30        3         11670         11281
     31        0         11641         11747
     32        6         12339         12023
     33        5         12446         12545
     34        5         11714         13511
     35        0         11408         11458
     36        1         18456         11944
     37        4         11968         10907
     38        4         12456         12823
     39        2         12611         11692
     40        2         12651         12767
     41       -1         12220         11824
     42        1         15880         12618
     43        1         11765         11739
     44        4         11690         12109
     45       -1         12244         10895
     46        2         12185         13022
     47        2         13850         13272
     48        2         12889         12558
     49        4         12067         11491
Attempt Distance          Time         TTime
      0        2         64985         19884
      1        2         40173         18656
      2        2         50700         15556
      3        2         58400         15856
      4        4        104452         14123
      5        5        192984        439242
      6        1         10725         14451
      7        5        185229        356603
      8        2         54155         18299
      9        3        109190         13920
     10        3         89411         16044
     11        1         12256         15211
Standard and transitive algorithms inconsistent (0 != 3)
     13        4        171520         13744
Standard and transitive algorithms inconsistent (0 != 1)
     15        4        153376         13605
     16        3        124249         16297
     17        5        157352        292290
     18        4        180119         16011
     19        2         49522         15415
Standard and transitive algorithms inconsistent (0 != 1)
     21        2         55562         14710
     22        3         92964         15642
     23        3        156295         14840
     24        2         48035         14851
     25        3        104279         14068
     26        3        129873         15328
     27        1          9683         13923
     28        4        100425         13227
     29        3        124595         20087
     30        3         94191         16548
Standard and transitive algorithms inconsistent (0 != 4)
     32        6        193881        655067
     33        5        151136        290399
     34        5        233034        393002
Standard and transitive algorithms inconsistent (0 != 2)
     36        1         10795         16419
     37        4        173765         17079
     38        4        129117         12936
     39        2         62035         14405
     40        2         40337         13279
     41       -1        417435       3401194
     42        1         10850         13192
     43        1          9673         13768
     44        4        108644         12527
     45       -1        272569       3628486
     46        2         58310         14159
     47        2         43571         13871
     48        2         53709         15423
     49        4         96811         13238
Attempt Distance          Time         TTime
      0        2         12165         14613
      1        2         13814         14494
      2        2         11684         15707
      3        2         12970         15028
      4        4         14061         14390
      5        5         13459         30222
      6        1         11430         12959
      7        5         14392         34066
      8        2         21177         14919
      9        3         13494         14774
     10        3         12323         15302
     11        1         11747         13886
Standard and transitive algorithms inconsistent (0 != 3)
     13        4         14441         14624
Standard and transitive algorithms inconsistent (0 != 1)
     15        4         13373         14620
     16        3         14629         14566
     17        5         12856         27314
     18        4         13259         15676
     19        2         11046         13162
Standard and transitive algorithms inconsistent (0 != 1)
     21        2         12644         14438
     22        3         12189         13773
     23        3         14996         14123
     24        2         44693         13751
     25        3         14136         15006
     26        3         13427         15712
     27        1         13238         13689
     28        4         11433         12132
     29        3         12425         17198
     30        3         13046         14245
Standard and transitive algorithms inconsistent (0 != 4)
     32        6         12324         37396
     33        5         11979         36512
     34        5         13880         32525
Standard and transitive algorithms inconsistent (0 != 2)
     36        1         10566         13259
     37        4         13477         11929
     38        4         12177         15068
     39        2         12296         14462
     40        2         12074         16565
     41       -1         14040         44236
     42        1         11869         13349
     43        1         13246         13633
     44        4         11542         12324
     45       -1         14626         46016
     46        2         11809         13843
     47        2         12773         17398
     48        2         11390         22046
     49        4         12201         13980
