Attempt Distance          Time         TTime
      0        2           208           237
      1        4           183           114
      2        1            18           170
      3        1            32           112
      4        1            67           210
      5        2            38            63
      6        2            33            82
      7        3            30            37
      8        2            54            47
      9        3            47            39
     10        2            97           228
     11        3            44            55
     12        4            56           145
     13        3            52            41
     14        2            21            37
     15        0             2            43
     16        2            11            36
     17        2            19           115
     18        1             9            48
     19        4            67            45
     20        3            24            34
     21        3            36            45
     22        2            35            65
     23        1            25            42
     24        3            27            34
     25        2            60            43
     26       -1            52           624
     27        2            45            44
     28        2            23            32
     29        2            15            39
     30        1            10            34
     31        3            21            36
     32       -1            53           429
     33        1             7            37
     34       -1            43          1012
     35        2           147            61
     36        2            26            56
     37        3            39            52
     38        2            23            52
     39        2            28            49
     40        2            25            55
     41        3            52            42
     42        1            23            58
     43        2            14            47
     44        2            35            57
     45        3           134            54
     46        2            17            41
     47        3            33            46
     48        2            20            40
     49        2            58            43
Attempt Distance          Time         TTime
      0        2         25293         13194
      1        4         15272         12398
      2        1         13035         12313
      3        1         13289         12945
      4        1         12379         11363
      5        2         13251         13402
      6        2         13531         12430
      7        3         12793         12502
      8        2         12737         12673
      9        3         12768         12363
     10        2         12194         18972
     11        3         15099         12052
     12        4         12657         11842
     13        3         13142         12966
     14        2         14905        236402
     15        0         12277         13335
     16        2         15619         12922
     17        2         13838         12779
     18        1         12763         13130
     19        4         18449         14080
     20        3         12549         12463
     21        3         12079         12185
     22        2         11385         12786
     23        1         11473         12452
     24        3         12187         15136
     25        2         11808         12808
     26       -1         12311         23672
     27        2         11788         12202
     28        2         13307         11657
     29        2         11260         12269
     30        1         12549         12171
     31        3         12601         11828
     32       -1         12369         14306
     33        1         14353         11987
     34       -1         13963         12431
     35        2         12474         14150
     36        2         14342         11799
     37        3         13670         16037
     38        2         13271         12249
     39        2         13527         12108
     40        2         12170         16703
     41        3         12699         11920
     42        1         11550         11277
     43        2         11526         11530
     44        2         13193         12638
     45        3         11747         12198
     46        2         11537         13629
     47        3         14400         12785
     48        2         15573         12389
     49        2         12096         12379
Attempt Distance          Time         TTime
      0        2         79245         17944
      1        4        203656         16365
      2        1         12616         16722
      3        1         13747         15762
      4        1         10271         15570
      5        2         72415         16964
      6        2         44999         15105
      7        3         93153         15587
      8        2         43375         24047
      9        3        134004         14557
     10        2         55360         15741
     11        3        137695         15450
     12        4        191093         14908
     13        3        146671         15825
     14        2         60680         13752

     16        2         31154         15523
     17        2         45788         15554
     18        1         10885         14932
     19        4        202968         15485
     20        3         86369         15343
     21        3        146401         17014
     22        2         56854         15701
     23        1         10063         14898
     24        3        109358         15729
     25        2         74498         14450
     26       -1        226390       4181582
     27        2         82149         15578
     28        2         56528         14154
     29        2         33477         14779
     30        1          9203         14908
     31        3         96894         13754
     32       -1        211862       4876059
     33        1         10469         16752
     34       -1        207067       4646348
     35        2         39126         14960
     36        2         55035         13709
     37        3         89820         13852
     38        2         54205         14901
     39        2         61939         27614
     40        2         34181         19826
     41        3         92157         16373
     42        1         11346         22308
     43        2         25768         13054
     44        2         80179         16190
     45        3        141797         14120
     46        2         45560         15407
     47        3         88821         13745
     48        2         63781         15503
     49        2         46378         14360
Attempt Distance          Time         TTime
      0        2         13618         14623
      1        4         14250         17723
      2        1         11525         15785
      3        1         12263         14941
      4        1         12174         12452
      5        2         11233         14490
      6        2         11126         15704
      7        3         12676         15357
      8        2         11472         13713
      9        3         13335         16617
     10        2         28578         15378
     11        3         12902         14325
     12        4         14704         20636
     13        3         13463         14481
     14        2         12264         15960

     16        2         11188         14972
     17        2         12364         13967
     18        1         11477         14794
     19        4         13638         13877
     20        3         13913         14125
     21        3         12838         42522
     22        2         11876         15741
     23        1         12357         13706
     24        3         13151         14578
     25        2         12239         13983
     26       -1         13752         58700
     27        2         12214         13628
     28        2         11309         13666
     29        2         12348         15753
     30        1         11823         14941
     31        3         12461         15591
     32       -1         14144         67578
     33        1         11074         13326
     34       -1         13471         56597
     35        2         11506         12841
     36        2         11209         14837
     37        3         12134         13827
     38        2         12740         14223
     39        2         11471         17561
     40        2         11881         14744
     41        3         12972         13574
     42        1         10796        228880
     43        2         11602         14394
     44        2         12869         16248
     45        3         20105         17661
     46        2         13424         18646
     47        3         12886         14342
     48        2         14151         21130
     49        2         17299         15394
