Attempt Distance          Time         TTime
      0        2           429           183
      1        4           125           133
      2        2            26            36
      3        3            50            47
      4        4            53            61
      5        4            40            39
      6        3            62           391
      7        3            49            97
      8        2           116           277
      9        2            79            99
     10        3            55            62
     11        1            56            66
     12        3            37            47
     13       -1            31            23
     14       -1           123           610
     15        4            40            38
     16        0             5           227
     17        4            74            47
     18        1            23            64
     19        4           157           178
     20       -1           131           528
     21        3           342           127
     22        4            56           156
     23        3            42            42
     24        2            26            48
     25        5            51           305
     26        4            41            35
     27        4            47            38
     28        3            22            38
     29        3            23            57
     30       -1            71           559
     31        3            33            55
     32        4            40            30
     33        1            10            35
     34        3            40            54
     35        0             4           126
     36        2            31            64
     37        5           148           336
     38        4            93            39
     39       -1            35            22
     40        1            16            51
     41        3            21           102
     42        4            31            30
     43        4            36            46
     44       -1           156           567
     45        0             4            76
     46        3            47            42
     47        1             4            17
     48        1            13            50
     49        0             2            25
Attempt Distance          Time         TTime
      0        2         28604         11547
      1        4         14069         11701
      2        2         12128         13699
      3        3         13828         13484
      4        4         12893         13827
      5        4         12079         14443
      6        3         12174         13413
      7        3         12293         11910
      8        2         12341         11921
      9        2         12311         11873
     10        3         11120         12035
     11        1         11552         11759
     12        3         13432         12249
     13       -1         12171         13167
     14       -1         11542         12290
     15        4         11775         11704
     16        0         12636         12328
     17        4         13101         12002
     18        1         11798         12375
     19        4         12267         12679
     20       -1         11870         12966
     21        3         12569         13463
     22        4         12265         11736
     23        3         11765         12083
     24        2         12649         12061
     25        5         11887         12810
     26        4         12072         12144
     27        4         12343         11483
     28        3         12983         11342
     29        3         11138         12719
     30       -1         12879         11546
     31        3         11839         11173
     32        4         13004         10755
     33        1         11935         11690
     34        3         13371         11139
     35        0         12090         11910
     36        2         13310         11495
     37        5         11175         11535
     38        4         11740         11475
     39       -1         12472         12187
     40        1         11749         11685
     41        3         11408         11583
     42        4          9935         11227
     43        4         11236         11378
     44       -1         11534         11435
     45        0         11471         12910
     46        3         11990         13407
     47        1         10945         12513
     48        1        228413         12325
     49        0         12234         12477
Attempt Distance          Time         TTime
      0        2         89713         24941
      1        4        166847         14310
      2        2         59958         14074
      3        3        145759         14040
      4        4        157233         13946
      5        4        350270         35034
      6        3         99691         18790
      7        3         62193         15094
      8        2         60465         13714
      9        2         45571         17004
     10        3        105438         16326
     11        1         11056         22854
     12        3         33689         24758
     13       -1         26802         11032
     14       -1        206466       3765298
     15        4        138281         13020
Standard and transitive algorithms inconsistent (0 != 2)
     17        4        150965         14775
     18        1         12563         18068
     19        4         45646         11641
     20       -1        209062       3179029
     21        3        112047         13720
     22        4        301014         13214
     23        3        141010         14083
     24        2         42553         14054
     25        5         96125        169822
     26        4        155660         13257
     27        4        163370         15095
     28        3        273557         14673
     29        3         59718         13137
     30       -1        200831       3112989
     31        3         61108         12582
     32        4         88053         12608
     33        1         10221         12571
     34        3         71192         12951
Standard and transitive algorithms inconsistent (0 != 2)
     36        2         53416         15314
     37        5        106620        160480
     38        4        113918         17702
     39       -1         34008         12499
     40        1         12203         21643
     41        3         90132         14891
     42        4         84431         12181
     43        4         92603         14242
     44       -1        185887       2941111
Standard and transitive algorithms inconsistent (0 != 2)
     46        3        136094         13707
     47        1         10060         10989
     48        1         20558         14982
Standard and transitive algorithms inconsistent (0 != 4)
Attempt Distance          Time         TTime
      0        2         13956         14883
      1        4         15352         16345
      2        2         12062         13526
      3        3         12756         14157
      4        4         13097         13047
      5        4         13382         15100
      6        3         13777         18587
      7        3         20540         18034
      8        2         16288         17410
      9        2         12257         15689
     10        3         13296         18463
     11        1         11554         13148
     12        3         10819         12479
     13       -1         11661         16027
     14       -1         18180         41752
     15        4         11933         13195
Standard and transitive algorithms inconsistent (0 != 2)
     17        4         13299         14997
     18        1         10385         14433
     19        4         11695         13738
     20       -1         14021         44130
     21        3         13294         14972
     22        4         15162         13215
     23        3         12664         23523
     24        2         12440         14573
     25        5         12992         24973
     26        4         11491         13574
     27        4         14837         19337
     28        3         11105         12085
     29        3         11311         17190
     30       -1         13690         50193
     31        3         13436         13879
     32        4         12838         13274
     33        1         13102         13118
     34        3         18662         13971
Standard and transitive algorithms inconsistent (0 != 2)
     36        2         12054         14284
     37        5         11759         25424
     38        4         11826         12982
     39       -1         12610         11150
     40        1         10797         14249
     41        3         11640         13255
     42        4         13248         19338
     43        4         13024         14704
     44       -1         14448         49329
Standard and transitive algorithms inconsistent (0 != 2)
     46        3         12577         14685
     47        1         10964         15695
     48        1         12213         15079
Standard and transitive algorithms inconsistent (0 != 4)
