Attempt Distance          Time         TTime
      0        2           324           537
      1        0            13           601
      2        4           389           187
      3        2            95           456
      4        1            36           407
      5        2           100           320
      6        2            99           293
      7        2           193           192
      8        2           132           145
      9        2            96            84
     10        3           111            73
     11        1            14           107
     12        2            64            90
     13        1            18            70
     14        2            33            71
     15        2            33           157
     16        1            11            70
     17        2            32            65
     18        2            27            72
     19        2            57            89
     20        0             8           111
     21        2            71           142
     22        1            28           115
     23        2            54           107
     24        2            45           110
     25        3           135           142
     26        2            91           109
     27        0             8           202
     28        2            31           106
     29        1            17            61
     30        0           135            72
     31        2            33            72
     32        2            31            72
     33        1            10            67
     34        1            13            62
     35        1            13            63
     36        1            15            69
     37        1            24            84
     38        2            41           119
     39        2            65           160
     40        2            17            36
     41        1             9            97
     42        2            24            40
     43        2            38           149
     44        2            26            61
     45        3            22            29
     46        2            20            52
     47        2            16            65
     48        2            15            31
     49        2            23            34
Attempt Distance          Time         TTime
      0        2         25926         13274
      1        0         12938         11870
      2        4         13321         14724
      3        2         13467         12713
      4        1         12871         12073
      5        2         13005         12779
      6        2         13103         12920
      7        2         12527         12117
      8        2         12764         12347
      9        2         12994         14799
     10        3         14869         14307
     11        1         14586         13331
     12        2         12948         12152
     13        1         11864         12598
     14        2         14111         13411
     15        2         12318         12972
     16        1         12964         12294
     17        2         12537         14219
     18        2         12325         12521
     19        2         12963         13295
     20        0         13233         14221
     21        2         14078         12015
     22        1         22935         12554
     23        2         12544         13145
     24        2         12848         16151
     25        3         17280         12821
     26        2         11846         12928
     27        0         12275         13338
     28        2         12099         11998
     29        1         12853         13306
     30        0         12808         11644
     31        2         12049         12725
     32        2         13066         15040
     33        1         13931         13213
     34        1         12410         12507
     35        1         12414         14136
     36        1         13326         13215
     37        1         12310         16752
     38        2         12283         13515
     39        2         11690         12762
     40        2         13355         14819
     41        1         12712         12982
     42        2         12872         12571
     43        2         13150         12758
     44        2         12883         13233
     45        3         13045         13406
     46        2         12414         12472
     47        2         14665         13903
     48        2         13588         12460
     49        2         12441         12313
Attempt Distance          Time         TTime
      0        2        302971         19825
Standard and transitive algorithms inconsistent (0 != 1)
      2        4        239632         20460
      3        2         49796         14371
      4        1         10967         15819
      5        2         85705         18509
      6        2         32190         15861
      7        2         32502         15513
      8        2         56714         14378
      9        2         55167         16812
     10        3        164420         16028
     11        1          9928         16496
     12        2         56127         16614
     13        1         11177         17301
     14        2         66729         15653
     15        2         55939         17005
     16        1         10560         14579
     17        2         58020         15795
     18        2         55591         18586
     19        2         71825         16969
Standard and transitive algorithms inconsistent (0 != 2)
     21        2         88478         16060
     22        1         11398         16073
     23        2         70055         15093
     24        2         58443         18756
     25        3        224469         19281
     26        2         86934         18813
Standard and transitive algorithms inconsistent (0 != 2)
     28        2         46420         16567
     29        1         10845         14917
Standard and transitive algorithms inconsistent (0 != 2)
     31        2         71628         15622
     32        2         60477         16612
     33        1         10900         15027
     34        1         10229         14789
     35        1         20016         16458
     36        1         10279         14457
     37        1         10902         14692
     38        2         32311         13845
     39        2         78600         15406
     40        2         53675         14916
     41        1         10389         14390
     42        2         67631         15650
     43        2         48777         15565
     44        2         76937         55641
     45        3        108670         17828
     46        2         83578         18269
     47        2         93299         18151
     48        2         54544         14135
     49        2         65028         15569
Attempt Distance          Time         TTime
      0        2         12206         14790
Standard and transitive algorithms inconsistent (0 != 1)
      2        4         14728         15298
      3        2         12785         15717
      4        1         11143         15960
      5        2         11234         13623
      6        2         11905         15128
      7        2         10877         15376
      8        2         12026         17186
      9        2         12161         15202
     10        3         15832         14472
     11        1         11038         14178
     12        2         13378         15300
     13        1         11632         15000
     14        2         11903         13373
     15        2         12941         15317
     16        1         11173         14628
     17        2         12308         16132
     18        2         11024         15817
     19        2         12012         15318
Standard and transitive algorithms inconsistent (0 != 2)
     21        2         14011         15869
     22        1         12228         14807
     23        2         11991         17497
     24        2         14369         14745
     25        3         14010         15560
     26        2         13215         15083
Standard and transitive algorithms inconsistent (0 != 2)
     28        2         12046         15235
     29        1         11684         13998
Standard and transitive algorithms inconsistent (0 != 2)
     31        2         12614         13996
     32        2         11227         14353
     33        1         11159         13745
     34        1         13321         13735
     35        1         12023         15186
     36        1         10781         14911
     37        1         11142         14761
     38        2         11968         15289
     39        2         12539         16809
     40        2         12593         14137
     41        1         11869         16745
     42        2         12575         13693
     43        2         12757         18055
     44        2         13097         13738
     45        3         13806         18158
     46        2         13722         15214
     47        2         12650         15996
     48        2         13131         16206
     49        2         12678         15808
