Attempt Distance          Time         TTime
      0        1           705         48490
      1        2         11376         26243
      2        2          9263         34318
      3        0             3         20009
      4        2          6996         18208
      5        2          3837         16923
      6        2          4331         14437
      7        2          4923         17382
      8        2          4822         20106
      9        1            73         20459
     10        1            87         20818
     11        2          6209         20667
     12        2          4657         20548
     13        2          6560         19429
     14        2          5472         21205
     15        2          5831         31766
     16        2          5940         24406
     17        2          6561         31806
     18        2         10086         26990
     19        1           125         32575
     20        1           553         23502
     21        2          4150         30128
     22        2          9585         24337
     23        2         12920         31073
     24        2          5916         29104
     25        2         10635         37728
     26        2          5690         32484
     27        2         11531         28635
     28        2          5688         27763
     29        2          5325         23560
     30        2          5010         21695
     31        2          9772         23896
     32        2          9432         24757
     33        2         10817         24561
     34        2          6486         21208
     35        2          9422         27889
     36        2          7849         20864
     37        2          9726         30847
     38        2          5189         21790
     39        2          8296         27130
     40        2          7047         28329
     41        2          4862         33825
     42        2          2770          9812
     43        2          2495         10867
     44        2          5028         10105
     45        1            41         10317
     46        1           188         12633
     47        2          2383         10283
     48        2          2446         11019
     49        2          3819         14730
