Attempt Distance          Time         TTime
      0        2         10954         25632
      1        2          6455         26581
      2        1           104         23572
      3        2          5549         22971
      4        2          8559         22817
      5        1            81         24661
      6        2          7696         18768
      7        2          5116         17740
      8        2          7552         25309
      9        2          6363         20309
     10        1            78         24854
     11        2         14764         27001
     12        2          7299         17813
     13        2          5367         28311
     14        2          7266         31797
     15        2          7546         29916
     16        1            75         37207
     17        2          9876         25367
     18        2          7891         29688
     19        2          5607         18556
     20        2          4399         16893
     21        2          3729         19865
     22        1            49         23950
     23        2          5898         17962
     24        1            94         23069
     25        2          5538         16781
     26        1            74         19261
     27        2          5630         21946
     28        2          5233         17365
     29        2          7381         19869
     30        2          5506         19680
     31        2          5841         18486
     32        2          6783         16761
     33        1           387         26457
     34        2         12575         21062
     35        1            92         28471
     36        2          6515         21264
     37        2          6452         21268
     38        2         10822         19329
     39        2          7551         41755
     40        2          2695         11497
     41        2          3195         11899
     42        2          2740         11434
     43        1            39         12614
     44        2          4335         11306
     45        1            42          9314
     46        2          2831         11141
     47        2          2381         11252
     48        2          3589         15040
     49        1            41         13508
