Attempt Distance          Time         TTime
      0        1           504         15864
      1        2          2814         13382
      2        1           175         15114
      3        2          1773          9804
      4        2          2032          9231
      5        2          2525          8531
      6        2          1785          7853
      7        2          1595          9745
      8        2          1345          9974
      9        2          1616          8434
     10        2          1795          7608
     11        2          1755          9723
     12        2          2144         10245
     13        2          1675          8082
     14        2          2254          9460
     15        2          1786          8516
     16        2          1373         10417
     17        1            35         12026
     18        1            94          9036
     19        2          1509         10311
     20        2          1628          8498
     21        2          2818          8570
     22        2          1602         10744
     23        2          2277          8886
     24        2          1400          7980
     25        2          1601         11159
     26        2          1408          9490
     27        2          1729          9928
     28        2          2890          8236
     29        1            33          9630
     30        1            26          7525
     31        1            38         10885
     32        2          2876          8056
     33        1            30         11127
     34        2          1676          8382
     35        2          1384          7810
     36        1            73          8242
     37        1            27          8793
     38        2          2113         15220
     39        2          1689         13032
     40        2          2115          8042
     41        2          1562          7997
     42        2          1361         11133
     43        2          2820          7878
     44        1            26         14143
     45        1            45         12468
     46        2          1489         11098
     47        2          2218          9685
     48        2          2936         10060
     49        2          2457         17609
