Attempt Distance          Time         TTime
      0        2         14614         27602
      1        2          6926         22235
      2        2          5526         22887
      3        2          8319         24926
      4        1            95         25299
      5        2         10033         26287
      6        1            69         25594
      7        2          9151         22448
      8        2          7761         19372
      9        2          9825         22268
     10        2          9347         23217
     11        2          7139         23945
     12        2          7459         20240
     13        2          8205         27850
     14        1           111         23607
     15        2          7662         30397
     16        2          8005         23106
     17        2         12506         28700
     18        1           147         32314
     19        2          8754         32630
     20        2         11461         36584
     21        2         12244         29772
     22        2          7651         20913
     23        2          9578         24606
     24        2          8396         19781
     25        2          9133         23963
     26        2          8313         23170
     27        1            69         24318
     28        2         10020         18428
     29        1            66         24690
     30        1            75         23972
     31        2          8122         18824
     32        1            51         27202
     33        1            52         22907
     34        1            74         21831
     35        2          8357         36749
     36        2         12341         51120
     37        2          4676         14164
     38        2          7583         13874
     39        2          3748         13203
     40        2          5544         11342
     41        1            45         10659
     42        1            41         12131
     43        2          3025         15024
     44        2          4517         13127
     45        2          4355         13267
     46        2          4756         17276
     47        2          4626         12450
     48        2          4255         12102
     49        2          3027         27347
