Attempt Distance          Time         TTime
      0        2          3829         25984
      1        2          3096         17491
      2        2          4094         17298
      3        2          1249         16957
      4        2          2333         20427
      5        1           276         15695
      6        2          2007         18476
      7        2          1192         15151
      8        2          1467         12717
      9        2          1403         13650
     10        2          1701         12928
     11        2          1991         15579
     12        2          1897         14403
     13        2          1628         14740
     14        2          2483         12885
     15        2          1667         14106
     16        1            41         12312
     17        2          1355         11591
     18        2          1481          7900
     19        2          2884         12054
     20        2          4542         12064
     21        2          1522          8199
     22        2          1266         11851
     23        2          1175         11754
     24        2          1531         13751
     25        2          3068         14338
     26        2          1904         12988
     27        2          1429          6612
     28        2           900         11469
     29        2          1009         11312
     30        2          1101          6575
     31        2          3143         11870
     32        2          1542         11077
     33        1            29         11319
     34        2          1285          7405
     35        2          3818         12257
     36        2          2999         19771
     37        2          2796         34286
     38        2          2313         39573
     39        2          7754         16192
     40        1            35         17223
     41        2          6210          8860
     42        2          1435         32191
     43        2          4629          8737
     44        2          1201         12645
     45        2           710          9552
     46        2          1600          6801
     47        2          1241         10188
     48        2          1659          7487
     49        2          2454          7219
