Attempt Distance          Time         TTime
      0        2         26483         44253
      1        1            89         61561
      2        1           238         57603
      3        2         25694         80565
      4        2         17434         46217
      5        2         20571         67380
      6        1           155         47012
      7        1           246         62854
      8        2         30829         55026
      9        1            90         44817
     10        2         17742         38493
     11        2         19532         34132
     12        1            83         45182
     13        1           193         49013
     14        2         20022         50880
     15        2         66391         21431
     16        2         10192         20717
     17        2         12982         19321
     18        2         28022         16937
     19        1            99         19639
     20        1            67         17362
     21        2          9488         19621
     22        1            77         21778
     23        2         19218         47137
     24        1           182         65863
     25        2         21968         46135
     26        1           183         37670
     27        1           232         37539
     28        2         11410         21987
     29        2         10332         25371
     30        1           119         21358
     31        1           100         20764
     32        1           103         20371
     33        1            85         17619
     34        2         11055         21072
     35        2          8868         15986
     36        1           161         15133
     37        2          7118         18636
     38        1            59         17165
     39        1            65         27533
     40        1           120         27536
     41        2          8861         23939
     42        2          9646         21265
     43        2         10536         26951
     44        2         12518         36352
     45        2         19247         37567
     46        2         11492         28441
     47        2         11743         29575
     48        2         10247         22224
     49        2         15717         27952
