Attempt Distance          Time         TTime
      0        2          9064         19440
      1        2          5369         26708
      2        2          4368         15044
      3        2          5709         15024
      4        1           173         29681
      5        1           123         18888
      6        2          4667         20657
      7        2          6711         17425
      8        2          4861         24811
      9        2          6606         19980
     10        2          8164         23340
     11        2          5519         19851
     12        2          7734         19752
     13        2          6473         15806
     14        2          4588         18289
     15        1            77         16477
     16        2          4200         14835
     17        2          5057         19562
     18        2          5811         14663
     19        1            69         17309
     20        2          4560         17980
     21        2          4305         15286
     22        1            39         16935
     23        2          5197         17826
     24        2          5625         15452
     25        1            48         16726
     26        1            46         18087
     27        2          5355         14819
     28        2          5444         16591
     29        2          4463         19504
     30        1            47         21189
     31        2         11130         18226
     32        2          5506         21199
     33        1            61         20332
     34        1            62         18889
     35        1            43         22118
     36        2          5088         18264
     37        2          4393         16482
     38        2          5284         21526
     39        2          4210         15103
     40        1            33         17086
     41        1            90         17395
     42        2          5805         13721
     43        1            72         15501
     44        2          4834         35259
     45        2          2139         13983
     46        2          4237         12714
     47        2          3278         13351
     48        2         20033         10300
     49        2          3118         10702
