Attempt Distance          Time         TTime
      0        2         14872         30882
      1        1           109         21866
      2        1           151         30552
      3        2          9232         23282
      4        2         10955         37992
      5        2         16918         27605
      6        2          5829         30532
      7        2         12668         63196
      8        1           122         32409
      9        2          6859         26536
     10        2          4300         25725
     11        2          5432         20139
     12        2          7184         19751
     13        2          5410         25276
     14        2          6982         22357
     15        2          4732         18942
     16        2         11581         21066
     17        2          8223         21419
     18        2          4999         33596
     19        2          8950         31647
     20        2          6498         25287
     21        1            69         23771
     22        2         13633         20178
     23        2          8396         24046
     24        2          9697         21868
     25        2          9764         23108
     26        2          7713         22095
     27        2         11737         23157
     28        2         11109         22078
     29        1            58         27925
     30        2          5260         25088
     31        2          9139         29609
     32        2          9950         20555
     33        2          8818         27658
     34        2          9345         29047
     35        2          7799         32535
     36        2          5166         28845
     37        2          8913         24514
     38        2         10491         30133
     39        2          9279         55745
     40        2          4014         12604
     41        2          2282         10003
     42        2          4439          9664
     43        2          2203         13583
     44        2          2604         10261
     45        1            42         11143
     46        1            49         12054
     47        2          2181         20368
     48        2          4065         11122
     49        2          2302         18115
