Attempt Distance          Time         TTime
      0        2         23278         41812
      1        2         16723         34605
      2        2         16255         32197
      3        2         17229         30705
      4        2         16632         30549
      5        2         16621         31262
      6        2         14932         28184
      7        2         19269         29719
      8        2         15623         41487
      9        1            84         34792
     10        2         17267         53206
     11        1           221         49306
     12        1           100         48329
     13        2         17669         38891
     14        2         13625         28584
     15        2         14891         36213
     16        1            98         39218
     17        2         15475         31887
     18        2         12462         31466
     19        2         17379         33426
     20        2         15507         33654
     21        2         19567         33939
     22        2         13938         31199
     23        2         13272         40746
     24        2         13159         30577
     25        2         17427         33960
     26        2          7506         14677
     27        2          7155         14946
     28        1            68         16651
     29        2         23100         13295
     30        1            63         17093
     31        1            47         15491
     32        2          7142         14459
     33        1           126         17966
     34        2          6008         15050
     35        1            52         18551
     36        2          5682         16952
     37        2          6013         14920
     38        2          5641         14772
     39        2          6078         16244
     40        2          6929         14209
     41        2          4879         18737
     42        2         10905         22454
     43        2          8531         19183
     44        2         12472         17515
     45        2          5577         20270
     46        1           120         31277
     47        1            93         30375
     48        1            75         26006
     49        1            93         22996
