Attempt Distance          Time         TTime
      0        2         18212         27300
      1        1           187         25230
      2        2         11403         25283
      3        2          8407         30302
      4        2          9572         27758
      5        2          7922         35829
      6        1           180         32597
      7        1           176         26078
      8        2          7790         19329
      9        1            51         21034
     10        2         10199         19510
     11        2          7838         21238
     12        1            59         23696
     13        2          7887         21507
     14        2          9876         20708
     15        2          8553         23503
     16        2          8090         24879
     17        1            78         29489
     18        1            79         22307
     19        1           111         32842
     20        2         12684         25814
     21        2          9009         28530
     22        2          6541         24792
     23        2          8428         31300
     24        2         11602         26801
     25        2          8600         26663
     26        1           150         23938
     27        2         13095         26076
     28        2          8086         22754
     29        1           164         29392
     30        2          8557         21263
     31        2         12172         26276
     32        2          8219         20651
     33        1            66         30092
     34        1           129         25104
     35        2          9276         26855
     36        2          7591         22876
     37        2          6765         50619
     38        2          4323         12937
     39        2          4594         10931
     40        2          4798         14289
     41        2          4684         12935
     42        2          4478         12247
     43        2          4130         11940
     44        2          4314         13868
     45        2          4011         13067
     46        2          4026         12385
     47        2         18448         11731
     48        2          5054         10779
     49        2          3144         11799
