Attempt Distance          Time         TTime
      0        2         12354         22602
      1        2          7141         25759
      2        1           122         30524
      3        1            67         25213
      4        2          9891         32173
      5        2          7010         28590
      6        2         10563         39179
      7        2         12770         37742
      8        1           149         46398
      9        2         16446         46326
     10        2         13590         30678
     11        1           552         32082
     12        2          5661         29020
     13        2          5861         29074
     14        1            65         31318
     15        2         10040         31176
     16        2          6784         30935
     17        2         10879         34040
     18        2         19443         32324
     19        2          6485         32011
     20        2          9892         23086
     21        2         12402         30073
     22        1            61         23616
     23        2         13282         29333
     24        1            59         24829
     25        2          8807         23670
     26        2          9875         21430
     27        1           125         25978
     28        1           118         30789
     29        2          8148         27265
     30        2          9288         25354
     31        2          8159         26126
     32        2          9936         24390
     33        2         10920         27911
     34        1            74         26669
     35        1            51         26750
     36        2         10046         32902
     37        1           104         27437
     38        2         11376         43845
     39        2          5575         11637
     40        2          4265         11870
     41        2          5219         10934
     42        2          4372         12372
     43        2          3389         10081
     44        2          2253          8978
     45        2          3428         12302
     46        2          5024          9965
     47        2          4080         10267
     48        2          2856          9686
     49        2          3428         15144
