Attempt Distance          Time         TTime
      0        2          1570          9284
      1        2          1694          5055
      2        3          3746          2401
      3        2           473          6083
      4        3          5865          8583
      5        2           707          7671
      6        2           636          5243
      7        2           351          3962
      8        3          2509          2414
      9        2           565          4913
     10        2           583          3069
     11        3          2656          3037
     12        2           274          4959
     13        2           487          4253
     14        2           234          4222
     15        3          2526          2867
     16        3          2265          2461
     17        2           299          5660
     18        2           524          4355
     19        2           202          3001
     20        2           234          5026
     21        3          3249          5496
     22        2           542          5161
     23        3          2588          2376
     24        2           209          2363
     25        2           220          2420
     26        3          2253          3927
     27        3          2498          2346
     28        3          1898          2206
     29        2           154          2411
     30        3          4761          2944
     31        2           203          4056
     32        2           223          4451
     33        2           371          4702
     34        2           233          3202
     35        3          2501          3752
     36        2           310          3737
     37        3          2964          2797
     38        2           296          5234
     39        2          1081          5067
     40        2           329          3958
     41        2           562          6238
     42        2           861          5848
     43        3          7478          2998
     44        2           463          3854
     45        2           349          2965
     46        2           241          7282
     47        2           380          4618
     48        3          3669          5013
     49        2           601          4237
