Attempt Distance          Time         TTime
      0        3          1786          3741
      1        3           980          3175
      2        3           769          2568
      3        3           359          1808
      4        3           464          1946
      5        3           594          1627
      6        3           302          1547
      7        4          1931          1766
      8        4          1554          1672
      9        3           518          2712
     10        4          1764          2430
     11        3           331          1665
     12        3           321          1793
     13        3           247          1160
     14        3           344          1051
     15        1            11           972
     16        2            60           999
     17        4          1663           729
     18        4           695           812
     19        4          1744          1017
     20        3           236          1013
     21        2            36          1011
     22        3           256          1151
     23        3           334          1030
     24        2            32           973
     25        3          1194           947
     26        2            32           909
     27        3           256          1012
     28        3           353          1535
     29        3           168           947
     30        4           697           827
     31        2            52           854
     32        3           193          1022
     33        3           182          1020
     34        2           731          1517
     35        4           739           710
     36        3           123           618
     37        4           456           537
     38        3           455          1445
     39        3           744          1346
     40        3           229          1064
     41        3           311          1439
     42        4          1525          2548
     43        3           222          1517
     44        2            31          1605
     45        4          1558           993
     46        3           423          1233
     47        2            47          1481
     48        4          1569          1601
     49        4          1258          1313
