Attempt Distance          Time         TTime
      0        1          2758         48707
      1        2         15861         34395
      2        2         15213         32838
      3        2         12341         29458
      4        1           108         32581
      5        2         12798         29014
      6        2         12057         27621
      7        2         12864         27450
      8        2         11419         33822
      9        2         14749         25930
     10        1           106         35732
     11        2         13265         40207
     12        2         12694         33625
     13        1           169         43990
     14        2         16520         32377
     15        2         16495         27083
     16        2         14391         27048
     17        1           139         31819
     18        2         12426         28760
     19        2         13553         28576
     20        0            18         38649
     21        2         15213         28615
     22        1           133         31221
     23        2         14058         33222
     24        2         15668         34511
     25        2         14084         33587
     26        2         16366         33056
     27        2         15142         32601
     28        2         15775         59993
     29        2          8268         15180
     30        1            49         17803
     31        1            53         16425
     32        2          5848         34982
     33        2          7319         16584
     34        1            46         15840
     35        2          6491         13296
     36        2          5849         15479
     37        2          7031         14646
     38        2          4996         14251
     39        2          7053         17377
     40        1            55         15624
     41        2          6015         14242
     42        2          4980         16645
     43        1            53         18006
     44        1            53         14286
     45        2          5856         15556
     46        2          8212         14830
     47        2          5731         15378
     48        1            51         18025
     49        2          8452         14108
