Attempt Distance          Time         TTime
      0        1           744         55402
      1        2         13214         35293
      2        2         17834         37376
      3        2         24911         40781
      4        2         19410         32818
      5        2         15982         40837
      6        2         19597         46104
      7        2         18274         49180
      8        2         22135         51887
      9        2         24994         51211
     10        2         25811         57220
     11        2         28678         50923
     12        2         18843         44049
     13        1           475         44082
     14        1            92         43079
     15        2         20928         38096
     16        2         20131         41868
     17        1            86         46420
     18        1           252         62461
     19        2         22805         54347
     20        2         20214         48925
     21        1            97         37572
     22        2         15665         45991
     23        2          8637         15282
     24        1            52         15671
     25        2          7092         17374
     26        1            90         19514
     27        1            71         17207
     28        2          6482         16114
     29        1            54         18234
     30        1            97         16633
     31        1            57         17540
     32        2          8700         16641
     33        1            72         17078
     34        2          6124         17849
     35        1            70         21619
     36        1         21041         24227
     37        1            94         25799
     38        1           202         26161
     39        1           115         17688
     40        2          6408         15013
     41        2          5069         19721
     42        2          8640         22498
     43        1           169         22933
     44        2         10385         22922
     45        1           382         21696
     46        2          7972         21751
     47        1           261         19332
     48        2          9167         35039
     49        2         10193         22605
