Attempt Distance          Time         TTime
      0        1           534         31951
      1        2          7001         23870
      2        2          4906         17976
      3        2          4654         23858
      4        2          7390         22132
      5        1            76         28825
      6        2          5423         29104
      7        2          6935         18713
      8        2          6886         18720
      9        2          4637         17516
     10        2          5057         15948
     11        2          5531         18660
     12        2          7339         19084
     13        1            56         18470
     14        2          4997         19359
     15        2          5738         18269
     16        2          5212         15212
     17        2          6459         19327
     18        2          6069         18313
     19        2          6697         17212
     20        2          6807         16710
     21        2          6880         19080
     22        2          5258         24511
     23        1            77         23579
     24        1            91         28061
     25        2          6740         39183
     26        1           108         44004
     27        2          5335         34636
     28        2          6743         24040
     29        1            56         18372
     30        2          5999         24100
     31        2          4780         24345
     32        2          7721         18021
     33        2          3811         24809
     34        2          8351         33836
     35        2         10139         32336
     36        1            95         28739
     37        1            70         43524
     38        2          9605         38680
     39        1           131         42688
     40        2         10256         37111
     41        2          8709         61035
     42        2          2999         20566
     43        2         10626         20975
     44        2         10742         31402
     45        2          2380         15826
     46        2          4710         24293
     47        2          2819         13354
     48        1            53         14923
     49        2          2855         14239
