Attempt Distance          Time         TTime
      0        2         18111         32048
      1        2         16388         28851
      2        2         12112         25233
      3        2         10409         30194
      4        2         14724         24699
      5        2         12876         27293
      6        2         12001         33130
      7        2         15293         26313
      8        1            73         35482
      9        2         11420         28846
     10        2         13785         38410
     11        2         15711         34759
     12        2         16738         42149
     13        2         18081         32680
     14        2         14643         25013
     15        2         14488         34495
     16        2         15302         35455
     17        1            91         37626
     18        1            82         26026
     19        2         17956         36723
     20        2         11209         26954
     21        2          9517         29655
     22        2         16272         34743
     23        2         15542         31009
     24        1            84         37442
     25        1           293         35050
     26        2         11993         32898
     27        2         16604         29900
     28        2         14954         32393
     29        2         12190         45116
     30        2          6442         12395
     31        1            55         13613
     32        2          5524         31010
     33        1            95         15231
     34        1            67         14549
     35        1            64         14879
     36        2          6716         14754
     37        1           104         13681
     38        2          6983         14266
     39        2          5047         16759
     40        2          5464         14817
     41        2          5566         12776
     42        1            79         16890
     43        2          4686         15512
     44        2          5483         13970
     45        2          5622         17097
     46        2          5728         15176
     47        2          4729         14100
     48        2          3789         15554
     49        2          5250         17084
