Attempt Distance          Time         TTime
      0        2         33348         66381
      1        1           371         59212
      2        2         24514         44037
      3        2         20780         44113
      4        1           133         48975
      5        2         27728         55462
      6        2         15934         40821
      7        2         20527         49417
      8        2         27082         49361
      9        2         15276         38917
     10        2         17609         32262
     11        2         19695         35143
     12        1            78         41378
     13        2         18248         44909
     14        2          8677         16975
     15        2          7802         16163
     16        2          9911         16036
     17        2          8029         24741
     18        2         12160         25668
     19        2         40361         23166
     20        2         10259         22677
     21        1           144         24902
     22        1           208         33049
     23        2          8530         25179
     24        1            84         23465
     25        1           140         22449
     26        2          9830         17139
     27        2         10013         17698
     28        1            77         20068
     29        2         10085         19496
     30        2          6976         19511
     31        2          8299         23107
     32        2          6522         17103
     33        1            74         17806
     34        2          8701         22105
     35        2         12468         25154
     36        1           386         23476
     37        1            70         30009
     38        1           147         24116
     39        2         12127         20225
     40        2          9987         19131
     41        2          9197         21152
     42        1           144         21917
     43        1           264         27565
     44        2          6188         27948
     45        1           121         21751
     46        2         13429         19945
     47        2         11337         18648
     48        1            70         18446
     49        1            63         26944
