Attempt Distance          Time         TTime
      0        2         18760         35096
      1        2         11803         25432
      2        1            71         42599
      3        1           149         42898
      4        2         14896         38433
      5        2         12762         40343
      6        1           187         40611
      7        2         15945         40936
      8        2         14281         30423
      9        2         10321         24570
     10        2         10250         23739
     11        2         10679         28351
     12        2         10572         23549
     13        1            69         32604
     14        1            64         26913
     15        2          9806         26455
     16        2          9893         23533
     17        2         10355         24639
     18        2         10099         23387
     19        2         12425         33758
     20        1            82         30354
     21        2         10625         36018
     22        2         10407         34495
     23        2         22807         30503
     24        2          9345         32180
     25        2         14873         43234
     26        2          9223         31432
     27        1            71         34798
     28        2         10625         24737
     29        2         12210         31476
     30        2         13590         28203
     31        2         12026         31413
     32        2         12555         63729
     33        2          4552         15973
     34        2          4890         14199
     35        1            48         18780
     36        2          6020         13709
     37        2          5059         13677
     38        2          4679         15265
     39        1            53         16136
     40        2          4314         13412
     41        1            64         16452
     42        2          6158         14680
     43        2          4732         13293
     44        2          4046         13949
     45        2          6027         24469
     46        2          4539         12452
     47        2          4572         12432
     48        2          4162         12401
     49        1            58         14373
