Attempt Distance          Time         TTime
      0        2          2896         12158
      1        1            70          8595
      2        2          1160          4428
      3        2          1404          6391
      4        2           523          4785
      5        2           530          6234
      6        1            37          7735
      7        2           385          5750
      8        2           591          4694
      9        2           683          4648
     10        2          1215          4522
     11        2           400          3910
     12        2           341          5593
     13        2           445          4363
     14        2           586          4592
     15        3          3076          2839
     16        2           457          4476
     17        2           388          4034
     18        3          3352          2664
     19        2           290          3729
     20        2           317          3895
     21        2           412          4915
     22        3          4036          2482
     23        2           388          6158
     24        2           314          3180
     25        2           314          3612
     26        2           340          3439
     27        1            13          3704
     28        2           292          3429
     29        2           250          3263
     30        3          2929          3079
     31        2           326          3582
     32        3          3322          2657
     33        2           298          3279
     34        2           615          6338
     35        2           549          4549
     36        1            14          3601
     37        2           699          3990
     38        2           390          3505
     39        2           315          3745
     40        2           310          4442
     41        2           305          3541
     42        2           334          3375
     43        2           313          4417
     44        2           633          3976
     45        2           307          3176
     46        2           278          4956
     47        2           610          4594
     48        2           315          3241
     49        2           269          3598
