Attempt Distance          Time         TTime
      0        2          2298         10346
      1        2           984          7824
      2        1            40          6614
      3        2           629          3988
      4        2           795          5790
      5        2          1089          5294
      6        2           767          8171
      7        2           515          4171
      8        1            25          4902
      9        2           867          4724
     10        1            27          5409
     11        2           757          5189
     12        2           870          4135
     13        2           648          4028
     14        2          1149          8825
     15        1            39          4821
     16        2           820          6159
     17        2           545          4539
     18        2           619          5738
     19        2           578          5333
     20        1            27          5004
     21        2           596          5372
     22        2           496          4535
     23        2           634          5900
     24        2          1389          6146
     25        2          1481          4993
     26        2           594          5830
     27        2           478          4961
     28        2           515          4721
     29        2          1020          4719
     30        2           882          5237
     31        2           524          5931
     32        2           947          6625
     33        2           540          4551
     34        2           864          5617
     35        2          1387          4218
     36        1            19          8081
     37        2           552          4516
     38        2           556          4972
     39        2           912          5086
     40        2           977          7776
     41        1            24          7396
     42        2           791          6773
     43        2           722          6955
     44        2           979          5962
     45        2           646          8146
     46        2           883          7937
     47        2          3055          9330
     48        2          1017         10128
     49        2          1098          8351
