Attempt Distance          Time         TTime
      0        2         16193         33895
      1        2         10892         24311
      2        2         11556         29389
      3        2         10230         24764
      4        2         10602         28902
      5        1           215         28228
      6        2         11011         30670
      7        1            61         27989
      8        2          8532         26530
      9        1            59         22967
     10        2          9573         24200
     11        2          8973         29670
     12        2          7415         22577
     13        2          7977         26485
     14        1            74         32655
     15        2          9329         32244
     16        1            86         40169
     17        1           104         30612
     18        2         10490         29361
     19        1            89         24687
     20        2          8664         25079
     21        2          8535         20678
     22        2          7702         22510
     23        2          8821         20775
     24        1            63         26282
     25        2          9432         21993
     26        2          7998         23111
     27        2          7610         22660
     28        2          8916         24091
     29        2          8087         23153
     30        2          9057         25319
     31        2         11239         22632
     32        2          9820         27040
     33        2          8931         28807
     34        2         10491         25176
     35        2         10717         72062
     36        2          5571         17848
     37        2          3634         16203
     38        2          3322         14605
     39        2          3161         21015
     40        2          3367         16249
     41        2          4332         16201
     42        2         19583         12267
     43        1            49         13696
     44        1            62         17346
     45        2          3022         13592
     46        2          3410         17052
     47        1            52         13769
     48        2          3063         15562
     49        2          5704         11824
