Attempt Distance          Time         TTime
      0        4          1805          2210
      1        5          1721        249919
      2        5          1182        226719
      3        5          1816        154073
      4        5           876        117552
      5        5           814        147138
      6        5           579        108312
      7        2            31           203
      8        3           113           319
      9        6          1174        120214
     10        3            68           360
     11        4           381           348
     12        4           554           555
     13        5          1153        129145
     14        4           318           153
     15        5           476         83720
     16        4           214           193
     17        6           928        131923
     18        5           520        102085
     19        4           366           321
     20        3            31           141
     21        4           441           323
     22        4          1044           286
     23        2            29           404
     24        5           600         97740
     25        4           401           224
     26        2            21           353
     27        5           460         89799
     28        5           681        133599
     29        5           618        111151
     30        4           207           144
     31        5           533         83345
     32        5           421         61654
     33        4           175           157
     34        5           971        135822
     35        5           800        147629
     36        3           132           220
     37        5           697        149670
     38        2            16           313
     39        4            95           118
     40        6           760        106685
     41        4           136           170
     42        4           155           147
     43        3            61           175
     44        5           566        138054
     45        4           118           153
     46        4           126           120
     47        5           545        143922
     48        5           435        119161
     49        4           197           204
