Attempt Distance          Time         TTime
      0        1           492         26533
      1        2          6723         17537
      2        2          4227         15819
      3        2          4800         12002
      4        2          3594         16237
      5        2          3866         18646
      6        2          4156         14302
      7        2          4974         17440
      8        2          3184         20041
      9        2          4481         19773
     10        2          3486         20036
     11        2          4971         20888
     12        2          3139         14971
     13        2          3000         22345
     14        2          5274         24061
     15        2          4838         19046
     16        2          3222         24760
     17        2          5695         19234
     18        2          6407         21052
     19        2          3742         16819
     20        2          7020         19620
     21        2          2217         19186
     22        2          4599         16543
     23        2          3018         14359
     24        2          2432         11410
     25        2          2691         10546
     26        2          4283         12071
     27        2          5358         18578
     28        1            36         14633
     29        2          2617         12258
     30        2          2573         11906
     31        2          3119         14674
     32        1            46         11158
     33        2          3427         10142
     34        2          2737         12055
     35        2          2452         15947
     36        2          3640         17481
     37        2          3197         14031
     38        2          2931         14089
     39        2          4052         15979
     40        1            99         16502
     41        2          2677         14812
     42        1            45         16098
     43        2          2935         13800
     44        2          3284         14640
     45        2          2539         17079
     46        2          4038         12195
     47        2          5357         17855
     48        2          3985         17348
     49        2          3194         17767
