Attempt Distance          Time         TTime
      0        2         11178         25605
      1        1            79         22419
      2        2          4228         17339
      3        2          2805         15819
      4        2          6894         20722
      5        2          2487         14355
      6        2          2476         14702
      7        1            78         22868
      8        2          3516         13286
      9        2          2564         11434
     10        2          3835         14768
     11        2          2682         12200
     12        2          2667         13818
     13        2          2558         16470
     14        2          3696         20084
     15        2          5436         17214
     16        2          4004         25774
     17        1            61         22405
     18        2          4746         21105
     19        2          4633         17909
     20        2          6174         19678
     21        2          4644         21297
     22        2          3519         13400
     23        2          3857         17169
     24        2          2994         15342
     25        2          3924         13518
     26        2          3300         11840
     27        1            70         12370
     28        2          2915         16172
     29        2          2800         11200
     30        2          3331         11862
     31        2          2815         13225
     32        2          3892         14952
     33        2          2575         11675
     34        2          2840         11717
     35        2          2826         11729
     36        2          3276         15686
     37        2          3768         12229
     38        2          3370         11621
     39        2          3257         15340
     40        2          4365         13817
     41        2          2957         12738
     42        2          2271         13498
     43        2          3464         20585
     44        2          5157         13119
     45        1            81         17966
     46        2          3189         14866
     47        2          3153         14063
     48        2          4161         18341
     49        2          3000         14378
