Attempt Distance          Time         TTime
      0        2         22869         63351
      1        2         15500         27725
      2        1           199         40547
      3        1           325         48727
      4        2         11311         37906
      5        2          6025         31913
      6        1           120         39642
      7        2          7970         34018
      8        2          9079         29564
      9        2          3620         26459
     10        2          5515         34773
     11        2          6205         28775
     12        2          6292         31964
     13        2          8097         35140
     14        2          6585         30449
     15        2          8307         27478
     16        2         13248         31748
     17        1            52         32590
     18        1            77         28426
     19        2          4698         27786
     20        1           237         39573
     21        1           255         49978
     22        2         13243         33784
     23        2          9511         23988
     24        2          9733         33800
     25        2          5821         26062
     26        2          5571         39370
     27        2          6700         25328
     28        2          6807         22160
     29        1           165         25299
     30        2          4841         21149
     31        2          6061         21171
     32        1            51         28396
     33        2          8997         22104
     34        2          7687         27940
     35        2          7419         35544
     36        2          5539         27609
     37        2          5240         34509
     38        2         14175         24435
     39        2          5046         19668
     40        2          5781         18905
     41        2          6405         19818
     42        2          6258         49280
     43        2          4207         13194
     44        2          3177          9065
     45        1            65         11906
     46        2          2740         15467
     47        2          4392         10227
     48        2          2115         10958
     49        2          1810         11132
