Attempt Distance          Time         TTime
      0        2         17082         35013
      1        2         12977         31706
      2        2         15434         28444
      3        1            91         42207
      4        1           207         34354
      5        1           101         41601
      6        2         12944         39128
      7        2         16015         34696
      8        2         18441         35873
      9        2         14327         29023
     10        2         14147         28938
     11        2         10501         25978
     12        1            67         32427
     13        2         12869         27485
     14        1            88         33760
     15        2         13247         27421
     16        1            81         38653
     17        2         12719         27342
     18        2         15087         38786
     19        1            94         39979
     20        2         17242         45153
     21        1           274         46336
     22        2         21812         33433
     23        2         14081         35873
     24        2         16004         32673
     25        2         18309         42166
     26        2         17027         35895
     27        2         18463         29379
     28        1           175         35444
     29        1            89         69206
     30        1           103         18498
     31        2          5246         14943
     32        2          5913         16964
     33        2          6791         17811
     34        2          6150         15075
     35        2          6394         17192
     36        1            88         16205
     37        1            89         17761
     38        2          4890         15464
     39        2          7729         15751
     40        1            53         14314
     41        2          4887         14483
     42        2          5624         25411
     43        1            95         15724
     44        2          6715         15231
     45        2          4769         13316
     46        2          4916         13646
     47        2          5996         17032
     48        2          4977         12993
     49        2          5692         14616
