Attempt Distance          Time         TTime
      0        2         23523         38778
      1        2         22211         39959
      2        2         27927         48023
      3        2         17034         44321
      4        1           177         43385
      5        2         19619         44033
      6        2         22404         50100
      7        2         20495         48733
      8        2         17486         43695
      9        1            84         43576
     10        2         23149         39908
     11        1           154         47729
     12        2         23373         60724
     13        1           372         70871
     14        2         22297         53936
     15        1           125         69182
     16        2         26725         59968
     17        1           101         40934
     18        2         19924         40434
     19        2         19686         42042
     20        2         43227         17784
     21        1            59         17119
     22        2         10114         20373
     23        2         23958         17408
     24        2          7078         19316
     25        1            85         19669
     26        2          7262         18487
     27        2          9152         23012
     28        2          8170         16051
     29        1           137         19213
     30        1            55         21076
     31        2          8705         17558
     32        2          6203         15198
     33        2          8818         18112
     34        2          6747         18752
     35        1           139         17603
     36        1            58         20994
     37        1            55         15763
     38        2          6024         16455
     39        1            69         15956
     40        1            54         16804
     41        1            71         15155
     42        1            60         16109
     43        1            81         16735
     44        2          5833         19245
     45        1           157         14601
     46        2          5785         17353
     47        2          5137         19475
     48        1           293         15042
     49        1            87         17024
