Attempt Distance          Time         TTime
      0        2         18680         33730
      1        2         14838         34212
      2        1            66         28207
      3        1            88         29824
      4        2          8445         26049
      5        2          8817         26846
      6        1            79         25335
      7        2          9527         28922
      8        1            71         26049
      9        2          9176         30957
     10        1            83         29230
     11        1            93         32251
     12        2          9685         22287
     13        1            73         35810
     14        1            93         31382
     15        2         13500         32840
     16        2         14304         32851
     17        2         14702         31958
     18        2          9690         24303
     19        1            81         27142
     20        1            90         26795
     21        2          8885         25667
     22        2          8307         22145
     23        1           143         30140
     24        2          7455         25786
     25        2         12731         24896
     26        2          8731         22295
     27        2         10826         27064
     28        2          9217         21713
     29        1            82         42749
     30        2          8989         30592
     31        2         13109         32376
     32        2         11235         31422
     33        1            83         36453
     34        2          9529         29773
     35        1            60         32908
     36        1            97         44774
     37        1            85         16386
     38        2          3322         14828
     39        1            45         26891
     40        2          4940         14504
     41        2          3673         14982
     42        2          3715         13810
     43        2          3648         13557
     44        2          5060         12466
     45        2          5772         13453
     46        1           197         18669
     47        1           107         17119
     48        1            72         14523
     49        2          5022         16113
