Attempt Distance          Time         TTime
      0        2          5634         17730
      1        2          3768         15561
      2        2          2578         13796
      3        2          3073         18864
      4        1            66         21335
      5        2          3231         12249
      6        2          2395         13222
      7        2          2808         19670
      8        2          4789         17106
      9        2          3417         12155
     10        2          2945         17843
     11        1           103         18559
     12        1            43         15099
     13        2          2228         13956
     14        1            36         18756
     15        2          4411         13182
     16        2          2709         14153
     17        2          1832         14505
     18        2          1663          8525
     19        2          2256         12421
     20        2          2141         11960
     21        2          2749          9966
     22        1            50         10448
     23        1            54          9950
     24        2          1941         11871
     25        2          2367         13027
     26        2          2124          9757
     27        1            63          9844
     28        2          2520          8850
     29        2          2078          9136
     30        1            29         12155
     31        2          2944          9382
     32        2          2082          9411
     33        2          1947         10129
     34        2          1899          8415
     35        2          2376         11424
     36        1            35         12435
     37        2          2127         10177
     38        2          1910          9526
     39        2          2167          8815
     40        2          2005         11896
     41        2          2160         10572
     42        1           102          9529
     43        2          3040          9288
     44        2          2512         10876
     45        2          2418         11126
     46        2          2119         19485
     47        2          4868         11904
     48        2          6148         18377
     49        2          3755         24041
