Attempt Distance          Time         TTime
      0        2         23753         42485
      1        2         22443         79147
      2        2         17555         55775
      3        2         29097         67779
      4        2         40036         45749
      5        2         15825         31971
      6        1           118         37326
      7        2         12572         32408
      8        2         17329         33770
      9        2         14886         33577
     10        2         15635         33471
     11        2         16743         39396
     12        2         15594         42702
     13        1           135         42130
     14        1           122         43588
     15        2         17058         42367
     16        2         14569         34416
     17        1           150         38422
     18        1            84         36116
     19        2         15884         33009
     20        2         14815         33266
     21        2         19506         29139
     22        2         15801         35369
     23        2         16127         52813
     24        2         17588         46758
     25        1           392        109883
     26        1           112         27468
     27        2         12532         26412
     28        2          6112         28840
     29        2         24349         15695
     30        2         10435         20294
     31        2          7425         15325
     32        2          5200         24901
     33        2          7063         18452
     34        2          7543         22407
     35        2          5599         20926
     36        2          6673         18883
     37        2          9251         43367
     38        1           266         47154
     39        2          6796         29675
     40        1           137         20684
     41        2          9784         16657
     42        2          5132         15671
     43        2          4948         22822
     44        1           151         21455
     45        2          5426         16230
     46        2          9060         26303
     47        2         14312         23961
     48        2          6817         24864
     49        2          5478         17277
