Attempt Distance          Time         TTime
      0        2          5357         12865
      1        2          1870          9522
      2        2          1507         10368
      3        2          1716         11417
      4        2          1702          9082
      5        2          1504          8703
      6        2          2062          7783
      7        2          1376          8504
      8        1            42         11198
      9        2          2738          7678
     10        2          1611          8466
     11        1            31          7700
     12        2          2020         10278
     13        2          1416         11395
     14        2          1774          8356
     15        2          1707          7465
     16        2          2182          8671
     17        2          1384          7712
     18        2          1208          7715
     19        2          1350          9517
     20        2          1675          7019
     21        2          1225         10607
     22        2          1662          9174
     23        2          1746          7122
     24        1           108         10970
     25        2          1404          9440
     26        2          1279          8569
     27        2           990          8656
     28        2          1133          8636
     29        2          1968         11865
     30        2          2661         11746
     31        2          1506          9622
     32        2          1336          9885
     33        2          1730          8609
     34        2          1151          9043
     35        2          1095         12605
     36        2          2358          9401
     37        2          1291          9068
     38        2          1398          9946
     39        2          2470         11312
     40        2          1406         16522
     41        2          2360         20700
     42        1            41         24740
     43        2          3133         18126
     44        2          2212         18961
     45        2          3758         14561
     46        2          3361         13887
     47        2          2207         13669
     48        2          2138         10978
     49        2          3244         13361
