Attempt Distance          Time         TTime
      0        2         30885         43805
      1        1           144         39601
      2        1           111         42300
      3        2         13253         36476
      4        1           209         41788
      5        2         17727         37916
      6        1           120         48095
      7        1           168         55724
      8        1           453         54239
      9        2         19719         40353
     10        2         21914         43278
     11        2         17591         39660
     12        2         19313         41832
     13        1           242         48670
     14        2         13888         39071
     15        1           140         43310
     16        2         19847         40668
     17        2         16774         46048
     18        2         12639         30893
     19        2         13876         31551
     20        2         13536         28861
     21        2         14381         31771
     22        2         11472         28209
     23        2         11830         32611
     24        1            88         33755
     25        2         13035         30328
     26        1            88         38963
     27        2         15059         29484
     28        2         34761         14260
     29        1            69         15810
     30        2          5984         13948
     31        1            81         16392
     32        2          6332         14278
     33        2          6238         15044
     34        2          6342         16147
     35        2          6947         14965
     36        2          5596         14117
     37        2          6714         27860
     38        2          7868         11699
     39        2          6076         12419
     40        1            45         16892
     41        2          6227         15189
     42        2          5678         13635
     43        1            49         16545
     44        1           105         15059
     45        1            82         14676
     46        1            67         15100
     47        2          5237         17995
     48        1            78         16638
     49        2          5517         13499
