Attempt Distance          Time         TTime
      0        2         13075         29044
      1        2          8037         23362
      2        2          8699         21020
      3        2          7842         27289
      4        1            92         25380
      5        2          9494         28888
      6        2          9596         24039
      7        1            76         25575
      8        2          6851         19990
      9        2          7802         21288
     10        2          6106         17962
     11        1            79         22103
     12        2          7118         18903
     13        2          6207         25386
     14        2         10892         18614
     15        1            70         21244
     16        2          8129         25393
     17        2          7484         25038
     18        1            69         29660
     19        1            74         29925
     20        2          8793         24394
     21        2         10940         27124
     22        2          5745         22869
     23        2          6646         17863
     24        2          5886         17699
     25        1            59         24432
     26        2          5990         17923
     27        2          6963         18195
     28        1            80         23209
     29        2          5816         17972
     30        1            75         22467
     31        2          5680         19736
     32        2          6146         18409
     33        2          7672         23308
     34        2          5887         17159
     35        2          7270         16944
     36        2          5782         34592
     37        1           121         25015
     38        2          6542         21829
     39        2         10174         41042
     40        2          3358         19206
     41        1            58         14765
     42        1            55         14072
     43        2          2806         11993
     44        1            36         16763
     45        2          3620         12474
     46        2          2843         15820
     47        2          4882         11795
     48        2          3007         13526
     49        1            77         15736
