Attempt Distance          Time         TTime
      0        2         30079         42937
      1        2         17260         57543
      2        2         14930         37015
      3        1           120         38765
      4        2         15380         48052
      5        2         21128         50520
      6        1          1094         59951
      7        1           192         40421
      8        1           202         50215
      9        2         17656         46732
     10        1           140         50574
     11        2         20855         45252
     12        2         17446         35627
     13        1           153         48299
     14        2         19510         44187
     15        2         15059         41561
     16        2         17410         39997
     17        2         18289         38438
     18        2         25785         34714
     19        1            72         35013
     20        2         14063         34948
     21        2         15449         29733
     22        2         14992         32210
     23        2         13302         35598
     24        2         20577         49245
     25        2         16657         89560
     26        1           254         35720
     27        2          7448         22019
     28        1           122         48035
     29        1           209         46490
     30        1            77         31203
     31        1           106         25447
     32        1           291         21108
     33        1            65         23647
     34        2         10804         21303
     35        1           222         26453
     36        2          8715         18941
     37        2          8141         30018
     38        2          7498         17033
     39        2          8599         17949
     40        2          7467         16510
     41        2          5266         16249
     42        1           145         20984
     43        2          7068         15062
     44        1            70         16732
     45        2          8079         23779
     46        2          5149         14674
     47        1            85         23978
     48        1           131         20841
     49        2          6616         15868
