Attempt Distance          Time         TTime
      0        2          5682         16405
      1        2          2152         10830
      2        2          2362         10598
      3        2          2475         12811
      4        2          1931         12214
      5        1            48         10257
      6        2          3643          9447
      7        2          2707          9231
      8        1            65         14113
      9        2          2355          9896
     10        2          2333         15973
     11        2          2645         12198
     12        2          1907          9097
     13        2          1894          8531
     14        2          2200          9128
     15        2          1907         10777
     16        2          2047         12331
     17        2          1717          9718
     18        2          2616          8511
     19        1            63         12472
     20        2          1809         10586
     21        2          1560         12335
     22        2          1611          8658
     23        2          1846          8399
     24        2          1741          8627
     25        2          1797          8169
     26        2          1685         14521
     27        2          1826          9352
     28        2          1950         10573
     29        2          1809          8610
     30        2          2336         10519
     31        2          1977         11742
     32        1            40         10079
     33        2          1532          8053
     34        2          1292         13724
     35        1            68         22534
     36        2          3163         15129
     37        2          2325         16598
     38        2          1656         15767
     39        2          2464         14463
     40        2          2241         15539
     41        2          2486         16367
     42        2          2043         16256
     43        2          3972         18704
     44        2          2822         15160
     45        2          2803         12004
     46        2          1779         12752
     47        1            64         20524
     48        2          4175         26538
     49        1            51         34788
