Attempt Distance          Time         TTime
      0        2         11983         33624
      1        2         10282         26108
      2        1            83         31468
      3        2          6262         22110
      4        2          6532         31975
      5        2          6202         23883
      6        1            69         27771
      7        2          8773         28624
      8        2          7018         32372
      9        1            64         29010
     10        2          9738         31005
     11        2          7380         26266
     12        1           114         25533
     13        2          7360         17516
     14        2          6701         17705
     15        2          6986         23846
     16        2          6558         18707
     17        2          7036         16633
     18        2          8157         20173
     19        1            68         30444
     20        1            68         25159
     21        2          8832         18655
     22        2          7201         20600
     23        1            65         21553
     24        2          6753         23503
     25        2         12920         23343
     26        2          9255         23115
     27        2          8545         23460
     28        2          9437         23460
     29        1            48         28356
     30        1            54         21331
     31        2         11189         20340
     32        2         12664         33237
     33        2         11228         37965
     34        2          6690         32562
     35        2         11324         28576
     36        2          7336         32783
     37        2         11755         26383
     38        2          7769         47632
     39        2          3385         12830
     40        2          2680         12032
     41        2          3100         13271
     42        2          3497         13351
     43        1            41         13179
     44        2          3136         12457
     45        2          4179         27430
     46        2          3578         12167
     47        1           217         11671
     48        2          5169         11410
     49        2          5208         12027
