Attempt Distance          Time         TTime
      0        3          4855          4797
      1        3          1154          4185
      2        2           177          2948
      3        3          1012          1798
      4        2            98          1622
      5        3           767          1745
      6        3           957          1686
      7        1            12          1894
      8        3           837          1391
      9        3           637          1533
     10        3           890          1527
     11        2            97          2771
     12        3           716          1761
     13        3          1084          1451
     14        2           266          1475
     15        2           154          2195
     16        3          1394          2408
     17        3           831          2909
     18        3           707          1612
     19        2           124          2767
     20        3          1462          2995
     21        3          1146          3664
     22        3          1126          2431
     23        2           111          1949
     24        2           189          2998
     25        2           171          4415
     26        2           190          2994
     27        3          1088          2827
     28        3          1431          2291
     29        3           921          2459
     30        3          1116          2137
     31        3          1133          1895
     32        3          1402          2348
     33        3          1186          1996
     34        3          1251          2867
     35        3          1694          2664
     36        2           169          1739
     37        3           672          1624
     38        1            13          1586
     39        2            74          1323
     40        2            71          1350
     41        3           545          1202
     42        3           514          1312
     43        3          1848          3162
     44        3          1745          3203
     45        3          1016          2292
     46        3          1035          1855
     47        2           377          2474
     48        3          1673          2505
     49        3           631          1646
