Attempt Distance          Time         TTime
      0        2          5044         15316
      1        2          2572         10462
      2        2          2359          8117
      3        2          1614         10732
      4        2          1568          8582
      5        2          2395         11755
      6        2          2420         14755
      7        2          2024          8418
      8        2          1903          9071
      9        2          1933          8120
     10        2          2272          7230
     11        2          1840          9844
     12        2          1982         12808
     13        2          2476          9710
     14        2          1870          7237
     15        2          1289          8838
     16        2          1519          8853
     17        2          1297         10328
     18        2          1720         12553
     19        1            51         14053
     20        2          2656         12976
     21        2          2709         12818
     22        2          1509         13261
     23        2          2395         13643
     24        0             5         12191
     25        2          2201         10425
     26        1            62         11881
     27        2          2384         12136
     28        2          1707         12529
     29        1            54         13128
     30        2          2722         11275
     31        2          1327          8032
     32        1            69         10049
     33        2          1440          7955
     34        2           986          9037
     35        2          2624          7787
     36        1            29          8661
     37        2          1201          7204
     38        2          1279          8365
     39        2          1838          7377
     40        2          1367         12489
     41        2          1438          8579
     42        2          1576          7867
     43        2          1247          8608
     44        2          1323          8071
     45        2          1382          7529
     46        2          1245         11467
     47        2          2363          9627
     48        2          1671          8436
     49        2          2222         11749
