Attempt Distance          Time         TTime
      0        2          7502         21234
      1        2          4006         14006
      2        2          2639         18127
      3        1            41         15170
      4        2          2134         14519
      5        2          6406         14788
      6        1           100         17063
      7        2          2811         14530
      8        2          2801         13003
      9        1            48         18566
     10        2          2980         13830
     11        2          2227         22928
     12        2          2424         12440
     13        2          2077          9767
     14        2          3993         20344
     15        2          3441         13985
     16        2          2677         15234
     17        2          4927         19414
     18        2          2646         12549
     19        2          2919         11269
     20        2          2837          9697
     21        2          6989         15980
     22        2          3129         15563
     23        1            45         19208
     24        2          3008         17127
     25        2          5448         16456
     26        2          4443         15914
     27        1            71         20171
     28        1           141         18580
     29        2          5445         15998
     30        2          3619         14558
     31        2          2754         12365
     32        2          3124         10931
     33        1            39         11157
     34        1            34         13043
     35        2          2847         10171
     36        1            53         14821
     37        2          3901         11526
     38        2          2335         14397
     39        2          2619         12280
     40        2          2761         13283
     41        2          2391         12555
     42        1            69         15295
     43        2          2611         10417
     44        2          2959          9965
     45        2          2721         16556
     46        2          3398         14622
     47        2          2792         11412
     48        2          3994         13320
     49        2          3335         12547
