Attempt Distance          Time         TTime
      0        1           676         39611
      1        2         13708         32584
      2        2         11997         31512
      3        2         16429         29951
      4        2         17390         36579
      5        2         12475         39210
      6        2         14016         40560
      7        1           126         39122
      8        2         18794         48111
      9        2         18116         30217
     10        2         14161         27716
     11        2         14436         27222
     12        2         16056         28437
     13        2         13968         26657
     14        1           260         36600
     15        1            88         32519
     16        1            91         35471
     17        1            71         34330
     18        2         14693         36142
     19        2         15018         50855
     20        1            79         42396
     21        2         13567         37099
     22        2         13658         35327
     23        1            99         46212
     24        2         17812         38023
     25        2         13380         35743
     26        2         15904         34852
     27        2         18383         41353
     28        2         16106         52750
     29        2          5970         16692
     30        2          7842         16990
     31        2          6726         16528
     32        1            63         18488
     33        1           134         20908
     34        1            62         15451
     35        2          7498         15713
     36        1            62         17005
     37        2          5230         16135
     38        2          4730         13840
     39        2          5199         14063
     40        2          4849         14614
     41        2          5274         26990
     42        2          5220         12762
     43        1            49         17619
     44        2          6245         13849
     45        2          7031         13948
     46        1            55         17034
     47        2          5014         14757
     48        1            55         13922
     49        2          5080         14398
