Attempt Distance          Time         TTime
      0        2          1829          9099
      1        2           919          5000
      2        2           502          4001
      3        3          5502          4735
      4        2           902          8251
      5        2           619          9537
      6        2          2514          6546
      7        2           665          5170
      8        2           616          5069
      9        1            21          5080
     10        2           653          5277
     11        3          5106          4667
     12        2          1186          9256
     13        2          1025          8913
     14        2           411          5008
     15        2           633          8126
     16        2           623          6496
     17        2           370          8763
     18        2           442          4128
     19        2           468          6505
     20        2          1513          7356
     21        2           797          8658
     22        1            34          5159
     23        2           389          4790
     24        2          1078          5770
     25        2           558          3813
     26        2           401          6658
     27        2           448          5455
     28        1           103          7838
     29        2           481          3859
     30        2           316          3920
     31        2           317          6165
     32        2           514          4363
     33        2           772          3737
     34        2           315          5378
     35        2           376          4126
     36        2           420          5947
     37        2           402          5681
     38        1            25          3985
     39        2           285          3956
     40        2           417          4402
     41        2           293          3750
     42        2           308          4211
     43        2           416          4056
     44        2           510          5128
     45        2           416          4641
     46        2           378          5352
     47        2           455          5351
     48        2           374          4196
     49        2           392          4527
