Attempt Distance          Time         TTime
      0        2          9451         23401
      1        2          6012         19717
      2        2          3763         15234
      3        2          2777         21425
      4        2          4682         19781
      5        2          5753         23105
      6        2          4568         26813
      7        2          5573         23642
      8        2          3396         21279
      9        2          4492         22772
     10        2          3274         28092
     11        2          6769         20028
     12        2          4408         28127
     13        2          5097         20099
     14        2          3771         40346
     15        1            92         27451
     16        2          2885         14131
     17        2          3979         20234
     18        2          2611         13884
     19        2          2536         12281
     20        2          4153         11224
     21        2          3467         15301
     22        2          2761         11730
     23        2          2815         10833
     24        1            78         14997
     25        2          3649         15522
     26        1            84         13724
     27        2          3853         13101
     28        2          3329         13251
     29        1            50         16844
     30        2          3418         14096
     31        2          3998         13070
     32        2          3255         14978
     33        2          5211         19195
     34        2          6134         17709
     35        2          3975         25233
     36        2          4350         20091
     37        2          4609         23317
     38        2          5962         25455
     39        2          4722         17367
     40        2          3456         16817
     41        2          6568         25660
     42        2         11456         33715
     43        2         10668         31213
     44        2          5730         29641
     45        2          3290         21367
     46        2          4980         21201
     47        2          3784         33575
     48        2          6022         23050
     49        2          9206         31495
