Attempt Distance          Time         TTime
      0        2          3767         14395
      1        2          1903         13769
      2        2          1199          7459
      3        2          1210          6432
      4        2          2082          6733
      5        2           825          6148
      6        2          1392          6836
      7        2           793          5358
      8        2          1492         10908
      9        2          1421         10642
     10        2          1264          6637
     11        2          1189          5679
     12        2           837          5653
     13        2          1295          5341
     14        1            27          7109
     15        2          1681          8411
     16        2          1303          7982
     17        2          1011          5778
     18        2           931          7145
     19        1            39          6762
     20        2          1751          9389
     21        2          1295          7689
     22        2           869          8096
     23        2          1486          7983
     24        2          2605          8708
     25        2           961          8408
     26        1            45         16752
     27        2          1834          9176
     28        2          1792         10753
     29        1            70         13023
     30        1            65         13344
     31        2          1094         12621
     32        2          1139         10664
     33        2          1136         23045
     34        1            95         18367
     35        2          2248         20450
     36        2           968         15018
     37        2          2049         17652
     38        2          3786         12399
     39        2          1718          9572
     40        2           952          7220
     41        2          2584          6823
     42        2          1313          8290
     43        2          1842          6512
     44        2           647          7935
     45        2           721          5208
     46        2           657          7789
     47        2          1193          5192
     48        2           637          7670
     49        2          1085          8355
