Attempt Distance          Time         TTime
      0        2          2540          8368
      1        2          1188          7415
      2        2          1054          6106
      3        2           699          4011
      4        1            21          4225
      5        2           565          5078
      6        2           951          7265
      7        2           856          4074
      8        2           868          4234
      9        2           443          4070
     10        2           697          4958
     11        2           624          4684
     12        1            37          5771
     13        2          1073          7582
     14        2           741          5660
     15        2          1421          5025
     16        2           770          5505
     17        1            21          4952
     18        2           632          4080
     19        2           548          4330
     20        2           483          5897
     21        2           411          4350
     22        2           721          4553
     23        1            18          7548
     24        2           936          5565
     25        2           574          5514
     26        2           453          7267
     27        2           929          9342
     28        2           815          6386
     29        2           821          6915
     30        2           609          4618
     31        2           530          4524
     32        2           925          4863
     33        2           449          4141
     34        2           356          4421
     35        2           789          5940
     36        1            51          5240
     37        2           431          6561
     38        2           648          6776
     39        2           813          6866
     40        2           716          5391
     41        2           514          5662
     42        2           987          4959
     43        2           747          5840
     44        2           660          7729
     45        2           614          6583
     46        2           728          6208
     47        2           601          8522
     48        2           650         12097
     49        2          2175         10597
