Attempt Distance          Time         TTime
      0        2         16573         27949
      1        2          7578         26980
      2        2         10378         24378
      3        2          8606         28172
      4        2          9537         23748
      5        2          9744         26378
      6        2         10187         24093
      7        2          9402         27956
      8        2          9622         23981
      9        2         10501         32731
     10        2          9925         28863
     11        2         13751         25814
     12        1           106         33630
     13        2          9210         32561
     14        2         11709         33978
     15        1           144         43199
     16        2         12108         31502
     17        2         10374         27037
     18        2          8870         28209
     19        2         10597         29647
     20        2         10571         23926
     21        2          8973         26104
     22        1            75         29162
     23        2          8401         26647
     24        2         10297         28680
     25        1            81         27149
     26        1            78         28868
     27        2         12528         30400
     28        1            69         33818
     29        2         12300         29700
     30        2          7796         30965
     31        1           111         31596
     32        1            83         33198
     33        2         12764         38990
     34        2          6711         14869
     35        2          5528         15315
     36        2          4186         13895
     37        1            47         15176
     38        2          5994         15252
     39        2          5905         26281
     40        2          3979         15698
     41        2          6408         12938
     42        1           251         19364
     43        2          4154         14117
     44        1            76         15825
     45        1            63         14983
     46        2          5975         15706
     47        2          6645         13196
     48        1            50         16129
     49        1            81         20679
