Attempt Distance          Time         TTime
      0        2           863          5347
      1        3          3515          2794
      2        3          1973          2553
      3        3          1732          2233
      4        2           385          2877
      5        3          1141          2057
      6        2           171          2118
      7        2           196          2281
      8        3          1348          1640
      9        3          1509          1637
     10        2           133          2287
     11        2           198          3503
     12        3          1034          1770
     13        3           792          1761
     14        3           839          1726
     15        3          1135          1621
     16        2           187          2308
     17        2           119          2274
     18        2           123          2123
     19        2           130          2056
     20        3          1485          1877
     21        3          1432          3888
     22        2           207          2688
     23        3          1076          3198
     24        3          2162          5513
     25        3          1922          2218
     26        2           232          2545
     27        3          1409          3096
     28        3          1008          2058
     29        2           115          2209
     30        3          1604          2548
     31        2           158          3470
     32        3          1761          2009
     33        3          1036          2178
     34        2           269          2050
     35        2           177          4248
     36        2           929          2776
     37        2           164          3716
     38        3          2324          2974
     39        2           302          6438
     40        2           222          5674
     41        2           185          3449
     42        2           648          4379
     43        3          3238          2647
     44        2           874          3692
     45        2           261          3567
     46        3          1824          2645
     47        2           126          3133
     48        2           199          4336
     49        3          1282          2854
