Attempt Distance          Time         TTime
      0        2         14369         33893
      1        2         12549         34701
      2        1           149         33061
      3        1           115         42637
      4        2          8343         26501
      5        1            73         22182
      6        1           133         30726
      7        2         12650         31572
      8        1            89         31774
      9        2          7579         27116
     10        1           121         29032
     11        1           134         29322
     12        2          6390         20456
     13        2          5967         23881
     14        2          8883         19939
     15        2          9056         30994
     16        2         11125         26626
     17        2         10900         28335
     18        2          8887         21760
     19        2         11190         28265
     20        1           133         28093
     21        2         11764         27277
     22        2          7306         25513
     23        2          7666         29995
     24        1            80         32739
     25        1           115         41719
     26        1           101         32778
     27        2         10339         28832
     28        2          9546         26819
     29        2         11089         27499
     30        1            75         30614
     31        2          9401         26636
     32        1            64         27304
     33        2         12230         26466
     34        2          8203         29182
     35        2          8180         25993
     36        2         10226         23340
     37        2          9600         45004
     38        1            64         11324
     39        2          3735         10129
     40        1            88         11813
     41        1            42         12212
     42        2          3739         11384
     43        2          3181          9951
     44        2          4383         11671
     45        1            43         13716
     46        2          5447         21867
     47        2          5633         18159
     48        2          4325         14505
     49        1            73         16354
