Attempt Distance          Time         TTime
      0        2         18694         31589
      1        2         14318         27966
      2        2         12114         30418
      3        2         14168         31773
      4        2         12767         32357
      5        1           132         36817
      6        2         14451         35195
      7        2         17884         33189
      8        2         16204         32939
      9        1           260         36012
     10        1           135         42537
     11        1           140         43884
     12        1           150         39227
     13        2         12408         34781
     14        1           107         34029
     15        2         10634         27987
     16        2          9969         27561
     17        2         13042         27846
     18        2         13643         33809
     19        2         20450         39852
     20        2         20621         34137
     21        1            91         37804
     22        2         14140         30223
     23        2         15403         32454
     24        2         13192         35445
     25        2         14979         29511
     26        2         14805         30612
     27        2         15511         33308
     28        2         11988         28441
     29        1           174         37538
     30        2         11909         44774
     31        2          7448         16792
     32        2          6669         16619
     33        2          8722         17380
     34        2          5474         15377
     35        2          4776         15731
     36        2          5682         15711
     37        2          5764         14353
     38        1            99         19144
     39        1            74         22376
     40        2          7723         17977
     41        2          4832         23218
     42        2          6218         13713
     43        2         21916         18291
     44        2          6137         14715
     45        2          5122         14378
     46        2          4484         13900
     47        2          5313         13837
     48        2          5501         16529
     49        2          6454         13014
