Attempt Distance          Time         TTime
      0        2         22463         40467
      1        2         16881         60847
      2        2         15576         41117
      3        1           157         38324
      4        2         17791         43360
      5        2         18912         50930
      6        1           131         55338
      7        1           123         37450
      8        1            81         34164
      9        2         12077         32359
     10        2         18356         35484
     11        1           104         42840
     12        1           304         44104
     13        2         19412         42896
     14        2         23021         65087
     15        2         24902         54641
     16        2         20804         49667
     17        2         18643         45239
     18        2         17895         46339
     19        1           213         45763
     20        2         21251         45801
     21        2         15846         36941
     22        1           106         47692
     23        1            89         52527
     24        2         18063         45448
     25        1           106         90411
     26        2          8604         20809
     27        2          6607         19603
     28        2          9450         58188
     29        1           177         21094
     30        2         13574         23528
     31        2          8754         18611
     32        2          9038         21917
     33        1            72         26103
     34        2          9018         33413
     35        2          9451         21365
     36        2          6366         18708
     37        2          7157         19257
     38        2          9799         15939
     39        1            69         18306
     40        2          5614         20598
     41        2          6737         15763
     42        2          5256         20976
     43        1           155         23989
     44        2          5329         16789
     45        2          6865         20731
     46        2         10744         16020
     47        2          6532         24661
     48        2         10463         16422
     49        1            44         19839
