Attempt Distance          Time         TTime
      0        2          7724         25141
      1        2          4946         21306
      2        1           455         18764
      3        2          5518         16119
      4        2          4586         25159
      5        2          5586         15910
      6        2          6354         16810
      7        1            49         22786
      8        2          5011         14785
      9        2          6195         19679
     10        1            74         20993
     11        1            42         17523
     12        2          5160         16571
     13        2          4573         21914
     14        2          3788         17222
     15        2          4233         16919
     16        2          6499         26495
     17        2          6074         26779
     18        2          5962         26311
     19        1           118         25474
     20        2          5635         36087
     21        2          4464         20419
     22        2          4652         34818
     23        2          8893         31272
     24        2          8230         30945
     25        2          5226         30778
     26        2          8343         23108
     27        2          4233         22451
     28        1            48         21899
     29        2          7495         21276
     30        2          2892         18761
     31        2          7428         25247
     32        2          7070         20619
     33        1            36         21759
     34        2          8860         18435
     35        2          3300         16505
     36        2          4481         20622
     37        2          5670         20180
     38        2          6719         17780
     39        2          4066         18866
     40        1            92         29913
     41        1            43         17861
     42        2          8426         25705
     43        2          8969         20578
     44        2          3647         25165
     45        2          5670         17917
     46        1            36         20554
     47        2          6069         23161
     48        2          7273         19280
     49        2          4742         37488
