Attempt Distance          Time         TTime
      0        2         24266         31082
      1        2         14499         37461
      2        2         17319         68234
      3        2         19021         41807
      4        2         16067         32787
      5        2         16296         36141
      6        1           222         36580
      7        2         24220         45715
      8        1            94         53652
      9        1           104         40977
     10        1            77         42081
     11        1           117         52363
     12        2         17637         44437
     13        1           267         47044
     14        1           102         51539
     15        1           100         40864
     16        1          1036         42517
     17        2         15900         35996
     18        2         16808         42129
     19        1           168         47014
     20        2         20009         41012
     21        2         14738         34648
     22        2         22685         32775
     23        2         15631         29534
     24        1           123         34478
     25        1           149         34863
     26        2         14104         33200
     27        2         18899         50984
     28        2          7351         13665
     29        1            47         16127
     30        2          6207         13118
     31        2          8781         14636
     32        2          5798         14221
     33        1           179         18029
     34        2          6280         14706
     35        1            51         14695
     36        1            55         15011
     37        1            90         26882
     38        2          6534         13821
     39        2          6399         13355
     40        2          5928         12376
     41        2          5745         12513
     42        1           141         16248
     43        2          6515         13168
     44        1            55         15319
     45        2          6472         17387
     46        2          6899         14054
     47        2          5833         12639
     48        1            54         17155
     49        1            75         13066
