Attempt Distance          Time         TTime
      0        2          7045         28996
      1        2          4786         15271
      2        2          1990         13263
      3        2          1823         12633
      4        1            36         15883
      5        2          2463         14723
      6        2          4143         10905
      7        2          1740         12802
      8        2          2927         14538
      9        2          1961         21667
     10        2          4316         15439
     11        1            45         14648
     12        2          2008         14276
     13        2          3384         16942
     14        2          3890         14620
     15        2          4959         18991
     16        2          2356         16428
     17        2          3484         17739
     18        2          2754         21956
     19        2          3552         23090
     20        2          3769         21850
     21        2          6798         18512
     22        2          1760         12409
     23        1            38         14486
     24        2          3063         11369
     25        2          2680         11875
     26        2          1972         10141
     27        1            37         12069
     28        2          2904         11600
     29        2          2416          9861
     30        1            29          9278
     31        2          2979         11555
     32        2          2447         12580
     33        2          1998          9956
     34        2          1942         10332
     35        2          2000          9247
     36        2          2278         11886
     37        2          3037         11618
     38        2          2287         10389
     39        1            35         12379
     40        2          2156          9563
     41        2          3245         12812
     42        2          3587          9671
     43        2          2557         10229
     44        2          1629         12379
     45        2          2550         11313
     46        2          2435         10438
     47        2          2909         10863
     48        2          3024         26376
     49        2          3789         20214
