Attempt Distance          Time         TTime
      0        2          5334         11161
      1        2          1470          9533
      2        2          1401          8810
      3        2          1115          6574
      4        2          1715          7945
      5        2          1276          7445
      6        2          1260          6469
      7        2          1158          6247
      8        2          1161          6871
      9        2          1155         10324
     10        2          1816          7260
     11        2           995          6011
     12        2          1139          7282
     13        2          1009          7441
     14        2          1192          6640
     15        2          1106          7588
     16        2          1384          7310
     17        1            23          6609
     18        2          1505          7663
     19        2          1065          6640
     20        2           898          5878
     21        2           732          7253
     22        2          1323          8562
     23        2           972          7125
     24        2           775          5659
     25        2           667          6658
     26        2          1432          7087
     27        2           904         10541
     28        2          1478          7070
     29        0             2          7658
     30        2          1044          6167
     31        2          1051          6322
     32        2           971          5762
     33        2           687          8662
     34        2          1176         13034
     35        2          1126          5926
     36        2          1361          7360
     37        2          1734          7807
     38        2          1659         17565
     39        2          2490         10509
     40        1            25          9121
     41        2          1786          6421
     42        2          1317          8514
     43        2          1289          9415
     44        2           969          9437
     45        2           989          9367
     46        2          2064         11315
     47        1            56         12626
     48        1            91         10130
     49        2          2954         14802
