Attempt Distance          Time         TTime
      0        2         19398         46150
      1        1           153         37451
      2        2         11143         33264
      3        1            96         33311
      4        2         12058         59267
      5        1            73         26150
      6        1            80         28293
      7        1           124         27033
      8        2         10628         27833
      9        2         12488         22948
     10        2         10975         31842
     11        2         13729         29281
     12        2         13023         44123
     13        2         17649         45244
     14        1           355         37552
     15        2         11199         25614
     16        2          8977         26383
     17        1            64         30699
     18        1            71         27728
     19        2         11403         28450
     20        1            64         28164
     21        1           122         33724
     22        1           498         29015
     23        2         10564         27362
     24        2         11670         24680
     25        2         10921         31210
     26        2         13089         31015
     27        2         14930         28103
     28        1           111         32944
     29        2         10717         29962
     30        2         13556         29579
     31        2         14269         28422
     32        1            84         51939
     33        2          6914         13921
     34        1            65         13370
     35        2          4874         27670
     36        2          6667         12960
     37        2          4448         13647
     38        1            57         17702
     39        1            56         14126
     40        2          4201         13677
     41        2          4340         13562
     42        2          4733         18945
     43        2          6186         17038
     44        1            74         17828
     45        2          7842         18257
     46        2          6078         14269
     47        1            45         15538
     48        2          5409         15324
     49        1            71         14728
