Attempt Distance          Time         TTime
      0        1           187         14220
      1        2          1225          8324
      2        2          1122          7458
      3        2           693          4426
      4        2          1003          5980
      5        2           627          6007
      6        2           666          6705
      7        2           571          5392
      8        2           515          5196
      9        2           497          4070
     10        2           496          7846
     11        2           833          5617
     12        2           649          5061
     13        2          1394          5489
     14        2           493          5447
     15        2           772          5962
     16        1            22          6301
     17        2           499          6657
     18        2           771         11518
     19        2          2045         10809
     20        2           558          6905
     21        2           359          4702
     22        2           333          5533
     23        2           493          7829
     24        2           579          4471
     25        2          1159          9271
     26        2           536          4608
     27        2          1108          6477
     28        3          5128          2944
     29        2           719          7742
     30        1            69          5937
     31        2           399          7266
     32        2           630          6292
     33        2           384          5538
     34        3          5295          3417
     35        2           411          5740
     36        2           416          7012
     37        2          1123          6268
     38        2           970          6677
     39        2           757          7118
     40        2           515          4379
     41        2           416          4618
     42        2           517          8206
     43        2           497          5294
     44        2           441          4077
     45        2           914          4391
     46        2           438          4765
     47        2           396          5404
     48        2           431          4636
     49        1            23          5218
