Attempt Distance          Time         TTime
      0        2          5369         14122
      1        2          3055         10259
      2        2          1889          8347
      3        2          1904         12321
      4        2          3202         10398
      5        2          3303          8527
      6        2          1733          9683
      7        2          1719          9919
      8        2          2342         10071
      9        1            25         11594
     10        2          1857         10657
     11        1            54         10472
     12        1            47         11916
     13        2          1820          8754
     14        1            30         11310
     15        1           140         11759
     16        1            86         13451
     17        2          2056          8678
     18        2          2207          8992
     19        2          1714         12052
     20        2          2641         15391
     21        2          1955          9087
     22        2          1755          9339
     23        2          1863          8323
     24        2          1463          7750
     25        2          3055         17073
     26        2          2092         14345
     27        2          2730          9599
     28        2          1901          8674
     29        2          1745         10663
     30        2          2870         14210
     31        2          2709         11300
     32        2          1932         13785
     33        2          2902         15793
     34        2          2917         17101
     35        2          2262         15038
     36        2          3959         14724
     37        1           110         21660
     38        2          2862         12643
     39        2          1432          9737
     40        2          2489         11364
     41        1           220          8993
     42        1            29         11505
     43        2          1856         10001
     44        2          1532          7668
     45        2          1512          8056
     46        1            29         10378
     47        2          2198          7373
     48        1            30         10569
     49        2          2043          9719
