Attempt Distance          Time         TTime
      0        1          1119         80946
      1        2         15695         40021
      2        2         16111         31426
      3        2         16535         36019
      4        2         20883         31653
      5        1           101         41152
      6        2         16450         37200
      7        2         20519         30876
      8        2         15298         40752
      9        2         18266         46769
     10        2         18436         44744
     11        2         19086         39697
     12        1           222         35475
     13        2         14050         36790
     14        2         14648         33598
     15        1           106         41503
     16        2         18573         33420
     17        1           121         45193
     18        2         18673         35332
     19        2         29027         50156
     20        1           144         60190
     21        2         24273         51346
     22        2         23537         47749
     23        2         20616         46135
     24        1           140         75402
     25        1            59         22649
     26        2          7197         18307
     27        1            69         25749
     28        2          8174         17600
     29        1            75         20129
     30        1            70         21629
     31        1            76         33774
     32        2          6485         19295
     33        2          9358         16661
     34        1            66         20230
     35        2         11932         18291
     36        2          9423         16712
     37        2          6641         17112
     38        2          9529         19720
     39        2          9509         19286
     40        2          7794         20877
     41        1           259         20798
     42        2          7739         19150
     43        2          5096         21796
     44        1           150         20245
     45        1            58         14511
     46        2          7282         15316
     47        1            69         18043
     48        2          6751         15029
     49        2          5776         15098
