Attempt Distance          Time         TTime
      0        2          2307          7605
      1        2           719          8019
      2        2           996          5827
      3        1            67          4685
      4        2           482          3664
      5        2           692          6343
      6        2           621          5183
      7        2           964          5088
      8        2          1007          5010
      9        2           742          4104
     10        2           627          5456
     11        2           860          4197
     12        2           398          3962
     13        1            20          4726
     14        2           536          4278
     15        2           463          5638
     16        2           810          7647
     17        2           841          5407
     18        2           611          6257
     19        2           746          5080
     20        2           395          5651
     21        2           464          4384
     22        2           509          3236
     23        2           379          5318
     24        2           360          3924
     25        1            16          4246
     26        2           382          3483
     27        2           840          5370
     28        1            33          8598
     29        2          6367         16295
     30        3          7836          5972
     31        2           755          7986
     32        2          1741          7661
     33        2           776         10464
     34        2           490          5529
     35        2           601         14699
     36        2           565          6398
     37        2          2942          7901
     38        2           773          7798
     39        1            45         10437
     40        2          1083          9285
     41        2           929          7884
     42        2           663          6672
     43        2          3282         13837
     44        2           704          8312
     45        2           795          6084
     46        2           539          7998
     47        1            40          9678
     48        2           783          9660
     49        2           563          6587
