Attempt Distance          Time         TTime
      0        2          8646         29298
      1        2          2971         17880
      2        2          2072         15647
      3        2          5046         10580
      4        2          4439         18532
      5        2          2908         14539
      6        2          3517         19225
      7        2          6328         17359
      8        1            89         21585
      9        2          4760         12817
     10        2          5960         18805
     11        2          3520         16575
     12        2          2693         15103
     13        2          5157         19210
     14        1            37         12054
     15        2          2492         10813
     16        2          3261         11958
     17        2          3164         12057
     18        1            35         12603
     19        1            51         12763
     20        2          1704         10886
     21        2          2232         10889
     22        1            61         13004
     23        2          3586         10095
     24        2          2327         11257
     25        2          2405         12473
     26        2          2845         11289
     27        2          2231         12073
     28        2          2838         12280
     29        2          1901         13756
     30        2          2140          9823
     31        2          2848          9521
     32        2          2131         14425
     33        2          2347         14416
     34        2          2275         10543
     35        2          1953         11030
     36        2          2003         11744
     37        2          1976         12583
     38        2          2495          9564
     39        2          3303         23820
     40        2          4972         16380
     41        1            24         14419
     42        2          2173         13066
     43        2          2301         13294
     44        2          1987         18940
     45        2          4069         12653
     46        2          2833         12345
     47        2          3950         11792
     48        2          3290         20247
     49        2          4338         14956
