Attempt Distance          Time         TTime
      0        2          4264         14586
      1        2          2683         11618
      2        2          1682          8041
      3        2          1813          9886
      4        2          2102         12507
      5        2          2545         11428
      6        2          1702          8706
      7        2          1350          8722
      8        2          1824          7547
      9        2          1421         10635
     10        2          1985         14124
     11        2          1682         12113
     12        2          1424         12931
     13        2          2030         19925
     14        2          3256         14841
     15        2          3038          9230
     16        2          1389         14178
     17        2          1373         13676
     18        2          2008         15612
     19        2          2458         11040
     20        2          1556         11844
     21        2          1323         10179
     22        2          1628          8740
     23        1            58         12879
     24        2          1138         10331
     25        2          1765          8522
     26        2          1605          7092
     27        2          1296          7889
     28        2          1264          7295
     29        1            33          7825
     30        2          1266          6849
     31        2          1307          9057
     32        2          1123          8926
     33        2          1224          7454
     34        2           988         10911
     35        2          1155          7378
     36        2          2013          9265
     37        2          1031          9750
     38        2          1404          7074
     39        2          1578          9310
     40        2          1653          9755
     41        2          1172          6760
     42        2          1107          9695
     43        2          2265          7817
     44        1            88          8481
     45        2          1129         10328
     46        2          1387          7394
     47        2          1439          8017
     48        2           849          7734
     49        2          1740          7907
