Attempt Distance          Time         TTime
      0        1          1010         66813
      1        2         32965         72613
      2        1           275         71003
      3        1           167         51713
      4        2         20908         40139
      5        1           464         44778
      6        2         22730         45262
      7        2         20134         38114
      8        2         22185         40206
      9        2         15409         39766
     10        2         20130         56005
     11        2         40335         72245
     12        2         23041         40889
     13        2         13907         33125
     14        1           169         48429
     15        2         19381         39581
     16        2         18003         43024
     17        2         18743         40116
     18        1           187         50364
     19        1           144         20152
     20        2          7991         16294
     21        1            55         31792
     22        2          7089         16923
     23        2          7853         16692
     24        2          7820         18486
     25        1            68         21674
     26        2          7163         15800
     27        1            54         22443
     28        1            81         17220
     29        1            82         18322
     30        2          6823         16702
     31        2          6959         16557
     32        2          7606         15577
     33        2          7988         17438
     34        2          8460         16415
     35        1            95         18639
     36        1           106         18762
     37        2         10585         19409
     38        1           126         29598
     39        2         10287         36920
     40        2          8432         23228
     41        1           382         34873
     42        1            74         16993
     43        1           129         25601
     44        1           247         25701
     45        1           557         19991
     46        2          5727         15390
     47        2          6755         17902
     48        1           109         16819
     49        1            70         15198
