Attempt Distance          Time         TTime
      0        3          2234          3701
      1        3          1201          2535
      2        3           763          2527
      3        3          1169          3958
      4        3          1211          4018
      5        2           195          2667
      6        3           612          3139
      7        2           137          2220
      8        3           835          2439
      9        3           993          3444
     10        3           845          2289
     11        4          1645          1213
     12        3          1062          3240
     13        3           542          2996
     14        3           632          1565
     15        3          2181          2909
     16        3           839          4266
     17        2           187          2139
     18        3           800          2540
     19        3           467          1616
     20        3           531          2341
     21        3           656          2140
     22        3          1183          2241
     23        2           161          2433
     24        4          1571          1436
     25        2           192          2360
     26        3           501          1793
     27        3           605          1626
     28        2            76          1901
     29        3           704          1528
     30        3           639          1676
     31        3           763          2235
     32        3           428          1370
     33        3           502          1447
     34        3           517          1699
     35        3           513          1319
     36        3           468          1241
     37        3           498          1710
     38        3           471          1431
     39        2            93          1963
     40        3           586          1589
     41        3          1001          2920
     42        3           627          1300
     43        3          1246          1267
     44        3           448          1354
     45        3           621          2365
     46        4          2966          1683
     47        3           528          1632
     48        3           297          1765
     49        3           497          2301
