Attempt Distance          Time         TTime
      0        2         18354         32129
      1        2         10727         25702
      2        1            84         31023
      3        1           118         29469
      4        2         10715         26849
      5        1           188         37938
      6        2          9112         29825
      7        2         11604         23741
      8        1           190         34762
      9        2         10408         29376
     10        1           132         26438
     11        2          9518         31682
     12        2         10870         34102
     13        2         14756         35508
     14        2         16845         34247
     15        2         13885         27539
     16        2         10323         25294
     17        2          9927         25935
     18        2         11120         25020
     19        1            67         28349
     20        2         10010         26435
     21        2          9447         24784
     22        2         10396         26442
     23        2         11837         24542
     24        2         10269         27087
     25        2         10949         28882
     26        1           189         34805
     27        2         12002         28335
     28        2         14023         29486
     29        2         13230         26475
     30        2         11838         38319
     31        1            76         43257
     32        2          9422         46174
     33        2          6168         15882
     34        2          5089         14052
     35        2          4508         30998
     36        1            71         16899
     37        2          4338         14657
     38        2          5000         14779
     39        2          7198         15265
     40        2          6863         14561
     41        2          4449         15421
     42        1            96         16078
     43        2          6414         15269
     44        2          5163         16886
     45        2          4450         14671
     46        2          4684         15823
     47        2          6663         16259
     48        1            71         17523
     49        2          6168         16858
