Attempt Distance          Time         TTime
      0        2         14482         31681
      1        2          5958         17241
      2        2          5674         18135
      3        1           102         28538
      4        2          4879         23889
      5        2          5122         25090
      6        2          5430         21881
      7        1            52         22945
      8        2          6743         18861
      9        2          7702         23219
     10        2          8020         24532
     11        2          6184         23142
     12        2          6068         28871
     13        2          4843         18725
     14        1           248         18658
     15        2          4261         21024
     16        2          4193         20594
     17        2          5896         17635
     18        2         12165         30862
     19        1            76         22647
     20        2          5478         16515
     21        2          5540         19829
     22        1            44         16118
     23        2          3874         18261
     24        2         10952         21995
     25        2          4360         16614
     26        2          7244         22249
     27        1            76         20159
     28        2          5173         18288
     29        2          6134         17023
     30        1            35         22286
     31        2          5097         15201
     32        2          3496         17923
     33        2          3295         21791
     34        2          5418         17201
     35        2          3653         19031
     36        2          5532         19551
     37        1            87         18987
     38        2          4461         14941
     39        2          5277         19162
     40        2          3638         16939
     41        2          5836         18622
     42        1            76         22393
     43        2          3377         17104
     44        1            47         20842
     45        1            67         23031
     46        2          3485         26698
     47        2          5547         19292
     48        2         26884          8993
     49        2          3125          9415
