Attempt Distance          Time         TTime
      0        2         10546         29687
      1        2          6788         18787
      2        2          6060         16834
      3        1            67         17262
      4        1            76         19465
      5        2          4133         15603
      6        2          4755         15405
      7        2          4800         16772
      8        2          4285         16506
      9        1            86         16701
     10        1            55         19044
     11        1           101         18085
     12        2          4562         14438
     13        1            53         24199
     14        2          3418         15654
     15        1            35         17264
     16        2          4667         23319
     17        2          4456         14732
     18        2          4130         23587
     19        2          4683         20679
     20        2          5982         27477
     21        2          6253         22530
     22        2          6936         23629
     23        2          5043         20142
     24        2          6965         23354
     25        2          5464         16494
     26        2          4843         16955
     27        2          4004         19255
     28        2          7592         24141
     29        1            48         24322
     30        2          5060         31103
     31        2         12521         27845
     32        2          8254         32743
     33        1            60         21364
     34        1            46         26389
     35        1            93         29156
     36        2          3986         20258
     37        2          5032         35027
     38        2          6838         30312
     39        2          4350         27298
     40        2          4203         19205
     41        2          6821         25419
     42        1            82         27168
     43        2          4187         18811
     44        2         10257         22587
     45        2          6634         21078
     46        2          4935         52243
     47        2          3760         22906
     48        2          2555         16075
     49        2          6278         18853
