Attempt Distance          Time         TTime
      0        2         35342         68698
      1        2         23846         66512
      2        2         27311         65361
      3        1           134         69799
      4        1           173         64180
      5        2         21142         56139
      6        2         28613         66430
      7        1           228        109201
      8        2         24452         79811
      9        2         25895         41863
     10        2         16737         44823
     11        2         19596         39512
     12        1            85         41001
     13        1           108         39424
     14        1            81         45588
     15        1           165         60197
     16        2         24881         65926
     17        2         32495        108530
     18        2          9972         21127
     19        2          9303         18383
     20        1           172         25781
     21        2          6083         17900
     22        2          8150         19905
     23        1           127         29072
     24        2          9655         30169
     25        2          9763         23997
     26        1            88         26789
     27        1            69         35691
     28        2          6149         22463
     29        2          7708         18705
     30        2          9062         22402
     31        2          9901         18356
     32        2          5422         20712
     33        1           152         16785
     34        1            56         16815
     35        2          6641         20634
     36        1            95         21587
     37        1            91         17811
     38        2          8364         21922
     39        1           101         17989
     40        2          9356         23550
     41        2          7699         17298
     42        1           130         26717
     43        2         10781         24122
     44        2         11058         25988
     45        2         10906         19960
     46        2         10885         29374
     47        2         12540         23881
     48        1            85         27055
     49        2         10938         17640
