Attempt Distance          Time         TTime
      0        2         14187         29871
      1        2         12406         24927
      2        1            66         27952
      3        1           152         26377
      4        1           101         31500
      5        2         11998         28088
      6        2         10720         36607
      7        2         12476         32431
      8        1           419         38283
      9        2         16503         34792
     10        2         12676         28066
     11        2          7666         26771
     12        2          8575         24213
     13        1            69         29321
     14        2          8908         21206
     15        1            75         28471
     16        1           147         39414
     17        2         15403         38722
     18        1           107         33654
     19        1           118         42778
     20        2         13622         37742
     21        2         12254         39674
     22        1            67         30013
     23        2         10312         27301
     24        2         14699         28542
     25        2         11311         29953
     26        2          9776         27753
     27        2          8120         31059
     28        2         12709         29626
     29        2          9014         30801
     30        2         12084         28625
     31        2          9605         29748
     32        2         11290         26114
     33        2         12280         28333
     34        2          9525         40853
     35        2          4538         15192
     36        2          4530         15809
     37        2          5856         14807
     38        2          6335         17062
     39        2          4412         17650
     40        2          7529         15605
     41        2          4056         14500
     42        2          4472         12435
     43        1            50         12423
     44        2          4402         13834
     45        2          4780         17407
     46        2          6225         13630
     47        2          4292         11482
     48        2          4941         18960
     49        2          3775         24181
