Attempt Distance          Time         TTime
      0       -1           604          1631
      1       -1            16            13
      2       -1            68            27
      3       -1           186          1110
      4       -1            15            64
      5       -1            29           135
      6       -1            13            13
      7       -1            17            31
      8       13           104          1216
      9       -1            25            29
     10       -1           303          1332
     11       -1             7             6
     12       -1           268           395
     13       -1            33            16
     14       -1            69            50
     15       -1            57           233
     16       -1            14            25
     17       -1            13            14
     18       -1             5             5
     19       -1            21            40
     20       -1            10            12
     21       -1            18            13
     22       -1             8             6
     23       -1            11            12
     24       -1            15            20
     25       -1            55           128
     26       -1             5             5
     27       -1             3             4
     28       -1             6             7
     29       -1             3             4
     30       -1           113           380
     31       -1            11            23
     32       -1            28            83
     33       -1             8             9
     34       -1             7             8
     35       -1             8            13
     36       -1             5             7
     37       -1             7            10
     38       -1             4             4
     39       -1             4             4
     40       -1            28            26
     41       -1            45           163
     42       -1             4             4
     43       -1             4             5
     44       -1             3             4
     45       -1             5             9
     46       -1            54           139
     47       -1             4             4
     48       -1            76           383
     49       -1             4             5
