Attempt Distance          Time         TTime
      0        1           267         18144
      1        2          1623         10617
      2        2          1544          7766
      3        2          1286         10690
      4        2          2145          6366
      5        2          2564          8147
      6        2          1263         10662
      7        2          1526          6247
      8        2          1396          7293
      9        2          1111          9357
     10        2          1672          6737
     11        2          2031          7629
     12        2          1243          8860
     13        2          1612          7610
     14        1            71         11169
     15        2          1339          8913
     16        1            23          7805
     17        2          1067          7884
     18        2          1006          6002
     19        2           891         11216
     20        2           984         10417
     21        2           972          6978
     22        2          1560          8492
     23        2           762          5906
     24        2          1661         10196
     25        2           870          9365
     26        2          1196          7370
     27        2          2258          7339
     28        1            28          8599
     29        2          1208          9705
     30        2           950          9735
     31        2          1027          6496
     32        2          1435          7481
     33        2           806          5595
     34        1            54         11281
     35        2           706          9698
     36        2          1801          9477
     37        2          1398         10236
     38        2          1244         11294
     39        2          1234          8052
     40        2          1902          8631
     41        2           815          9236
     42        2           804          5449
     43        2           892         11146
     44        2          1208         10784
     45        2           968          8088
     46        2          2092          9001
     47        2          1107          9180
     48        2          1991          7185
     49        2          1193         14691
