Attempt Distance          Time         TTime
      0        2         15933         27726
      1        2         12572         27534
      2        2         10271         32496
      3        2         14592         28863
      4        2         14874         34914
      5        2         19441         37014
      6        2         15894         40937
      7        2         13037         54908
      8        2         16734         34275
      9        2         12996         25725
     10        1            98         25432
     11        2         12057         28068
     12        2         10727         25714
     13        1            66         30780
     14        2         11894         30843
     15        1           151         34501
     16        1            75         30097
     17        2         13338         26851
     18        2         11030         30398
     19        2         11333         31120
     20        1            87         36714
     21        1           176         36285
     22        2         10940         29364
     23        2         12074         33813
     24        2         13148         30007
     25        1           128         37941
     26        2         12721         28207
     27        2         18047         31391
     28        2         10702         32158
     29        2         11428         33222
     30        2         13370         28911
     31        2         39436         12785
     32        2          6067         14920
     33        2          4616         14392
     34        1            46         19564
     35        2          6408         13263
     36        2          8491         13266
     37        1            63         14957
     38        2          8438         14588
     39        2          5942         14026
     40        2          5944         17191
     41        2          5362         14127
     42        2          4332         15360
     43        1            82         15950
     44        2          5425         13329
     45        2          7581         16090
     46        1            57         19029
     47        2         19091         13480
     48        2          5567         12366
     49        2          5269         13720
