Attempt Distance          Time         TTime
      0        2          1524         10637
      1        3          3917         12471
      2        3          2659          4736
      3        2           709          5899
      4        3          3500          6042
      5        3          3654         16938
      6        2           358         11996
      7        2           336          5141
      8        3          3430          5218
      9        3          3044          4747
     10        3          6382          9563
     11        2           473          6128
     12        2           411          9315
     13        2           307          5427
     14        3          3735          4263
     15        3          2395          3227
     16        2           545          7867
     17        1            15          2592
     18        3          1346          1824
     19        2           156          2051
     20        3          1605          2293
     21        2           136          2312
     22        2           194          3502
     23        2           176          2440
     24        2           163          2153
     25        2           146          2917
     26        2           203          2148
     27        3          1075          2367
     28        3          1247          1948
     29        2           168          1811
     30        2           138          2421
     31        3          1476          1828
     32        2           166          1894
     33        2           130          1778
     34        2           120          1784
     35        2           171          2188
     36        2           231          3010
     37        2           167          2179
     38        2           174          3652
     39        2           283          2822
     40        2           180          2632
     41        2           426          2596
     42        3          1888          1812
     43        2           249          2474
     44        3          1441          1865
     45        2           134          2179
     46        2           400          4721
     47        2           351          4567
     48        3          3924          3608
     49        2           184          2206
