Attempt Distance          Time         TTime
      0        1           711         43498
      1        1           187         35101
      2        2         11129         27055
      3        1            74         28688
      4        1            80         28415
      5        2          9219         27158
      6        2         10932         21661
      7        2         12572         26946
      8        2         10135         24551
      9        2         11124         26331
     10        2         10361         25302
     11        2         10900         28459
     12        2         11900         29092
     13        2         11066         22713
     14        2         14246         28971
     15        2         12246         34578
     16        2         13644         30974
     17        2         13878         34003
     18        2         10651         24944
     19        1           115         32454
     20        1            77         25931
     21        1            64         31662
     22        2          9970         22620
     23        1            87         31202
     24        2          9460         22971
     25        2         10159         27245
     26        2         10017         26101
     27        2          9920         29869
     28        2         11294         37180
     29        2         14234         27624
     30        1            79         33981
     31        2         11793         30204
     32        2          8669         65772
     33        2          5547         19129
     34        1            55         17496
     35        2          4634         20223
     36        2          5551         17417
     37        2          3675         14909
     38        1            82         15940
     39        2          5897         27886
     40        1            46         12821
     41        2          3778         15970
     42        2          4667         15570
     43        2          4553         12789
     44        2          5078         14468
     45        2          7256         17363
     46        2          6732         19754
     47        2         11400         17857
     48        2          5931         20189
     49        1           124         16935
