Attempt Distance          Time         TTime
      0        2         18596         33438
      1        1           245         35054
      2        1           151         35597
      3        1            75         30879
      4        2         11686         30580
      5        2         14444         28155
      6        2         14824         31626
      7        2         12793         30151
      8        1           437         35145
      9        2         12631         39855
     10        2         15810         30482
     11        2         15933         40287
     12        2         16221         37235
     13        2         19179         39236
     14        1            88         52978
     15        2         26697         60386
     16        2         16649         33947
     17        2         12755         27387
     18        2         10678         38621
     19        2          9999         31052
     20        1            79         31663
     21        2         12756         33786
     22        1           251         39798
     23        2         16446         49581
     24        1            99         44730
     25        2         17287         45258
     26        2         16556         47945
     27        2         12925         40787
     28        1           176         63185
     29        2          7163         22682
     30        1           115         19302
     31        1           350         24161
     32        2          6240         14938
     33        1            92         23382
     34        1           101         21174
     35        1           171         22977
     36        2          6087         15201
     37        1            65         23458
     38        2          7290         34082
     39        2          6076         13985
     40        1           232         17181
     41        2          4862         12662
     42        2          4679         18624
     43        2          5124         20306
     44        2          4914         15179
     45        2          4236         18299
     46        2          8995         14853
     47        1            86         17766
     48        2          6727         16815
     49        2          6160         16009
