Attempt Distance          Time         TTime
      0        2         24392         36700
      1        1           247         51252
      2        2         18425         42148
      3        2         21044         41116
      4        1           122         51912
      5        1          1575         62615
      6        2         27115         50425
      7        2         17434         43695
      8        2         17330         38946
      9        2         19603         44280
     10        2         20801         41938
     11        2         17859         44671
     12        2         19338         53928
     13        2         23366         52121
     14        2         23428         51780
     15        1            89         45437
     16        1            94         45552
     17        1            99         46976
     18        2         22592         45430
     19        2         23011         41259
     20        2         19429         34739
     21        1         36571         16901
     22        1            59         18731
     23        1            93         16686
     24        1            52         15463
     25        1           273         17397
     26        1            91         14677
     27        2          6164         13266
     28        2          6322         16093
     29        1            85         17094
     30        1            64         19989
     31        1           225         44858
     32        2          9089         18020
     33        2          5436         22413
     34        2         14971         24513
     35        1            89         26558
     36        1           245         21152
     37        2          9482         16793
     38        2          6051         17318
     39        2          8980         19587
     40        2          6551         16128
     41        2          9367         25530
     42        2         10193         18581
     43        2          6519         21654
     44        2          7370         20018
     45        1           161         20050
     46        2          7721         15754
     47        1           112         21614
     48        1            84         20049
     49        2          5802         15286
