Attempt Distance          Time         TTime
      0        2          7706         22429
      1        2          4140         14468
      2        2          5572         15665
      3        2          3188         13750
      4        2          3703         21116
      5        1            99         20861
      6        2          2909         24262
      7        2          5562         17073
      8        2          3954         14108
      9        1            76         21889
     10        1            90         16818
     11        1            44         15794
     12        2          2655         20097
     13        2          5092         19262
     14        2          3098         18801
     15        2          4018         21328
     16        2          2325         17745
     17        2          2507         18191
     18        2          4840         19307
     19        2          4298         20453
     20        1            63         22100
     21        2          2888         14450
     22        2          2643         14221
     23        2          3137         10966
     24        1            68         13097
     25        2          2722         11547
     26        2          2618         15082
     27        1            68         13265
     28        2          2902         11328
     29        2          2223         11012
     30        2          2981         16256
     31        2          3360         10624
     32        1            47         11899
     33        2          2247         12788
     34        2          2622         14105
     35        1            55         12650
     36        2          2478         12843
     37        2          2596         11882
     38        1            52         15366
     39        2          4368         11913
     40        2          2225         10850
     41        2          3424         11415
     42        2          3465         12830
     43        1            65         11370
     44        2          2113         13658
     45        1            34         15178
     46        2          3683         17490
     47        2          3578         15261
     48        2          5265         19876
     49        2          3034         19522
