Attempt Distance          Time         TTime
      0        2         23850         53556
      1        1           170         62208
      2        2         19647         45839
      3        2         18459         51742
      4        2         21751         49016
      5        1           119         39752
      6        2         23046         50102
      7        1           157         59892
      8        2         30692         47276
      9        1           135         39906
     10        2         23038         37942
     11        2         18887         41738
     12        2         17801         39885
     13        2         19781         35806
     14        2         23798         62246
     15        1           305        104597
     16        1           113         26926
     17        1           124         20667
     18        2          9707         17361
     19        2          5894         22244
     20        2          7163         20920
     21        2         11047         31188
     22        2         10198         22270
     23        2          6704         30139
     24        2          9009         19001
     25        1         18683         20215
     26        2          8810         17684
     27        1            78         18085
     28        2          6217         22641
     29        2          6433         17713
     30        1           102         19807
     31        2         12634         19598
     32        2          9729         17596
     33        2          5781         24155
     34        1            98         19937
     35        2          7774         19682
     36        2         10053         19520
     37        2          7151         17117
     38        2          7475         20525
     39        2          6655         19388
     40        2         11047         17106
     41        2         11025         20104
     42        1            68         19538
     43        2         11092         25373
     44        2          7859         17008
     45        2          8526         18953
     46        2         13509         21965
     47        2          9757         23098
     48        1            60         19688
     49        1            55         19253
