Attempt Distance          Time         TTime
      0        1           440         32244
      1        1           139         21243
      2        2          4680         17457
      3        1            56         17056
      4        1            46         22346
      5        2          5194         20123
      6        1            49         19682
      7        2          5690         19654
      8        2          3743         16605
      9        2          5067         12986
     10        2          4054         17368
     11        2          4104         14439
     12        2          3857         13573
     13        2          4183         16068
     14        2          4626         11590
     15        2          3672         15447
     16        2          3690         15677
     17        1            92         20634
     18        2          6718         12392
     19        2          5287         18632
     20        1            60         22872
     21        2          5095         12393
     22        2          3719         15574
     23        2          3765         12336
     24        2          4980         21791
     25        2          5355         15886
     26        2          4655         22341
     27        2          3259         22848
     28        2          4154         20216
     29        2          4728         19861
     30        2          5175         18344
     31        1            68         24682
     32        2          5102         15167
     33        2          3301         16549
     34        2          3262         12542
     35        1            47         13435
     36        1            42         13911
     37        1            36         21517
     38        2          3710         24078
     39        2          4834         19390
     40        2          5090         16611
     41        2          2654         18266
     42        2          3831         16577
     43        2          4844         18102
     44        1            50         16300
     45        2          3457         17878
     46        2          3110         16346
     47        2          3713         15713
     48        2          4967         23450
     49        2          4314         24805
