Attempt Distance          Time         TTime
      0        1           717         75816
      1        1           113         62155
      2        1           136         47017
      3        1           116         62943
      4        1           155         57001
      5        1           192         64882
      6        2         21707         53669
      7        1           258         50292
      8        2         21499         49276
      9        1           117         61369
     10        2         33747         59587
     11        2         14641         33827
     12        1            85         39605
     13        2         14908         33063
     14        1           103         37965
     15        2         14613         31702
     16        1            82         38136
     17        1            98         61164
     18        2         20305         47278
     19        2         18271         56992
     20        1           145         56754
     21        2         22901         51947
     22        2         19321         44929
     23        1           152         49105
     24        1            96         49933
     25        2         17999         66664
     26        1            78         20437
     27        2          9246         19104
     28        2          9210         33740
     29        1           162         22414
     30        2          8190         17541
     31        2          8295         16847
     32        2          7696         24241
     33        2          9800         18375
     34        1            53         16953
     35        1           148         17772
     36        2         13048         19202
     37        1           194         31794
     38        2         13980         24209
     39        2          9946         17221
     40        1            51         21898
     41        2         11670         25257
     42        2          9799         24162
     43        1           312         25184
     44        1           187         27989
     45        1            93         30153
     46        2          5813         22607
     47        2          8973         18392
     48        2          9591         19443
     49        1           182         18085
