Attempt Distance          Time         TTime
      0        2          9366         24069
      1        2          3275         20489
      2        2          4277         17889
      3        2          5488         14254
      4        2          8650         20898
      5        2          2994         15730
      6        2          5922         17569
      7        2          4445         20476
      8        2          5720         17317
      9        1            37         23075
     10        2          4932         18741
     11        1            43         17792
     12        2          3622         16140
     13        2          6394         22788
     14        1            47         17038
     15        2          5961         17027
     16        2          3937         24471
     17        2          3738         16658
     18        2          3549         23644
     19        2          6264         20363
     20        2          5998         24705
     21        2          6011         22784
     22        2          4692         24625
     23        2          5022         31322
     24        1            67         24183
     25        2          9368         32810
     26        1           159         20954
     27        1            42         21959
     28        2          4950         23760
     29        2          7635         20484
     30        2          3954         26507
     31        2          4294         18318
     32        2          5393         18422
     33        2          4865         27374
     34        2          4765         18503
     35        2          6224         24308
     36        2          4895         22036
     37        1            68         20710
     38        2          4188         27045
     39        2          5252         31076
     40        2          5418         27384
     41        2          4649         23907
     42        1            94         25414
     43        1           295         26684
     44        2          6426         16942
     45        2          3758         20693
     46        2          2966         15537
     47        2          5802         17612
     48        1            60         23646
     49        2          4010         21830
