Attempt Distance          Time         TTime
      0        2         14798         34678
      1        1           172         29872
      2        1           129         28442
      3        2          7408         28170
      4        2         10195         25755
      5        2         12400         22547
      6        2         10050         30262
      7        2          8688         26406
      8        2         10367         39151
      9        2         25386         63469
     10        2         15595         68959
     11        2          6898         66248
     12        2         20622         62439
     13        2         25834         47091
     14        2         14324         36123
     15        2         11583         25000
     16        1            87         27419
     17        2         10707         28232
     18        2          8390         24265
     19        2          7937         25836
     20        2          6817         20354
     21        2          5797         20903
     22        2          6927         20182
     23        1            76         26231
     24        2         17145         26858
     25        2          8033         29743
     26        2         10534         21728
     27        2          9695         26388
     28        2         10412         33449
     29        1           128         47545
     30        2          7773         31196
     31        1           155         36940
     32        2         10830         26562
     33        2          7896         27879
     34        2          7178         28897
     35        2         11387         30284
     36        2         10230         58370
     37        2          3589         13247
     38        2          3071         13649
     39        1           134         13835
     40        1            43         25673
     41        2          5881         13301
     42        2          3914         11660
     43        1           132         12061
     44        2          5501         14915
     45        2          4050         10035
     46        2          6905         12754
     47        1           119         10667
     48        2          4461         11123
     49        1            54         14148
