Attempt Distance          Time         TTime
      0        1          1072         61730
      1        1           354         71724
      2        2         31333         43087
      3        2         21120         41425
      4        1            85         39890
      5        2         15690         35908
      6        2         18610         33039
      7        1           150         41157
      8        2         21083         61846
      9        1           164         61899
     10        1           419         86162
     11        2         27005         49876
     12        2         16803         39656
     13        1           107         48695
     14        2         24001         47820
     15        2         24492         48961
     16        1            76         57982
     17        2         24914         49114
     18        2         17096         44886
     19        1           121         44948
     20        1           408         48606
     21        2         19323         41355
     22        1           103         39300
     23        1           107         37344
     24        2         17103         44524
     25        2          7986         15447
     26        1            55         17266
     27        1           102         19227
     28        2          7608         15199
     29        2          6137         15942
     30        1            88         30962
     31        1           110         15971
     32        1            97         17774
     33        2          8080         15247
     34        2          7497         15073
     35        2          6190         14755
     36        2          8140         16350
     37        1            54         15252
     38        2          5438         15487
     39        2          7687         17022
     40        1            91         25664
     41        1           273         20518
     42        1           129         23072
     43        2          8999         17008
     44        2         14343         27464
     45        1           148         22455
     46        2          9309         27852
     47        1           152         27830
     48        2         13256         32120
     49        2          9891         17381
