Attempt Distance          Time         TTime
      0        2         17994         30672
      1        1           112         29592
      2        2         12850         27248
      3        2         11674         28460
      4        2         10195         35043
      5        1           134         43129
      6        1            81         32315
      7        2          9170         35828
      8        2         17036         34753
      9        2         13042         28497
     10        2         13501         40934
     11        1           101         34228
     12        2         13839         39039
     13        2         14030         31700
     14        1            81         37303
     15        2         10494         25342
     16        1           105         30170
     17        1            65         34475
     18        1           183         40616
     19        2         11961         23586
     20        2         12302         28113
     21        2         10067         25725
     22        1            80         31986
     23        2          9852         27185
     24        1            78         31869
     25        2         15500         30895
     26        2         16361         27715
     27        2         13462         31313
     28        2         13801         31653
     29        2         13449         27518
     30        2         13612         33015
     31        2         40513         16100
     32        2          5293         13763
     33        2          4179         13165
     34        2          4566         15355
     35        2          4694         15396
     36        2          6929         12565
     37        2          5523         31541
     38        2          4775         14498
     39        2          4621         14131
     40        2          5522         14475
     41        2          6674         15155
     42        2          4513         14324
     43        2          4765         15311
     44        2          4908         15298
     45        2          8339         15338
     46        2          4712         15087
     47        2          4902         13944
     48        2          4867         16062
     49        2          8151         16785
