Attempt Distance          Time         TTime
      0        3          8400          7070
      1        3          4620          2985
      2        2           362          3037
      3        2           243          2961
      4        2           812          5847
      5        2           341         12602
      6        2          1034          4624
      7        3          2229          4703
      8        3          2103          2539
      9        2           231          3089
     10        3          2583          5866
     11        2           241          3549
     12        3          2180          3342
     13        2           281          2765
     14        2           246          3449
     15        2           307          3862
     16        1            41          4064
     17        2           178          3460
     18        2           395          3032
     19        2           302          3402
     20        2           296          3132
     21        3          2818          2084
     22        2           210          2985
     23        2           238          5300
     24        2           289          3742
     25        2           155          3327
     26        2           151          2744
     27        2          1304          5475
     28        2           386          4644
     29        3          2226          2303
     30        2           251          3857
     31        3          2181          2488
     32        2           167          2706
     33        3          1673          3701
     34        2           270          2686
     35        2           270          2720
     36        3          1602          1925
     37        2           158          4247
     38        3          2957          3943
     39        2           369          3060
     40        2           198          3938
     41        2           487          5042
     42        2           236          3468
     43        2           278          2752
     44        3          4022          2484
     45        2           162          3522
     46        2           235          2403
     47        3          2152          5453
     48        3          3210          2772
     49        2           139          2612
