Attempt Distance          Time         TTime
      0        1           182          9526
      1        2           883          6160
      2        2           838          6364
      3        2          1095          4824
      4        2           603          4342
      5        2           469          5210
      6        2           583          5666
      7        2           593          4817
      8        2           688          5385
      9        2           710          4459
     10        2           746          6100
     11        2           535          4945
     12        1            17          5091
     13        2           708          3921
     14        2           661          4276
     15        2           467          6935
     16        2           634          4556
     17        2           555          5797
     18        2           433          4104
     19        2           402          4331
     20        2           452          5274
     21        2           628          4828
     22        2           387          4556
     23        2           536          5765
     24        2           876          7341
     25        2           704          8654
     26        2           584          7505
     27        1            27          6472
     28        2           433          3758
     29        2           379          3961
     30        2           612          4878
     31        2           562          4169
     32        2           491          3437
     33        2           356          3549
     34        2           660          4868
     35        2           520          6143
     36        2           635          6813
     37        2           616          5076
     38        2           532          4830
     39        2           622          6996
     40        2           620          5148
     41        2           549          9966
     42        2          2469         17824
     43        2           948          7955
     44        2          1447         10682
     45        2          1341          5780
     46        2           824          7929
     47        2           640          6977
     48        2           896          7831
     49        2           950          5504
