Attempt Distance          Time         TTime
      0        1           639         36844
      1        2          8421         27384
      2        2         11204         26818
      3        2         10105         26732
      4        2          9349         25857
      5        2          9174         27270
      6        2          9842         23333
      7        2          9971         27967
      8        1            81         27513
      9        1            80         37245
     10        2         10602         24526
     11        1           164         33823
     12        1           154         40785
     13        2         11277         30479
     14        2         11907         36838
     15        1           411         43637
     16        2         18455         29840
     17        2          9736         25755
     18        2          9517         26096
     19        2         14814         30597
     20        1           133         30788
     21        2          9270         24747
     22        2          7860         25036
     23        1            80         27277
     24        2          9705         26618
     25        1            94         28511
     26        2          8950         25033
     27        2          8758         27227
     28        2         12971         35374
     29        2         13228         42660
     30        2         11093         31579
     31        2         12584         28364
     32        2         11281         28917
     33        2         11972         28132
     34        2         11262         40222
     35        1            46         15847
     36        1            64         14931
     37        2          4804         31372
     38        1           231         20883
     39        1            65         18610
     40        2          5865         11317
     41        1            47         15536
     42        2          5758         10820
     43        2          8511         14546
     44        2          3549         13956
     45        1            70         15876
     46        2          3347         16965
     47        2          4184         15077
     48        1           109         22395
     49        2          5204         14891
