Attempt Distance          Time         TTime
      0        2          9661         21350
      1        2          3631         20455
      2        1           104         15429
      3        1           129         15305
      4        2          5428         18183
      5        1           121         18822
      6        1            66         16516
      7        2          4897         19319
      8        2          5742         15377
      9        2          4737         15798
     10        1            94         20078
     11        2          4114         20811
     12        2          7411         19484
     13        1            61         17414
     14        2          3722         18708
     15        2          6189         19728
     16        2          5329         22940
     17        2          5431         26820
     18        2          5240         25111
     19        1            85         27096
     20        1           451         28254
     21        2          6064         26856
     22        2          4095         16282
     23        2          4151         16348
     24        2          5104         17746
     25        2          5448         15143
     26        2          3970         12569
     27        2          4003         17659
     28        2          6143         15938
     29        0             2         17328
     30        2          4724         19449
     31        2          3981         14899
     32        2          4994         14558
     33        2          4742         17244
     34        2          5704         16039
     35        2          4964         28938
     36        1           117         31631
     37        1            72         33095
     38        2          6959         20369
     39        2          7470         25268
     40        2          7274         24589
     41        1            69         27037
     42        1           107         23307
     43        2          3971         14926
     44        2          4690         18071
     45        1            38         16418
     46        2         22036          8890
     47        1            40         12194
     48        2          2494          8299
     49        2          2412          8810
