Attempt Distance          Time         TTime
      0        2         17474         34590
      1        1           155         26547
      2        2          6871         29908
      3        2          9249         25845
      4        1            95         30882
      5        2          7818         20887
      6        2          6497         17842
      7        2         10499         19796
      8        1            93         21803
      9        2         10264         18573
     10        2          7236         19570
     11        2          7751         20390
     12        2          6858         19736
     13        2          7676         18766
     14        2          8494         22411
     15        2          7163         18629
     16        1            74         23047
     17        2          8700         19607
     18        2          7040         34632
     19        2          9286         22885
     20        2         10070         20342
     21        2          7538         29812
     22        2          8542         22166
     23        2         12307         23523
     24        2          9230         23036
     25        2          8562         23890
     26        2          9866         21246
     27        2         12358         26162
     28        2          8617         21522
     29        2          8478         28477
     30        2          7408         25656
     31        2          9163         33495
     32        2         10443         20678
     33        1            70         30594
     34        2          7528         21967
     35        2          6244         27748
     36        2          6562         22025
     37        2          6849         41458
     38        1            86         12475
     39        1            69         13662
     40        2          3555         12007
     41        2          3251         14675
     42        2          4691         10766
     43        1            59         14033
     44        2          3234         12612
     45        2          3124         18843
     46        1            90         12865
     47        2          3094         23518
     48        2          2360         10619
     49        2          4027         11186
