Attempt Distance          Time         TTime
      0        2          4975         12563
      1        2          1886         11015
      2        2          2424          9545
      3        2          2807          8190
      4        2          1273          7445
      5        2           965          6232
      6        2           704          7902
      7        2          1613          4953
      8        2           558          6749
      9        2           893          5582
     10        2           998          9693
     11        2          1643          4575
     12        2           831          5878
     13        2           884          6394
     14        2           679          5386
     15        2           642          4500
     16        2           768          5616
     17        2           647          4219
     18        2           732          5114
     19        2          1110          8153
     20        1            32          6562
     21        2           833          6380
     22        2           572          5586
     23        1            20          5102
     24        1            25          6033
     25        2           756          5041
     26        2           694          7296
     27        2          1337          5247
     28        2           594          5591
     29        2           781          6945
     30        2           678          4999
     31        2           745          6058
     32        2           535          5558
     33        2           773          6256
     34        2           656          5742
     35        2          1235          6299
     36        2           619          5075
     37        2           501          4692
     38        2           546          4661
     39        2           704          5013
     40        2           535          4665
     41        2           592          7096
     42        2           790          5582
     43        2           607          8266
     44        2           816          5232
     45        2           508          5062
     46        2           926          4837
     47        2           883          5270
     48        2           685          6817
     49        2           652          5873
