Attempt Distance          Time         TTime
      0        2          7954         19979
      1        2          3350         16211
      2        2          3615         15993
      3        2          4273         13517
      4        2          4082         16260
      5        2          3844         17849
      6        1           128         14899
      7        2          3658         12278
      8        1            82         18130
      9        2          4697         15874
     10        2          3684         12874
     11        2          2665         16664
     12        2          4108         12584
     13        2          3577         12505
     14        1            56         19098
     15        2          4442         19411
     16        1           126         18145
     17        2          4860         18744
     18        2          5431         21859
     19        2          6659         16686
     20        2          4941         16356
     21        1            59         35710
     22        2          9712         38260
     23        2          3720         29707
     24        2          6598         16263
     25        2          4474         13557
     26        2          2408         13668
     27        2          2827         13845
     28        2          2909         14122
     29        2          3463         15291
     30        2          5247         14567
     31        2          3389         13919
     32        2          4431         20793
     33        2          6524         20277
     34        2          5032         20310
     35        2          6363         26486
     36        2          5012         19578
     37        2          5402         33163
     38        2          3088         17677
     39        2          2380         15470
     40        2          3059         18248
     41        1            32         21715
     42        1            52         24321
     43        2          6733         27245
     44        2          4797         19076
     45        2          3886         18289
     46        1            43         26001
     47        2          4998         18648
     48        2          3217         28253
     49        1            80         28386
