Attempt Distance          Time         TTime
      0        1          2289         40099
      1        2          9776         26950
      2        1            76         30261
      3        2         11289         27419
      4        2          9416         25419
      5        2          7396         24604
      6        2          7111         19865
      7        2         10757         24574
      8        2          8389         19734
      9        1            56         27356
     10        2          9243         23928
     11        2          9188         24092
     12        2         10537         28134
     13        2          9792         25999
     14        2         13108         30200
     15        2         14307         29619
     16        2          9346         30608
     17        1           117         29013
     18        1            70         26497
     19        2          8536         22255
     20        2          9281         21315
     21        2          8929         27929
     22        2          8719         24646
     23        2          9220         24094
     24        2          7911         19209
     25        2          8415         27298
     26        1            80         23151
     27        2          8013         24133
     28        2         10567         21422
     29        2          9453         31577
     30        1            61         26385
     31        1            77         30408
     32        2         10496         23577
     33        2          9320         25959
     34        2         12843         24166
     35        2         10049         41789
     36        2          4787         12236
     37        2          4285         13089
     38        2          3590         15208
     39        2          4689         12339
     40        1            54         14496
     41        2          3953         14469
     42        2          4625         18164
     43        2          3538         12802
     44        2          4290         33254
     45        2          4478         14238
     46        2          3867         17520
     47        2          5210         14135
     48        2          4515         13827
     49        1           532         19318
