Attempt Distance          Time         TTime
      0        1           723         37712
      1        1           122         29369
      2        1            89         25699
      3        2         16714         28800
      4        1           121         31345
      5        1            74         28643
      6        1            77         35111
      7        2         11706         34042
      8        2         11840         35961
      9        2         14388         54765
     10        1            81         36605
     11        1           123         29530
     12        1            71         26580
     13        2          9202         30359
     14        2         10370         26525
     15        1           105         27710
     16        2         10545         22912
     17        2          9745         28476
     18        2         10002         25772
     19        2         11625         26655
     20        1            63         34062
     21        1            71         35544
     22        2         12520         30482
     23        2         13495         30232
     24        1            82         34843
     25        2         13259         30525
     26        2         14414         29948
     27        2         12681         31620
     28        2         10869         27435
     29        1            82         35116
     30        2         13848         28812
     31        2         13317         30947
     32        2         11630         31208
     33        2         36844         12936
     34        2          6415         18372
     35        2          7100         16217
     36        2         25091         14319
     37        2          6038         12975
     38        1            57         14587
     39        2          5516         14533
     40        2          5838         15022
     41        2          4881         13569
     42        1            78         15159
     43        2          6887         16315
     44        0             2         15430
     45        2          5401         16304
     46        2          6138         15291
     47        1            62         15030
     48        2          4766         12522
     49        1            80         14587
