Attempt Distance          Time         TTime
      0        2          1204          8616
      1        1            43          4859
      2        2           635          4045
      3        2           416          3231
      4        2           211          3222
      5        3          3115          3549
      6        2           489          3339
      7        2           305          3598
      8        2           312          3233
      9        2           551          6208
     10        2           476          4618
     11        2           372          3500
     12        2           318          3251
     13        1            15          3439
     14        2           238          2777
     15        2           310          3773
     16        2           392          3597
     17        2           260          3861
     18        2           319          3413
     19        2          1035          3416
     20        2           293          3100
     21        2           255          5374
     22        3          4497          3549
     23        3          3496          2247
     24        2           274          2844
     25        2          1568          4828
     26        1            30          4324
     27        3          4095          4622
     28        3          4050          3405
     29        2           356          3622
     30        2           658          3458
     31        2           255          3132
     32        2           371          3424
     33        2           448          3587
     34        2           515          5050
     35        2           336          4782
     36        2           324          3669
     37        2           675          4236
     38        2           260          4077
     39        2           495          4759
     40        2           630          6208
     41        2           637          5138
     42        2           340          4206
     43        2           699          4079
     44        2           310          4430
     45        2           388          3610
     46        2           206          4657
     47        2           268          3357
     48        2           294          3482
     49        3          3008          3337
