Attempt Distance          Time         TTime
      0        1           651         44042
      1        2         14221         35742
      2        2         13611         29579
      3        2         15310         32563
      4        1           133         38093
      5        2         15104         29659
      6        2         14612         31694
      7        2         16319         31194
      8        2         17405         37951
      9        2         14381         34216
     10        2         16579         40613
     11        2         21725         83605
     12        1           257         69860
     13        2         24147         52609
     14        1            91         45377
     15        2         23934         57440
     16        1           145         37242
     17        2         12702         35865
     18        2         21548         41969
     19        1           178         34516
     20        1            68         44626
     21        2         17697         48222
     22        1           103         40527
     23        1           198         41716
     24        2         13929         36509
     25        1            76         34701
     26        2         14435         38978
     27        1           194         38499
     28        1         38593         15336
     29        2          6419         14547
     30        1            70         18638
     31        2          5474         14838
     32        1            83         14691
     33        1            96         15611
     34        2          6803         14901
     35        2          6022         16483
     36        2          6649         14792
     37        1           154         20488
     38        2         24917         14506
     39        1            71         18176
     40        2          7505         15645
     41        2          6708         16881
     42        2          7288         16304
     43        1            81         20074
     44        1            86         20227
     45        2          8655         16475
     46        2          9946         17143
     47        1           179         19277
     48        2          7993         17005
     49        1            52         16934
