Attempt Distance          Time         TTime
      0        2         19148         36807
      1        2         11412         33587
      2        2         13820         23747
      3        2         10022         39960
      4        2         13539         46838
      5        1           222         47730
      6        2         28164         47776
      7        2          8187         34990
      8        2          7771         24694
      9        2          6783         22321
     10        1            82         27893
     11        2          9020         23578
     12        2          7585         26297
     13        1            92         25874
     14        2          7975         25178
     15        1           261         25021
     16        1           149         22606
     17        2          7931         25122
     18        2          7575         23934
     19        2          7373         31896
     20        2         10389         24580
     21        1            78         33694
     22        2         12201         26599
     23        1            92         32177
     24        1            74         27907
     25        2         11895         32337
     26        2         10181         25298
     27        1           135         34427
     28        1            76         28546
     29        2         10680         31595
     30        2          9503         29588
     31        2          9661         29161
     32        2         12476         30917
     33        2         11747         27568
     34        2         14524         27157
     35        2         35354         11904
     36        2          5336         13202
     37        2          3695         13089
     38        1            66         13430
     39        2          4866         14299
     40        2          4242         16213
     41        2          4832         15513
     42        2          5423         15681
     43        2          5407         19629
     44        1           125         14260
     45        2          5268         19003
     46        2          5357         18053
     47        2          3439         12234
     48        2          3488         14763
     49        2          8063         14224
