Attempt Distance          Time         TTime
      0        1           976         43768
      1        2         16524         35467
      2        2         13221         31687
      3        2         15164         34921
      4        2         18775         42392
      5        2         15869         37708
      6        1           310         35016
      7        1           100         33355
      8        2         14227         27552
      9        2         12711         30947
     10        2         11941         28563
     11        2         12161         32230
     12        2         12658         29535
     13        2         14932         31931
     14        1            89         35033
     15        2         16416         40306
     16        1            88         39243
     17        2         13481         38163
     18        2         14814         34213
     19        2         22123         34608
     20        2         20049         46160
     21        2         17681         42159
     22        2         14996         36838
     23        2         17238         37967
     24        2         14396         48426
     25        2         16624         32870
     26        2         18447         35794
     27        2         16860         35641
     28        1           139         52946
     29        2          8279         15593
     30        2          4959         15758
     31        1            49         18436
     32        2          6233         13303
     33        2          5380         12602
     34        1            70         14011
     35        2          5259         15346
     36        2          5865         13273
     37        1            52         17132
     38        2          5339         14250
     39        1            71         15846
     40        2          6086         12646
     41        1            52         33480
     42        2          5996         13735
     43        2          5893         14249
     44        2          5543         16973
     45        1            93         17776
     46        2          6025         14619
     47        2          5401         18573
     48        1           116         21698
     49        2          6437         19708
