Attempt Distance          Time         TTime
      0        2          7178         27016
      1        2          5223         20816
      2        2          3030         17437
      3        2          2725         22321
      4        2          2493         13628
      5        2          2719          9944
      6        2          3463         18649
      7        2          5317         22416
      8        2          2630         17732
      9        2          3290         20215
     10        2          2706         17111
     11        2          1807         17383
     12        1           161         17495
     13        2          5086         23138
     14        2          2326         19103
     15        2          2567          9537
     16        2          3695         17835
     17        2          1861         14594
     18        2          1593         14209
     19        2          2611         14526
     20        2          2290         15923
     21        2          1266         12425
     22        2          1219         13183
     23        2          1512         14982
     24        2          2274         16443
     25        1           117         15234
     26        1            36         13528
     27        2          2122         15907
     28        2          2496         14656
     29        2          1577         12680
     30        2          1808         13432
     31        2          1977         15498
     32        2          2052         15342
     33        2          2042         14684
     34        2          1958         13353
     35        2          2491         16997
     36        2          6602         10666
     37        2          3901         10368
     38        2          5591         18778
     39        2          2359         24980
     40        2          6032         17268
     41        2          2371         17512
     42        2          3898         14518
     43        2          8562         18618
     44        2          2148         18120
     45        2          5619         24135
     46        2          2886         16464
     47        2          6457         17683
     48        1            57         21052
     49        2          2195         15783
