Attempt Distance          Time         TTime
      0        2          2628         11918
      1        2          1310         11292
      2        2          1465          5609
      3        2           738          5850
      4        2           817          5035
      5        2          1040          7698
      6        2           738          5515
      7        2           503          4771
      8        2           677          4578
      9        2           577          4393
     10        2           537          5025
     11        2           842          4937
     12        1            25          5676
     13        2          2321          5349
     14        2           639          4602
     15        2          1125          5155
     16        1            26          5072
     17        2           573          5552
     18        2           965          4733
     19        2           878          4429
     20        2           586          4993
     21        2          1112          5512
     22        2           503          4881
     23        2           820          5619
     24        2          1087          5078
     25        2           841          5658
     26        1            21          5331
     27        2           603          5412
     28        2           746          6100
     29        2           790          7716
     30        2          1131          5712
     31        2          1704          4705
     32        2           669          5999
     33        2           547          4451
     34        2           443          5009
     35        1            19          5993
     36        2           550          5023
     37        2           639          6944
     38        2           783          5429
     39        2           935          5238
     40        1            31          6422
     41        2          2272          7759
     42        2          1200          7044
     43        2           836          9589
     44        2           752          4869
     45        2           525          5229
     46        2          1199          4057
     47        2           620          4574
     48        2           484          4526
     49        2          1123          4459
