Attempt Distance          Time         TTime
      0        1          1015         55165
      1        2         15195         35943
      2        2         14150         42443
      3        2         16796         42346
      4        2         15912         30940
      5        1           140         32811
      6        1            72         28175
      7        2         13058         29222
      8        1            71         29672
      9        2         10165         28963
     10        2         12021         28586
     11        1           134         33698
     12        1            69         34587
     13        2         12116         38983
     14        2         19847         56032
     15        2         15259         40989
     16        2         20537         43201
     17        2         17772         66934
     18        1            95         47579
     19        2         14246         39346
     20        2         14589         47791
     21        1            69         34628
     22        1            89         41664
     23        2         11638         35316
     24        1           124         36262
     25        2         15447         29304
     26        2         12768         34476
     27        2         18456         39846
     28        2         15659         30218
     29        2         13758         29058
     30        1           176         40899
     31        2          5304         16785
     32        2          5708         13010
     33        2          5810         13559
     34        2          5533         15124
     35        1            67         16898
     36        2          4986         14214
     37        2          6435         13719
     38        1            96         14304
     39        2          5586         25776
     40        2          5630         14403
     41        2          6170         14414
     42        1            83         12655
     43        2          4792         12807
     44        2          7689         15093
     45        2          5000         15191
     46        1            47         13726
     47        2          4978         13801
     48        2          5801         12164
     49        2          8818         17166
