Attempt Distance          Time         TTime
      0        2         20868         50135
      1        2          8812         29726
      2        2          8867         27974
      3        1            72         26542
      4        2          5161         64755
      5        2         20598         51363
      6        2         11968         34198
      7        2         14479         47711
      8        2         16082         38449
      9        2          9557         24845
     10        2          5274         31153
     11        2          7362         22827
     12        2          5323         27263
     13        1            77         21007
     14        2          6305         19222
     15        2          4534         23684
     16        2          5989         20456
     17        1            62         25790
     18        2          7774         20675
     19        2          5209         17764
     20        2          4807         24337
     21        2          4128         19892
     22        2          6252         39770
     23        2          8930         25342
     24        1            50         26103
     25        2         10862         28643
     26        1            66         35013
     27        2         12681         30202
     28        1            59         29113
     29        2          5416         21877
     30        2          8004         22974
     31        2          7354         27471
     32        2         11107         33567
     33        2          8295         26334
     34        2          7597         23783
     35        2          6724         29166
     36        2          8727         22747
     37        2          7414         24212
     38        2          8764         27020
     39        2         12427         56833
     40        2          5679         15400
     41        2          3502         13540
     42        1            72         17861
     43        2          5021         22179
     44        2          4298         13229
     45        1            82         13937
     46        1           219         22523
     47        1            78         17525
     48        2          3157         15177
     49        2          9311         14498
