Attempt Distance          Time         TTime
      0        2           770          2577
      1        2           499          1367
      2        1            45          1362
      3        2           374          1290
      4        2           412          1189
      5        2           462          1168
      6        2           776          2135
      7        2           364          1495
      8        2           540          1989
      9        2           346          1326
     10        2           454          1740
     11        2           780          1944
     12        2           441          1108
     13        2           469          1228
     14        2           315          1500
     15        2           515          1445
     16        2           604          3792
     17        1           190          1740
     18        2           591          1700
     19        1            38          2096
     20        2           447          1685
     21        2           426          1655
     22        2           500          1576
     23        2           312          1329
     24        2           269          1203
     25        2           427          1272
     26        2           498          1380
     27        1            43          1419
     28        1            27          1312
     29        2           220           899
     30        1            13           850
     31        1            11           976
     32        2           299          1063
     33        1            18          1015
     34        2           220           840
     35        2           254           878
     36        2           205           892
     37        1            14          1198
     38        2           521          1588
     39        1            25           967
     40        1            16           989
     41        2           261           932
     42        2           374          1133
     43        1            26           973
     44        2           296          1259
     45        1            38          1437
     46        2           303          1198
     47        2           309          1385
     48        2           290          1162
     49        0             4          1314
Attempt Distance          Time         TTime
      0        2         48319         78331
      1        2         39845         80630
      2        1          1230        111073
      3        2         39526         97389
      4        2         34008         87381
      5        2         43417         99295
      6        2         21498         77812
      7        2         18504         79218
      8        2         20210         85033
      9        2         20261         86397
     10        2         19753         85021
     11        2         19445         73570
     12        2         19477         90849
     13        2         20475         83137
     14        2         20454         88405
     15        2         23437         75413
     16        2         21409         95967
     17        1           636         84779
     18        2         36180        133579
     19        1           469         98389
     20        2         21948         80485
     21        2         27329         77145
     22        2         23516         72113
     23        2         19358         94445
     24        2         19963         84963
     25        2         23747         89620
     26        2         21297         77937
     27        1           600         93832
     28        1           477         77944
     29        2         19815         93798
     30        1           498         76351
     31        1           541         85908
     32        2         20528         74606
     33        1           552         98297
     34        2         39054         92587
     35        2         25712         91711
     36        2         18773         80043
     37        1           489        121449
     38        2         24276         75472
     39        1           545         98725
     40        1           593         83609
     41        2         25688         91469
     42        2         20007         70942
     43        1           500         91109
     44        2         18140         74345
     45        1           500         88846
     46        2         23325         74504
     47        2         19562         91010
     48        2         20812         78923
Standard and transitive algorithms inconsistent (0 != 2)
Attempt Distance          Time         TTime
      0        2         16795         74845
      1        2         20502         85825
      2        1           841         76349
      3        2         17175         86250
      4        2         15532         89006
      5        2         20757         75832
      6        2         19788         85762
      7        2         19598         81469
      8        2         19476         95997
      9        2         20205         94670
     10        2         20819         77825
     11        2         18817        101797
     12        2         21280         88231
     13        2         19301        143043
     14        2         14588         74775
     15        2         38065         68561
     16        2         16613         88523
     17        1           785         94515
     18        2         20661         80338
     19        1           727         78675
     20        2         20920         81216
     21        2         24436         75438
     22        2         35313         83230
     23        2         19664         94760
     24        2         18618         79786
     25        2         22175         92050
     26        2         27351         97997
     27        1           808         79267
     28        1           724         94866
     29        2         18541         79563
     30        1           827         87299
     31        1           715         73911
     32        2         17250         87463
     33        1           633         67756
     34        2         17337         80894
     35        2         18075         81623
     36        2         15331         78637
     37        1           926         96911
     38        2         22367         71432
     39        1           653         87207
     40        1           852         72687
     41        2         20311         90844
     42        2         18739         74100
     43        1           968         87504
     44        2         18328         93567
     45        1           854         82064
     46        2         24096         86895
     47        2         21104         84613
     48        2         20760         93341
Standard and transitive algorithms inconsistent (0 != 2)
