Attempt Distance          Time         TTime         RTime        RTTime
      0        1           163          2718         25630         12581
      1        2           413           777          5128          5078
      2        1            55          2031          5823         11544
      3        2           417           983          4741          6427
      4        2           237           877          3767          2737
      5        2           338           488          8782          2313
      6        2           156          1121          3012          5199
      7        2           279           784          2310          6250
      8        2           420           785          3263          3154
      9        2           283          1287          9088         14186
     10        2           276           916          2745          3931
     11        2           267           984          7821          3949
     12        2           539          1351          4630          2931
     13        1            27           381          2153          1827
     14        2           238           582          2125          3874
     15        2           286           779          4091          2247
     16        2           273           763          1548          6259
     17        2           182          1503          2624          2223
     18        1            21           384          1300          1682
     19        2           260          1274          2487          2701
     20        2           114           380          1446          1582
     21        2            83           850          5392          2762
     22        2           155           407          1680          1820
     23        2           122           499          1638          6524
     24        2           710           976          1781          2473
     25        2           215          3137          2460          2825
     26        1            23           675          2037          2030
     27        2           162           511          1494          1593
     28        2           140           746          4815          1918
     29        2            99           353          1242          1502
     30        2            88           397          1280          1226
     31        2            80           313           985          2979
     32        2           130           368          1255          1833
     33        2           102           338           997          1118
     34        2           181           366          1155          1365
     35        2            76           983          1514          2677
     36        2           321           644          2571          1835
     37        2           135           389          1347          1322
     38        2           103           642          1142          1640
     39        2           148           504          2141          1564
     40        2            96           380          1712          1391
     41        2            98           403          1661          1701
     42        2            76           425          1318          2930
     43        2           123           365          1781          1480
     44        2            95           418          1289          1565
     45        2           143           661          2177          1501
     46        2           117           431          2552          1234
     47        2            70           350          1099          1272
     48        2            94           381          1079          1998
     49        2           162           715          1683          3155
