Attempt Distance          Time         TTime         RTime        RTTime
      0       -1           125          1129         54106         10338
      1       -1           329            93          9387          2057
      2       -1           141            88          9388          1439
      3       -1           421           453         14550          7587
      4       -1            40           343          5584          9092
      5       -1            20            42          2915          3773
      6       -1            36            24          1273           923
      7       -1            17            45          2601         11244
      8       -1            23            44          1703          1964
      9       -1           177            45          3237          1243
     10       -1           153           101         10857          1548
     11       -1            14            60          1004          1692
     12       -1           205           224          7055          4507
     13       -1            24           476          2468          7409
     14       -1            50            34          2198          3615
     15       -1           105            22          7978          1643
     16       -1            26            26          1536         11198
     17       -1            28            68           935          1584
     18       -1            62           128          3433          9237
     19       -1            26            32           992           964
     20       -1            25           257          3309          7725
     21       -1           123          1991          3739         10867
     22       -1            27            48           892          1656
     23       -1            33           290          4743          5596
     24       -1            17            16           852           640
     25       -1             9            23           873          2846
     26       -1           122           116          6513          3530
     27       -1            45            21          1058          1123
     28       -1            23           186          3722          7680
     29       -1            19            34          1164          1364
     30       -1           223           759          3219         10580
     31       -1            27           183          4381          7105
     32       -1            37            47          1554          2201
     33       -1            35           143          5086          5197
     34       -1            17            21           925           863
     35       -1            36           271          2810          6748
     36       -1            29            81           974           815
     37       -1            11            16           596          1571
     38       -1            66           190          2325          5407
     39       -1           110            20          1597           915
     40       -1            20            28          1460          1376
     41       -1           110            88          8567          1238
     42       -1            23            31          1422          1293
     43       -1           358            70          2951          1081
     44       -1            24            41          1322          4944
     45       -1           170            38          2189           812
     46       -1            11            38          1561          1670
     47       -1            40            95          5685          4783
     48       -1            35            38          1131          1838
     49       -1            71           226          4890          6914
