Attempt Distance          Time         TTime
      0        3           572          1099
      1        2           123           836
      2        2            99           766
      3        3           404           670
      4        1            13           807
      5        3           293           738
      6        3           261           773
      7        3           831          1211
      8        3           426           818
      9        2           101          1106
     10        3           559           799
     11        3           446           767
     12        2           104           893
     13        2           101           736
     14        2            90           882
     15        3           322           632
     16        1            12           656
     17        3           360           582
     18        3           147           499
     19        2            60           600
     20        2            71           530
     21        2            47           465
     22        3           223           367
     23        2            52           428
     24        3           192           376
     25        3           161           398
     26        3           223           404
     27        3           191           392
     28        3           195           447
     29        3           162           383
     30        2            43           842
     31        3           241          8864
     32        2            79           445
     33        2            53           423
     34        2            58           509
     35        1            27           605
     36        2            35           514
     37        2            53           469
     38        3           230           465
     39        2            53           420
     40        3           239           672
     41        3           305           571
     42        2            73           331
     43        3           181           320
     44        2            51           375
     45        3           119           635
     46        3           161           259
     47        3           154           209
     48        2            19           194
     49        3            93           190
Attempt Distance          Time         TTime
      0        3         52518         56232
      1        2         10251         70223
      2        2         14242         89686
      3        3         47773         47694
      4        1           659         51523
      5        3         33832         45890
      6        3         21079         45530
      7        3         36311         53528
      8        3         36210         69061
      9        2          7621         50959
     10        3         63015         46632
     11        3         28392         45958
     12        2          8207         47153
     13        2          4943         43421
     14        2          6636         54573
     15        3         31752         43386
     16        1           323         48012
     17        3         27744         43738
     18        3         20429         56831
     19        2          5659         51656
     20        2          4896         47676
     21        2          4311         57732
     22        3         28590         38070
     23        2          4395         40576
     24        3         26856         50405
     25        3         24538         48954
     26        3         30744         44117
     27        3         20866         51234
     28        3         29610         46884
     29        3         19300         41102
     30        2          5441         39060
     31        3         19205         48637
     32        2          6186         48867
     33        2          6370         39956
     34        2          6500         51849
     35        1           379         42367
     36        2          2668         42870
     37        2          4401         38248
     38        3         27856         33600
     39        2          4070         48934
     40        3         34908         63682
     41        3         43051         57834
     42        2          4280         41865
     43        3         34235         49202
     44        2          4820         41656
     45        3         60561         45618
     46        3         29923         49840
     47        3         22034         47355
     48        2          4294         56224
     49        3         38074         55757
