Attempt Distance          Time         TTime         RTime        RTTime
      0        2          1849           926         21225          3223
      1        2           197           747          5030          2359
      2        2            69          1272          3145          4715
      3        3           448           746          2872          2346
      4        2          3866           520          2888          1700
      5        3           348           867          1865          1648
      6        2            95           657          7120          2154
      7        3           323           544          2153          1366
      8        3          1010           782          3561          1998
      9        3           396           552          2695          3914
     10        3           294           606          3248          2178
     11        4           401           268          1718          1828
     12        3           245           963          5460          2271
     13        3           219           482          1644          1982
     14        3           264           706          1817          3516
     15        4           401           408          3036          1904
     16        2            61           502          1966          2817
     17        3           294           644          2951          2105
     18        2            46           398          1967          1998
     19        3           234           456          1859          7159
     20        2            50           317          1835          1853
     21        3           183           326          1755          1555
     22        1            83           386          3700          2585
     23        2            77           413          1694          2245
     24        3           104           237          1326          1216
     25        3           305          1599          4194          3589
     26        3           286           870          3275          3865
     27        2            83           466          2489          4277
     28        3           178           260          2631          1916
     29        3           411           648          3697          2339
     30        3           178           480          2256          1831
     31        2            48           634          6147          2232
     32        3           205           370          2172          1928
     33        4           241           392          1895          7118
     34        2            70           417          1982         11458
     35        2            88           235          1630          1322
     36        3           157           243          1397          1040
     37        3           264           338          1687          2311
     38        2            76           398          2974          1555
     39        3           177           418          1304          1545
     40        3           188           663          2078          5189
     41        1            26           241          8238          1446
     42        3           277           561          4097          2196
     43        3           217           578          1847          1794
     44        3            90           225          1190          1247
     45        2            81           674          3315          2154
     46        2            77           411          1881          1990
     47        2            42           370          1175          1311
     48        3           119           517          1507          3564
     49        2            38           442          1700          1558
