Attempt Distance          Time         TTime
      0        2          1608          4009
      1        2           904          3796
      2        1            42          2273
      3        2           826          2295
      4        2           992          2096
      5        2          2654          2326
      6        2          1145          2057
      7        2           694          2783
      8        2           586          3551
      9        1            29          1556
     10        1            26          1487
     11        2          1584          3870
     12        2           684          4156
     13        1            47          2305
     14        2           447          1419
     15        2           470          2387
     16        2           530          1320
     17        1           262          2175
     18        2           469          1163
     19        2           397           966
     20        1            16           926
     21        1            27          1138
     22        2           215           585
     23        1            16           636
     24        2           217           754
     25        2           302          1774
     26        1            48          1108
     27        1            18           759
     28        1            27           639
     29        2           249           740
     30        1            25           615
     31        1            14           716
     32        0             1           675
     33        1            22           545
     34        1            17           696
     35        1            21           799
     36        2           251           764
     37        1            13           914
     38        2           207           903
     39        2           844          1927
     40        1            29          1094
     41        1            28          1051
     42        2           594          1019
     43        1            79          2745
     44        1            20          1252
     45        2           428          1634
     46        2           445          2530
     47        1            18          1524
     48        1            18           915
     49        2           349           801
Attempt Distance          Time         TTime
      0        2        148175        163187
      1        2        115065        193979
      2        1          3163        148514
      3        2        124610        104473
      4        2         45279        103690
      5        2         69177         88368
      6        2         41669         91756
      7        2         39498        132075
      8        2         48976        138009
      9        1           750        130508
     10        1          1300        144016
     11        2         58039        132222
     12        2         56190        160138
     13        1           813         94172
     14        2         39654        114911
     15        2         35331        134486
     16        2         35170         94140
     17        1           658        110116
     18        2         39332        110308
     19        2         99070        133057
     20        1           667        132847
     21        1           925        136263
     22        2         45365        130364
     23        1           690        104370
     24        2         33478        106651
     25        2         36460        104950
     26        1           619        109534
     27        1          1012         97262
     28        1           657        104768
     29        2         40222         96568
     30        1           595         91945
     31        1           691        110348
Standard and transitive algorithms inconsistent (0 != 2)
     33        1           767        104676
     34        1           777        143602
     35        1           727        139661
     36        2         47965        123320
     37        1           674        124395
     38        2         37125        103501
     39        2         35973        122111
     40        1          1699        105486
     41        1           682        109600
     42        2         33854         97705
     43        1           702        103368
     44        1           632        135860
     45        2         95763        125164
     46        2         47660        115745
     47        1           672        144125
     48        1           602         97503
     49        2         36699        105054
Attempt Distance          Time         TTime
      0        2         36312         92722
      1        2         53210         88595
      2        1          1201        124662
      3        2         38644        113127
      4        2         37417        104190
      5        2         40176        116237
      6        2         39587        106186
      7        2         36195        106588
      8        2         30059        101614
      9        1           901         94310
     10        1           979        111027
     11        2         41120        106572
     12        2         35818        109223
     13        1          1077        113662
     14        2         35375        104586
     15        2         33729        104333
     16        2         33702        112336
     17        1          1124        128093
     18        2         59469        129671
     19        2         57648        134376
     20        1          1001        130042
     21        1           899        119313
     22        2         32997        106241
     23        1           986         97217
     24        2         46680         97665
     25        2         47434        127065
     26        1          1265        149383
     27        1          1067        110465
     28        1           950         95305
     29        2         46790         99504
     30        1          1011        118037
     31        1           988        127958
Standard and transitive algorithms inconsistent (0 != 2)
     33        1          1155        113103
     34        1          1015        109738
     35        1           979        110052
     36        2         38959        130748
     37        1           974         93946
     38        2         33366        105080
     39        2         37429        107825
     40        1          1292        115192
     41        1           942        115564
     42        2         39907        111474
     43        1          1159         97901
     44        1           848         99291
     45        2         45665        114749
     46        2         40807        111940
     47        1           914        116366
     48        1          1022         99717
     49        2         55890         89743
