Attempt Distance          Time         TTime
      0        2           643          2379
      1        2           411          2104
      2        2           285          1599
      3        3          1355          4640
      4        1            42          1777
      5        3          4817          3532
      6        3           920          1145
      7        2           207          1345
      8        2           187          2019
      9        1            32          1110
     10        2           212          1072
     11        2           178          1150
     12        2           203          1228
     13        2           218          1335
     14        1            28          1339
     15        2           163          1366
     16        2           563          7185
     17        2           194          1561
     18        2           166          4300
     19        3          1719          1428
     20        2           215          1047
     21        2           284          1422
     22        3           573          1365
     23        2           243          1385
     24        2           178          1466
     25        2           134          7754
     26        2           154          1174
     27        3           830          1381
     28        2           179          1279
     29        1            25          1290
     30        1            49          2139
     31        2           199          1598
     32        1            34          1238
     33        2           228          1344
     34        2           194          1314
     35        2           194          7372
     36        3           871          1263
     37        1            32          1273
     38        3           425           940
     39        2           189          4828
     40        2           114           700
     41        2           101           870
     42        2           111           939
     43        2           172           731
     44        2            96           866
     45        2           108           706
     46        3           863          2329
     47        3           729           674
     48        2           943          6355
     49        2           122           940
Attempt Distance          Time         TTime
      0        2         86383        161360
      1        2         34241         94373
      2        2         34510        136159
      3        3        161043         67665
      4        1          1155         66565
      5        3         39394         61475
      6        3         82748         98748
      7        2         12188         71680
      8        2         14181         59818
      9        1           820         65521
     10        2         11592         72196
     11        2         12193         61762
     12        2         12377         66617
     13        2          9031         59715
     14        1           564         54534
     15        2          8020         39496
     16        2          8265         48092
     17        2          7732        112637
     18        2          8339         77463
     19        3         62133         59555
     20        2          8178         60159
     21        2          9446         81659
     22        3         26148         47879
     23        2          8264         58238
     24        2          6241         90522
     25        2          9133         76063
     26        2          6020         75221
     27        3         77705        106780
     28        2         17693         87408
     29        1           396         70974
     30        1          1146         64197
     31        2         12890         78989
     32        1           759         72761
     33        2          8847         66432
     34        2          6379         94029
     35        2          6687        114867
     36        3         47901         68928
     37        1           371         60108
     38        3         39300         55204
     39        2          6945         53502
     40        2          5363         54104
     41        2          9783        110859
     42        2          7675         66559
     43        2          5302         56776
     44        2          8993         56981
     45        2          6526         54970
     46        3         82623         62435
     47        3         61797         57212
     48        2          5646         66032
     49        2          5656         55546
Attempt Distance          Time         TTime
      0        2          8144         76951
      1        2          8313         71293
      2        2          7601         88056
      3        3         45498         55792
      4        1           607         49367
      5        3         21518         51900
      6        3         63113         57238
      7        2          6078         55341
      8        2          5532         53394
      9        1           924         64921
     10        2          6361         60326
     11        2          5658         57463
     12        2         13776         76845
     13        2          5925         68796
     14        1           491         51378
     15        2          6629         58033
     16        2          7096         72615
     17        2          6309         66502
     18        2          5893         60363
     19        3         59692         55267
     20        2          8360         60968
     21        2          7381         55952
     22        3         22789         52664
     23        2          7452         57889
     24        2          6294         67927
     25        2          5460         84863
     26        2          2795         59631
     27        3         37109         52298
     28        2          6042         61788
     29        1           750         55795
     30        1           848         70450
     31        2          7151         80992
     32        1           772         58514
     33        2          6901         51836
     34        2          6309         55199
     35        2          6424         63707
     36        3         39170         57735
     37        1           642         60641
     38        3         32326         77270
     39        2          8186         69625
     40        2          5296         70159
     41        2          5876         56206
     42        2          4945         54147
     43        2          8255         49855
     44        2          6945         58733
     45        2          5437         77314
     46        3         29696         55677
     47        3         46160         63720
     48        2          5858         69348
     49        2          6658         57093
