Attempt Distance          Time         TTime
      0        2          1060          2281
      1        2           707          1397
      2        2           596          2075
      3        2          1430          2952
      4        2           532          1177
      5        2           520          1419
      6        2           642          1273
      7        1            40          2030
      8        2           926          2372
      9        2          1124          1999
     10        1            32          1457
     11        1            35          1124
     12        2           580          1018
     13        2           634          1243
     14        2           703          1130
     15        1            18           860
     16        1            16           912
     17        2           812          1299
     18        2           540          1450
     19        2           498           911
     20        1            23           951
     21        2           296           678
     22        1            12           597
     23        2           248           636
     24        1            20           694
     25        2           380           840
     26        2           388           867
     27        1            16           808
     28        2           268           751
     29        2           271           678
     30        2           232           593
     31        1            15           656
     32        2           235           607
     33        2           234           614
     34        1            14           673
     35        1            16           927
     36        2           446           991
     37        1            20          1285
     38        2           525          1375
     39        1            31          1311
     40        1            22          1164
     41        2           445          1073
     42        2           458          1198
     43        1            29          1200
     44        1            32          1167
     45        1            19           912
     46        1            14           682
     47        2           732          1740
     48        2           519          1115
     49        2           493          1329
Attempt Distance          Time         TTime
      0        2        104264        126047
      1        2         87111        130520
      2        2         74770        131225
      3        2         90199        106915
      4        2         63417        128475
      5        2         46724         91415
      6        2         41139        111617
      7        1           722        113677
      8        2         47065        103928
      9        2         49282        112270
     10        1           835        119247
     11        1           819        116780
     12        2         58030        102490
     13        2         39447        108391
     14        2         85048        109032
     15        1           690        116809
     16        1           803        117343
     17        2         47927        109355
     18        2         32019        103996
     19        2         39860        103262
     20        1           618        129731
     21        2         61801        133565
     22        1           647        126812
     23        2         45678        103096
     24        1           629        120544
     25        2         56834        119067
     26        2         49091        119209
     27        1           800        118813
     28        2         35505        103328
     29        2         78477        127533
     30        2         42443         95334
     31        1           629        129821
     32        2         61023        103554
     33        2         44150        125693
     34        1           792        107177
     35        1           842        108914
     36        2         57470        108714
     37        1           879        112139
     38        2         37750        120005
     39        1           708        133379
     40        1           691        127116
     41        2         34320         81060
     42        2         41196        109120
     43        1           645         99864
     44        1           715        130486
     45        1           506         93803
     46        1           634        105991
     47        2         79021        100002
     48        2         50775        108006
     49        2         39632        106904
