Attempt Distance          Time         TTime
      0        1           177          1984
      1        2           745          1335
      2        2           395          1579
      3        2           620          1552
      4        1            21          1174
      5        2           643          1668
      6        2           650          1465
      7        2           403          1178
      8        1            41          2784
      9        1            32          1283
     10        2           318          1026
     11        1            26          1054
     12        1            36          1446
     13        2           530          1315
     14        2           320           806
     15        2           271           695
     16        2           342           747
     17        2           233           697
     18        1            17           723
     19        1            51          1110
     20        2           459          1350
     21        2           397           987
     22        2           352           843
     23        1            25          1092
     24        2           396           826
     25        1            32          1272
     26        2           509           786
     27        1            15           698
     28        1            20           847
     29        2           432          1004
     30        2           514           852
     31        1            25           701
     32        2           181           618
     33        1            19           668
     34        2           253           654
     35        2           248           642
     36        1            14           625
     37        2           181           602
     38        1            14           648
     39        1            14           759
     40        2           230           680
     41        1            12           682
     42        1            21           695
     43        2           312           632
     44        2           192           570
     45        2           189           562
     46        2           195           560
     47        2           174           574
     48        1            12           574
     49        2           247           591
Attempt Distance          Time         TTime
      0        1          4707         94585
      1        2        120427         97250
      2        2         80461        135051
      3        2         70741        125257
      4        1          1275         98483
      5        2         82419        119309
      6        2         69429         91413
      7        2         37645        105866
      8        1           553         91822
      9        1           609         97269
     10        2         30661        108569
     11        1           661         97693
     12        1           706        112867
     13        2         40925         98833
     14        2         29157        112371
     15        2         39588        101401
     16        2         35372         88036
     17        2         36960        110302
     18        1           679         98042
     19        1           657        111831
     20        2         36468         80937
     21        2         36365        108911
     22        2         43082         98747
     23        1           739         91254
     24        2         82527        100868
     25        1           776         95834
     26        2         40444        108718
     27        1           683         92145
     28        1           559        105260
     29        2         42612         88860
     30        2         37637         81526
     31        1           600        114957
     32        2         30378         88655
     33        1           629         93467
     34        2         35070         92366
     35        2         30850        107375
     36        1           645         93620
     37        2         30770         79360
     38        1           703        109841
     39        1           635         93322
     40        2         30248         94363
     41        1           586         85191
     42        1           623        123405
     43        2         48745        120582
     44        2         60059        106270
     45        2         36759         81787
     46        2         31051         94080
     47        2         33840        119086
     48        1           844         99043
     49        2         38222        108786
