Attempt Distance          Time         TTime
      0        2          1012          2548
      1        2           612          2077
      2        1            66          2419
      3        2           985          1911
      4        2          1130          2059
      5        2          1004          2241
      6        2           828          1431
      7        1            26          1434
      8        1            39          2285
      9        1            45          2100
     10        1            36          2064
     11        2           925          2311
     12        1            40          2332
     13        2           714          1444
     14        2           538          1328
     15        1            26          1154
     16        2           434          1502
     17        2          1260          3316
     18        2           536          1932
     19        1            38          1365
     20        1            49          1360
     21        1           115          1315
     22        2           354           725
     23        2           411           982
     24        2           548          1221
     25        2           555          2657
     26        1            24          1340
     27        1            27          1526
     28        2           630           899
     29        2           363           891
     30        2           448           880
     31        1            30          1000
     32        2           335          1053
     33        1            25          1722
     34        1            31          2146
     35        2           409          1033
     36        2           392          1326
     37        2           332           763
     38        1            22          1581
     39        2           340           723
     40        2           229           661
     41        2           343           947
     42        1            17           949
     43        1            24           867
     44        2           246           745
     45        1            18          1024
     46        1            26          1249
     47        1            21          1979
     48        2           545          1628
     49        1            23           872
Attempt Distance          Time         TTime
      0        2        167202        165619
      1        2         87485        126343
      2        1          1330        120038
      3        2         84051        131830
      4        2        120148        109435
      5        2         57382        112301
      6        2         47845        110951
      7        1           665        153855
      8        1           691         99099
      9        1           872        115011
     10        1           497         95338
     11        2         59266         97761
     12        1           687        113942
     13        2         41141        113884
     14        2         44111        115288
     15        1           671        117847
     16        2         41113        121729
     17        2         46871        113017
     18        2         43814        108725
     19        1           650        120125
     20        1          1003        113321
     21        1           626        114068
     22        2         89824         98155
     23        2         43647        104844
     24        2         51699        121591
     25        2         41761        108705
     26        1           584         95458
     27        1           606        110149
     28        2         36790        119220
     29        2         44466        111651
     30        2         40593        135507
     31        1           767        116342
     32        2         34340        112718
     33        1           682        112742
     34        1           737        124661
     35        2         36722        118552
     36        2         81476        105218
     37        2         38114        103773
     38        1           595        112510
     39        2         40674        106651
     40        2         40258        105369
     41        2         50203        121099
     42        1           671        112452
     43        1           644        117519
     44        2         40916        112229
     45        1           862        102365
     46        1           614        109030
     47        1           687        109990
     48        2         40625         99570
     49        1           616        105764
