Attempt Distance          Time         TTime
      0        2          1128          2720
      1        2           639          2201
      2        2           891          1877
      3        1            24          1980
      4        2           484          1952
      5        2           732          1960
      6        2           648          1764
      7        2           422          1687
      8        2           840          1792
      9        1            23          1478
     10        2           422          1549
     11        2           389          1413
     12        2           558          1248
     13        2           432          1304
     14        2           492          1048
     15        2           271         12078
     16        2           225           504
     17        2           190           588
     18        2           182           620
     19        2           146           637
     20        1            12           503
     21        1            32           535
     22        2           128           417
     23        2           164           485
     24        2           119           411
     25        1            11           652
     26        2           154           425
     27        2           130           462
     28        2           190           485
     29        2           162           608
     30        2           215           600
     31        2           177           529
     32        2           167           484
     33        2           275           528
     34        1            12           415
     35        2           107           509
     36        2           121           410
     37        2           122           424
     38        2           201           666
     39        2           163           572
     40        2           189           634
     41        2           201           616
     42        2           146           426
     43        2           158           499
     44        1            12           445
     45        1            12           464
     46        2           171           456
     47        2           132           425
     48        2           128           411
     49        1            11           580
Attempt Distance          Time         TTime
      0        2         85683        103105
      1        2         54511         93159
      2        2         39398         99509
      3        1          1448        256375
      4        2        117647        166414
      5        2         65178        102371
      6        2         34288         89391
      7        2         26416        111350
      8        2         41953         77323
      9        1           523        100464
     10        2         27614         84065
     11        2         37810        202011
     12        2         30120         82364
     13        2         23513         76505
     14        2         41683         82332
     15        2         30001         97098
     16        2         83359        109665
     17        2         28067         90451
     18        2         28611         95841
     19        2         35331         86250
     20        1           513         90765
     21        1           560         77456
     22        2         24491         93939
     23        2         23359         77941
     24        2         27629         92274
     25        1           662         95357
     26        2         27814         77217
     27        2         22364         88844
     28        2         26435         79245
     29        2         21948         91335
     30        2         30757         83298
     31        2         24435         96999
     32        2         24806         81615
     33        2         47317        129439
     34        1           631         90640
     35        2         64133         89933
     36        2         23004         81355
     37        2         23101         80761
     38        2         23569         91329
     39        2         24636         87969
     40        2         23805        118460
     41        2         35788         81574
     42        2         22125         95561
     43        2         22418         82526
     44        1           716        104860
     45        1           633         82695
     46        2         30787         98857
     47        2         27112         76213
     48        2         26773         78975
     49        1           489        144922
Attempt Distance          Time         TTime
      0        2         33967         88854
      1        2         23397         78756
      2        2         21125         94182
      3        1           919         80182
      4        2         20400         98698
      5        2         29087         82455
      6        2         24993         91968
      7        2         22659         75891
      8        2         44623         94894
      9        1           848         81486
     10        2         39770         82106
     11        2         21780         93353
     12        2         26856         78164
     13        2         25351        188849
     14        2         30694         67389
     15        2         23669        144226
     16        2         46728        360730
     17        2         55486         81852
     18        2         22887         92741
     19        2         20650         82558
     20        1           738        110141
     21        1           782        192563
     22        2         53433        146926
     23        2         41291        162230
     24        2         25852         92667
     25        1          1099         97366
     26        2         29833         84384
     27        2         19990         64992
     28        2         38521         65531
     29        2         19621         81846
     30        2         29058         64345
     31        2         21393         80444
     32        2         25464         63747
     33        2         23850         86356
     34        1           971         78550
     35        2         19272         97456
     36        2         25043        128547
     37        2         48664         80114
     38        2         19574         92142
     39        2         26332         82024
     40        2         23299        109330
     41        2         29517         86052
     42        2         21822        115671
     43        2         25610         87792
     44        1           912        113071
     45        1          1024         91625
     46        2         43101         89611
     47        2         29980         95210
     48        2         33833        100121
     49        1          1442        133280
