Attempt Distance          Time         TTime
      0        2         11888          1362
      1        2           303           868
      2        2           508          1316
      3        1            31          1196
      4        1            38          1298
      5        2           389          1113
      6        2           395          1081
      7        2           355          1207
      8        1           174          1371
      9        2           443          1077
     10        2           403          1111
     11        2           247           728
     12        2           230           708
     13        2           316           936
     14        2           232           865
     15        1            24           748
     16        2           263           555
     17        2           261           523
     18        2           187           568
     19        2           202           638
     20        2           195           493
     21        2           175           500
     22        2           168           644
     23        1            13           505
     24        1            12           486
     25        2           227           818
     26        2           183           760
     27        2           184           507
     28        1            31           727
     29        1            17           515
     30        1            11           563
     31        2           266           608
     32        2           146           440
     33        1            16           559
     34        1            25           475
     35        1            21           648
     36        2           158           464
     37        2           128           427
     38        1            20           653
     39        2           125           459
     40        2           109           461
     41        2           152           431
     42        2           133           426
     43        2           140           418
     44        1            10           413
     45        2           117           439
     46        2           140           410
     47        2           138           438
     48        2           131           442
     49        1            13           486
Attempt Distance          Time         TTime
      0        2         86532        107042
      1        2         66090         95988
      2        2         39646         90506
      3        1           783         87741
      4        1           732        100282
      5        2         46141         81052
      6        2         33434         87410
      7        2         29841         86820
      8        1           595         91996
      9        2         22238         70534
     10        2         23848         73113
     11        2         22697         90015
     12        2         26068         69768
     13        2         35066         78197
     14        2         30594         92759
     15        1           588         86714
     16        2         35646         87056
     17        2         31007        108900
     18        2         61006         81197
     19        2         28023         89309
     20        2         38129        111365
     21        2         28029         84167
     22        2         24391         87084
     23        1           661        111339
     24        1           635         89684
     25        2         28445         90326
     26        2         27501         78225
     27        2         31182         94440
     28        1           881         96925
     29        1           586         82850
     30        1           549        102271
     31        2         29680         89111
     32        2         26550         80832
     33        1           562        105325
     34        1           658         90051
     35        1           560        109260
     36        2         27053         87789
     37        2         22243         74523
     38        1           600         95763
     39        2         24720         89255
     40        2         22590         81794
     41        2         90429         77396
     42        2         22416         83562
     43        2         23780         70999
     44        1           475         88338
     45        2         23504         84729
     46        2         32694         87084
     47        2         25138         79533
     48        2         26893         83893
     49        1           596         76163
