Attempt Distance          Time         TTime         RTime        RTTime
      0        1           355          2239         31833          8675
      1        2           685          3294          7767          6493
      2        2          1019          1456          6477          4951
      3        2           826          3488          6363          5449
      4        2           696          1806          3555          3058
      5        1            30           682          2030          3010
      6        2           346          1328          3196          8568
      7        2           583           967          3181          4694
      8        2           391           865          3294          4201
      9        2           540          1052          6844          3961
     10        1            39           987          2703          5395
     11        2           497           821          3936          4022
     12        2           401          1092          5361          3569
     13        1            37          1150          3029          4112
     14        2           650          1320          3753          3960
     15        1           123          1183          2990          5097
     16        1            28           791          2611          3845
     17        1            35          2231          2854          4304
     18        2           447          1525          2766          4194
     19        2           832           928          4862          4274
     20        2           600          2435          3583          3199
     21        2           303           725          2371          2323
     22        2           278          1065          2123          4211
     23        1            27           871          2582          2228
     24        1            23           690          1942          2343
     25        1            24          1360          2338          3892
     26        1            58           662          2300          2341
     27        1            22           758          2125          4644
     28        1            50          1136          2675          2395
     29        1            27           682          1990          2364
     30        2          1624           702          3742          2232
     31        2           274           741          1876          2249
     32        2           391          1340          2616          3370
     33        2           375           654          1838          2170
     34        1            54           885          3375          3917
     35        2           459           768          1945          2484
     36        2           390           745          2339          2082
     37        2           259          1004          3587          2925
     38        2           380          1151          3419          2378
     39        2           313          1280          2995          2687
     40        1            23           665          1934          3231
     41        2           417          2745          4895          4593
     42        2           520           890          2580          2723
     43        2          2041           781          5798          2423
     44        2           343          1192          2204          6235
     45        1           109           730          3040          2145
     46        2           254           815          1954          4501
     47        2           741           741          2389          2157
     48        2           245           669          2066          2174
     49        2           293          1599          6820          3452
