Attempt Distance          Time         TTime
      0        1           136          1969
      1        2           296           954
      2        2           236           903
      3        3          1065          1165
      4        2           199           789
      5        2           173           833
      6        2           229          1456
      7        2           246          1288
      8        2           286          1538
      9        2           369          1419
     10        2           287          1724
     11        2           222          1296
     12        2           243          1180
     13        2           253          1454
     14        1            30          1360
     15        1            32          1394
     16        2           155          1200
     17        2           190          2027
     18        3           851          1296
     19        2           301          1323
     20        3          1332          1244
     21        2           118          1113
     22        3          1427          1534
     23        3          1015          1212
     24        3          1029          1159
     25        2           212          1219
     26        2           234          1644
     27        1            40          1711
     28        2           638          1343
     29        2           261          1173
     30        2           212          1125
     31        2           179          1677
     32        2           152          1369
     33        2           151          1036
     34        3          1143          1252
     35        3           983          1592
     36        1            30          1319
     37        2           171          1207
     38        2           264          1021
     39        2           143           998
     40        2           153           852
     41        1            25          1235
     42        2           108           765
     43        2            92           864
     44        2           197          1520
     45        3           765           722
     46        2           106           809
     47        2           106           742
     48        2            79           713
     49        2            85           810
Attempt Distance          Time         TTime
      0        1          3119         79652
      1        2         28009         65394
      2        2         25331         77818
      3        3        125082         58469
      4        2         19995         66383
      5        2         14800         64548
      6        2         15908         59060
      7        2         14636         59210
      8        2         14337         74716
      9        2         16258         65697
     10        2         13238         58304
     11        2         12152         62776
     12        2         14492         50850
     13        2          8985         62699
     14        1           434         63010
     15        1           483         45807
     16        2          5132         48868
     17        2         10622         60682
     18        3         75444         54310
     19        2         15975         67702
     20        3         62636         55248
     21        2         10266         60981
     22        3         62866         55975
     23        3         59456         53349
     24        3         92781         77205
     25        2         11182         64400
     26        2          6568         45463
     27        1           424         49159
     28        2          8234         59651
     29        2         10010         58615
     30        2         10295         70979
     31        2          8255         48754
     32        2          4966         60975
     33        2          9365         65483
     34        3         84845         65351
     35        3         54933         72456
     36        1           549         65922
     37        2          6181         55985
     38        2          7582         54198
     39        2          7161         60033
     40        2          8310         62933
     41        1           554         85066
     42        2          5862         60216
     43        2          6670         53620
     44        2          7489         51383
     45        3         57179         52783
     46        2          8046         57530
     47        2          7523         83922
     48        2          5696         56459
     49        2          5728         52719
