Attempt Distance          Time         TTime         RTime        RTTime
      0        1           244          1671         22566         11567
      1        2           393          1349         11239          7079
      2        2           385           453          1775          1632
      3        2            83           887          1770          2448
      4        2           183           589          4291          2225
      5        2           521           793          2752          3552
      6        1            22           751          2722          2289
      7        2           126           446          1568          2214
      8        2           235           699          4423          2357
      9        2           171           366          2285         11263
     10        2           123           422          2464          2737
     11        2           136           671          2716          4749
     12        2           147           944          5556          5068
     13        2           276           675          2621          2381
     14        2           160          3733          4053          4344
     15        1            29           403          2106          2215
     16        2           199          1104          2716          4545
     17        2           140           864          2681          2286
     18        2           148           371          1389          5601
     19        2           229           451          2702          2496
     20        2           105           333          1240          1203
     21        2            81          2002          2826          3313
     22        3           563           421          2127          1764
     23        2           146           506          1963          3060
     24        1            33           775          4271          1689
     25        2            75           325          1389          1925
     26        2            88           951          2168          3712
     27        1            21           412          2351          2299
     28        2            88           402          1644          1831
     29        2            98           651          2484          3890
     30        2           195          1294          2764          2226
     31        2           305           902          1266          2032
     32        3           381           368          1425          1659
     33        2           143           467          1525          1296
     34        2           128           580          1758          1435
     35        2            75           663          2326          1566
     36        2            87           334          1272          1068
     37        3           269           297          1058          1067
     38        2            66           286          1012           962
     39        2            59           450          1009          2343
     40        2            63           394          1276          1415
     41        3           376           316          1853          1162
     42        2            89           506          1873          1381
     43        2           103           327          1349          2326
     44        2           131           634          1576          1289
     45        2            58           352           943           997
     46        2            66           398          1107          1397
     47        2            71           442           998          1267
     48        1            13          1163          1656          2339
     49        2            75           354          2046          1152
