Attempt Distance          Time         TTime
      0       -1          1521         16159
      1        8           481          2365
      2        6           507          4627
      3        5           345          3444
      4        3           105            87
      5        8           303          2476
      6        2            51           188
      7       -1           446         13923
      8        6           290          3755
      9        4            80            79
     10        6           285          4440
     11        5           192          6530
     12        4            63            41
     13        4           113           205
     14       -1           361          9511
     15        1            30           109
     16       -1           434         12014
     17       -1            23            13
     18        5           135          5017
     19        5           257          3805
     20        4            71            76
     21        6           208          2947
     22       -1            19           206
     23        5            70          1261
     24        5           757          1661
     25        4           224            58
     26       -1            18            11
     27        5           534          2019
     28        6           160          1325
     29        4            77            55
     30        6           185         13738
     31        5            91          1514
     32        4            48            47
     33        8            98           220
     34       -1           246         14114
     35        6           210          1725
     36        6            97         32667
     37        5           155          1925
     38       -1            27            14
     39        7            46           216
     40        9           156          6960
     41       -1            14             8
     42        5            92          5626
     43        5            85          1274
     44        7            74           273
     45        6            69           730
     46        6           118          2884
     47        6           137          4528
     48       -1            14            10
     49        6           839          1716
Attempt Distance          Time         TTime
      0       -1        173945       2321283
      1        8         32125        135438
      2        6          8218         62005
      3        5         17459        363271
      4        3          3351          5662
      5        8         23543        103354
      6        2          2019         13021
      7       -1         33672       1472179
      8        6         21036        355737
      9        4          4149          4102
     10        6         20141        264806
     11        5         11653        307726
     12        4          4926          4261
     13        4         12248          9595
     14       -1         40466       1486157
     15        1           305          5496
     16       -1         28816       1526646
     17       -1           230           186
     18        5          7269        315565
     19        5         17858        428345
     20        4          5759          9149
     21        6         24963        393370
     22       -1           307           661
     23        5          6094        147531
     24        5          6693        158551
     25        4          7676          8192
     26       -1           300           316
     27        5          9994        205755
     28        6         14572        189776
     29        4         12498         13981
     30        6         34992        413749
     31        5         14225        310287
     32        4          5717          5556
     33        8         15090         46780
     34       -1         34307       1708906
     35        6         25450        354067
     36        6         18454        188819
     37        5         16856        409131
     38       -1           234           202
     39        7          9728         40368
     40        9         41144        963209
     41       -1           244           210
     42        5         14663        340995
     43        5         10742        344024
     44        7         10170         59534
     45        6         10481         93809
     46        6         27137        199478
     47        6         21038        329433
     48       -1           158           161
     49        6         18847        309848
Attempt Distance          Time         TTime
      0       -1         29866       1589168
      1        8         28228        135737
      2        6          9887         69420
      3        5         15269        367963
      4        3          3033          6150
      5        8         26140        102602
      6        2          2541         13678
      7       -1         35928       1550026
      8        6         28347        332243
      9        4          4084          4849
     10        6         22018        293084
     11        5         15273        340887
     12        4          4147          3878
     13        4         10833          9308
     14       -1         41780       1633078
     15        1           651          5885
     16       -1         36410       1508720
     17       -1          1074           562
     18        5         12093        210019
     19        5         15943        390022
     20        4          8048          7389
     21        6         25798        322250
     22       -1           585          1041
     23        5          7237        175537
     24        5          9514        139936
     25        4          5629          5197
     26       -1           781           462
     27        5          8137        197725
     28        6         15530        160910
     29        4          6904          7342
     30        6         28375        372499
     31        5         11954        296826
     32        4          6419          4950
     33        8         14198         59877
     34       -1         31770       1780994
     35        6         27311        326979
     36        6         30866        198861
     37        5         16785        497647
     38       -1           528           600
     39        7         13397         57172
     40        9         48681       1081599
     41       -1           542           663
     42        5         18865        403562
     43        5         11730        622365
     44        7         13887         64493
     45        6         12792        100351
     46        6         18930        234778
     47        6         22217        339303
     48       -1           473           658
     49        6         24480        394539
