Attempt Distance          Time         TTime
      0        2           399          1383
      1        2           175           948
      2        3           920           995
      3        2           300          1075
      4        2           239          1258
      5        2           497           883
      6        2           128           789
      7        2           122           677
      8        2           169           790
      9        2           153           832
     10        2           126           953
     11        2           164           892
     12        2           164           993
     13        2           650           999
     14        2           304          2069
     15        2           176          1085
     16        2           124          1001
     17        2           140          1000
     18        2           135          1070
     19        2           177           979
     20        3           790          1003
     21        3           871           982
     22        3          1290          2036
     23        1            37          1741
     24        2           101           848
     25        1            34           888
     26        2           117           636
     27        2           128           600
     28        2           109           671
     29        1            15           601
     30        2           101           646
     31        2           109           670
     32        2           170           616
     33        2           104           580
     34        2           144           674
     35        2            99           670
     36        2            95           627
     37        2            80           657
     38        2            98           664
     39        2            94           640
     40        2           126           590
     41        2            92           572
     42        1            14           644
     43        2            95           592
     44        2            87           661
     45        2           111           962
     46        2            63           368
     47        2            64           385
     48        2            49           322
     49        2            65           342
Attempt Distance          Time         TTime
      0        2         24053         65457
      1        2         17727         70059
      2        3        124355         74229
      3        2         16311         63393
      4        2         10762         73208
      5        2         11213         77530
      6        2         11573         59465
      7        2         12594         59976
      8        2         12702         77629
      9        2         13524         88453
     10        2          6701         59621
     11        2         10541         51724
     12        2          7803         54189
     13        2          8237         51428
     14        2          6874         69428
     15        2          7544         61884
     16        2          6640         63093
     17        2          8959         60712
     18        2          7749         73241
     19        2         12929         60349
     20        3         62105         69243
     21        3         68644         69954
     22        3         75205         73753
     23        1           585         69159
     24        2         12061         72544
     25        1           456         67794
     26        2          8976         58564
     27        2         10906         60312
     28        2          8969         61273
     29        1           485         69487
     30        2          9744         58313
     31        2          8375         60532
     32        2         40601         56246
     33        2          8160         43204
     34        2         10262         58410
     35        2          6138         44942
     36        2          6669         45911
     37        2          5667         43643
     38        2          7373         56581
     39        2          7647         50733
     40        2          8735         53372
     41        2          8012         46456
     42        1           492         61405
     43        2          5673         44408
     44        2          8542         61174
     45        2          4975         58767
     46        2          9145         71607
     47        2         10581         57800
     48        2          7044         59839
     49        2          7416         65381
Attempt Distance          Time         TTime
      0        2         10009         69709
      1        2          8008         62173
      2        3         56060         57068
      3        2          9712         68292
      4        2          7128         56308
      5        2          8634         58977
      6        2          7874         89482
      7        2         10399         81234
      8        2         11999         76074
      9        2         10551         66232
     10        2          8134        112125
     11        2          7777         82010
     12        2          9009        130959
     13        2          9156         68296
     14        2          4980         62614
     15        2          7907         66843
     16        2          6060         69480
     17        2          7525         64521
     18        2          6589         57495
     19        2          9113         56342
     20        3         46289         79290
     21        3         87099         73754
     22        3         50137         55180
     23        1           513         70270
     24        2          5850         53842
     25        1           871         60349
     26        2          8875         67530
     27        2         10204         57216
     28        2          9048         59371
     29        1           826         67863
     30        2          7892         68485
     31        2          9026         63209
     32        2          8271         59055
     33        2          8788         55291
     34        2         19123         60130
     35        2          8142         56724
     36        2          7231         61833
     37        2          6830         69195
     38        2          7547         57620
     39        2          8078         55982
     40        2          8371         58872
     41        2          7819         68905
     42        1           684         60858
     43        2          6721         64697
     44        2          8951         73158
     45        2          7088         61714
     46        2          7297         56113
     47        2          9434         59180
     48        2          7523         69830
     49        2          8343         60187
