Attempt Distance          Time         TTime
      0        2           829          2580
      1        1            28          1599
      2        2           445          1161
      3        2           441          1279
      4        2           325          1011
      5        2           471          1351
      6        2           546          1729
      7        2           304          1027
      8        2           493          1306
      9        2           425          1139
     10        1            21          1319
     11        2           421          1261
     12        2           334          1062
     13        2           328          1058
     14        2           225           889
     15        2           221           967
     16        1            19          1063
     17        1            18          1190
     18        2           427          1034
     19        2           302          1009
     20        1            36          1226
     21        2           247          1026
     22        2           214           850
     23        2           445          1332
     24        1            27          1751
     25        1            27          1561
     26        2           516          1305
     27        2           306          1207
     28        2           350          1017
     29        1            13          1167
     30        2           259           788
     31        2           163           993
     32        1            15          1088
     33        2           175           684
     34        2           169           622
     35        1            12           710
     36        2           271           936
     37        2           165           698
     38        2           167           889
     39        1            12           868
     40        1            17           785
     41        2           172           612
     42        1            12           673
     43        2           215           868
     44        2           195           908
     45        2           214           666
     46        2           163           578
     47        1            12           535
     48        1            12           527
     49        2           143           600
Attempt Distance          Time         TTime
      0        2         56291         87155
      1        1          1504        104382
      2        2         49716         73967
      3        2         40863         82928
      4        2         72471        102761
      5        2         42505         86164
      6        2         26982         67185
      7        2         18659         84988
      8        2         24163         73531
      9        2         26530         89207
     10        1           602        107116
     11        2         29465         70144
     12        2         23967         77283
     13        2         24075         89541
     14        2         23210         76926
     15        2         23236         73698
     16        1           553         89970
     17        1           502         81059
     18        2         24160         78248
     19        2         21797         82128
     20        1           507         73437
     21        2         22156         72060
     22        2         23383         81969
     23        2         29662         73937
     24        1           558         77810
     25        1           611        113172
     26        2         23869         76289
     27        2         22794         87209
     28        2         21866         68946
     29        1           491         71371
     30        2         24495         84097
     31        2         67053         70038
     32        1           575         77253
     33        2         19370        100330
     34        2         22516         72720
     35        1           547         76890
     36        2         23602         88262
     37        2         20253         79633
     38        2         20075         74317
     39        1           483         95165
     40        1           615         76068
     41        2         23139         74524
     42        1           599         91536
     43        2         21407         79276
     44        2         23257         72740
     45        2         23397         85955
     46        2         25377         73548
     47        1           563         77774
     48        1           606         93905
     49        2         21091         77218
