Attempt Distance          Time         TTime
      0        2           398          1555
      1        2           256          1119
      2        2           165           840
      3        3           939          1062
      4        2           198           854
      5        2           150           836
      6        3           883           873
      7        3           590           791
      8        2           310          1018
      9        2           216          1025
     10        2           209          1068
     11        2           138          1061
     12        2           215           951
     13        2           239           952
     14        2           183           805
     15        1            19           808
     16        2           152           707
     17        2           177           825
     18        1            30          1239
     19        2           172          1018
     20        2           159           706
     21        2            97           724
     22        2           112           656
     23        2           142           689
     24        1            22           861
     25        2           268           988
     26        2           268          1454
     27        2           446          2930
     28        2           327           567
     29        2           235           985
     30        2           157          1083
     31        2           338          1020
     32        2           223           851
     33        1            65          2015
     34        2           331          1147
     35        1            17           755
     36        2           156           562
     37        2           132           796
     38        2           110           520
     39        2           193           976
     40        1            20           487
     41        1            10           480
     42        2           146           585
     43        2            90           525
     44        2           117           485
     45        2            62           520
     46        2            43           391
     47        3           343           330
     48        2            54           351
     49        2            66           360
Attempt Distance          Time         TTime
      0        2         32246         65487
      1        2         14223         61166
      2        2         17886         72753
      3        3        135274         62967
      4        2         17354         60175
      5        2         15176         77026
      6        3        121355         59951
      7        3         99143         67888
      8        2         14673         58278
      9        2         12951         74856
     10        2         12139         71089
     11        2          8282         62655
     12        2         12587         78213
     13        2         13450         59295
     14        2         10220         63909
     15        1           500         68239
     16        2         11007         62300
     17        2         12789         61918
     18        1           532         72318
     19        2          8255         59800
     20        2         11453         74703
     21        2          9047         65045
     22        2          9552         55646
     23        2          9130         66257
     24        1           436         64194
     25        2         10463         59722
     26        2         10464         70068
     27        2         41440         72166
     28        2         13249         95045
     29        2         13695         60612
     30        2          6698         75569
     31        2          9720         78995
     32        2          9449         72982
     33        1           552         80383
     34        2         10996        179082
     35        1           972         80508
     36        2         11559         69002
     37        2          8686         66591
     38        2          9050         68418
     39        2         10488         70491
     40        1           488         65484
     41        1           418         62510
     42        2         12608         73209
     43        2          7972         59715
     44        2         10070         68663
     45        2         10009         66722
     46        2          5275         66537
     47        3         65876         69103
     48        2          9238         62878
     49        2          8525         66685
Attempt Distance          Time         TTime
      0        2          9768         66444
      1        2          8000         63591
      2        2          8819         70116
      3        3         57713         59916
      4        2         17036         60400
      5        2          8500         62228
      6        3         62482         57910
      7        3         53701         70758
      8        2         11489         61888
      9        2          7921         68171
     10        2          8108         61905
     11        2          7271         62906
     12        2         12199         78408
     13        2         11427         65314
     14        2          7865         71621
     15        1           676         61704
     16        2          9310         67019
     17        2         10382         59887
     18        1           687         65319
     19        2         10140         72265
     20        2          9227         56690
     21        2          7052         66895
     22        2          8752         60426
     23        2          9092         69742
     24        1           699         57164
     25        2          9291         66697
     26        2         13750         82918
     27        2         11416         70777
     28        2          9766         66571
     29        2         10812         63016
     30        2          5672         63348
     31        2          7745         61081
     32        2          8401         61471
     33        1           939         64454
     34        2         13666         63056
     35        1           625         72164
     36        2          6712         58959
     37        2          9433         65567
     38        2          8566         59230
     39        2          9092         60237
     40        1           691         75415
     41        1           724         61767
     42        2         11497         70952
     43        2          8237         63844
     44        2         13245         70243
     45        2          8848         59845
     46        2          4629         63104
     47        3         69229         60444
     48        2          8816         67650
     49        2          8983         63394
