Attempt Distance          Time         TTime
      0        1           351          2241
      1        2           542          1339
      2        2           866          1982
      3        1            36          1944
      4        2          1192          1942
      5        1            26          1356
      6        1            34          1363
      7        2           501          1207
      8        1            26          1362
      9        2           866          1986
     10        1            39          2137
     11        2          1094          2267
     12        1            71          2740
     13        1            31          1150
     14        1            28           954
     15        2           696          1421
     16        2           519          1336
     17        1            29          1413
     18        2           685          1686
     19        1            31          1373
     20        1            34          1276
     21        2           411          1165
     22        2           549          1405
     23        2           337           834
     24        2           264           732
     25        1            17           869
     26        2           343           986
     27        1            42          1199
     28        2           430           946
     29        1            13           720
     30        2           293           788
     31        2           264           693
     32        1            13           698
     33        2           357           864
     34        1            25           879
     35        2           317           659
     36        2           260           663
     37        2           303           800
     38        2           312           770
     39        2           247           632
     40        1            13           623
     41        2           332           775
     42        2           290           733
     43        2           282           767
     44        2           252           631
     45        2           228           633
     46        2           228           818
     47        1            14           718
     48        1            14           588
     49        2           236           600
Attempt Distance          Time         TTime
      0        1          5842        131792
      1        2        102315        116039
      2        2         89394        145087
      3        1          1067        128117
      4        2         88105        105736
      5        1          1058        117976
      6        1          1123        122758
      7        2         46725         91878
      8        1           709        120864
      9        2         62884         93020
     10        1           681         98261
     11        2         45977         98174
     12        1           660        114651
     13        1           970        102603
     14        1           592        115035
     15        2         39032        110171
     16        2         44168        107666
     17        1           774         98834
     18        2         41771        109154
     19        1           666        105541
     20        1           726        107568
     21        2         43191        104315
     22        2         38168        107467
     23        2         41840         95015
     24        2         79338        101493
     25        1           941        123422
     26        2         93729        131697
     27        1           986        100083
     28        2         38343        120761
     29        1           850        104713
     30        2         38188         96647
     31        2         48256        151361
     32        1           473        118046
     33        2         44678        118445
     34        1           885        117583
     35        2         45352        110668
     36        2         40331        110829
     37        2         48503         96948
     38        2         44621        103142
     39        2         77539        109124
     40        1           808        114818
     41        2         31677        101006
     42        2         33559        103145
     43        2         40038        108755
     44        2         42735        109246
     45        2         37667         90436
     46        2         35760        100763
     47        1           568        105871
     48        1           535        105277
     49        2         33761         94339
