Attempt Distance          Time         TTime         RTime        RTTime
      0        2          2483          3624         30541         12075
      1        2          1145          2234         12579          9816
      2        2          1063          2910          6399         19038
      3        2          1494          2614         19354         17700
      4        2          1110          2349          7869         12842
      5        2           966          2555          6304          7100
      6        1            88          4360          7686         17017
      7        2           739          3366          8694         11159
      8        1            64          4233         19055         11353
      9        2          1294          1714         12959          6011
     10        1            46          1493          5012          4185
     11        2           564          1323          6465          4047
     12        1            57          2860          4565          3606
     13        2           311           671          2725          2258
     14        2           567          3714          3757          2960
     15        1            46           750          1833          2277
     16        2           294          1360          3324          3162
     17        2           398           646          2055          2147
     18        2           297           878          2423          5081
     19        1            58          1170          1959          2502
     20        2           509           663          2240          2277
     21        2           609           735          3265          2281
     22        2           229           691          1732          2431
     23        2           217           656          1811          3780
     24        2           402           701          2542          2138
     25        2           261           959          1881          3462
     26        2           739           777          2592          4068
     27        1            37           704          2044          2127
     28        2           342           997          4168          2191
     29        2           314           719          2823          2208
     30        1            22           615          1793          3315
     31        2           396           610          2024          2049
     32        2           341           622          1776          2093
     33        1            53           660          1619          4139
     34        2           566          1004          3325          2312
     35        2           328           672          1711          2891
     36        2           378           682          2023          2063
     37        2           281           741          1758          1923
     38        2           236           631          1663          3325
     39        1            37           868          2305          1958
     40        1            17           608          1739          2132
     41        1            34          1188          2514          3327
     42        2           327           642          1838          2200
     43        2           337           889          2525          2483
     44        2           678          1102          3801          3497
     45        2           270           725          2208          3234
     46        2           245           810          2622          2071
     47        1            19           645          1468          1950
     48        1            20           632          1678          3200
     49        2           272           914          3331          2135
