Attempt Distance          Time         TTime
      0        1           131          2315
      1        2           313          1687
      2        1            51          1712
      3        2           423          1294
      4        2           240          1165
      5        2           274           821
      6        2           233           830
      7        2           191          1122
      8        1            29          1354
      9        2           384          1273
     10        2           322          1020
     11        2           477          1234
     12        2           256          1166
     13        2           296          1099
     14        2           316           958
     15        2           193           972
     16        2           228           801
     17        1            20           697
     18        2           195           535
     19        1            10           471
     20        2           230           547
     21        2           120           646
     22        2           127           538
     23        2           241           681
     24        2           118           510
     25        2           116           574
     26        1            10           508
     27        2           157           519
     28        2           139           485
     29        1             9           543
     30        2            93           438
     31        2           108           597
     32        2           160           693
     33        2           182          1078
     34        2           236          1040
     35        2           216          1024
     36        2           155           574
     37        2           120           664
     38        2           127           568
     39        2           101           511
     40        2           100           401
     41        2            92           407
     42        2           107           410
     43        2           118           512
     44        2           100           442
     45        1             7           423
     46        2            95           385
     47        2            86           399
     48        2            99           384
     49        2           140           442
Attempt Distance          Time         TTime
      0        1          3983         66255
      1        2         35210         71634
      2        1           993         73442
      3        2         40364         85170
      4        2         23737         72841
      5        2         24676         64384
      6        2         27886         66557
      7        2         32764        106908
      8        1          1085         73622
      9        2         26439         66525
     10        2         12988         58753
     11        2         15921         63150
     12        2         17635         84797
     13        2         17643         60676
     14        2         18090         53984
     15        2         11914         51882
     16        2         20278         56416
     17        1           422         95417
     18        2         14775         88420
     19        1           426         75927
     20        2         48838         55344
     21        2         17109         62769
     22        2         17533         78763
     23        2         12605         70475
     24        2         23268         91703
     25        2         23286         78389
     26        1           495         66114
     27        2         26487         85355
     28        2         25922         84650
     29        1           629         66133
     30        2         12069         62293
     31        2         10482         82379
     32        2         15410         57498
     33        2         11888         64350
     34        2         18039         59501
     35        2         17902         80823
     36        2         24354         87260
     37        2         16864         74126
     38        2         16599         69156
     39        2         15972         94560
     40        2         21263         70000
     41        2         21606         89524
     42        2         19655         66994
     43        2         18535         72601
     44        2         23739         74200
     45        1           480         89025
     46        2         19540         75340
     47        2         19688         82712
     48        2         21140         65992
     49        2         16427         53041
