Attempt Distance          Time         TTime
      0        3           236           855
      1        4           184           173
      2        3           121           360
      3        4           137           116
      4        1            15           332
      5        3           146           311
      6        3           172           571
      7        3            77           246
      8        4           145           142
      9        6           451         10199
     10        4           186           208
     11        3           112           280
     12        4           344           368
     13        3           175           443
     14        4           385           334
     15        3           149           397
     16        5           490         27267
     17        4           243           172
     18        4           188           189
     19        5           223          9708
     20        4            85           101
     21        2            11            77
     22        4            75            62
     23        2            24           163
     24        3            39           125
     25        5           193         20870
     26        4           104           222
     27        4            92            74
     28        3            28           111
     29        5           191         11191
     30        3            39            67
     31        4           156           130
     32        4           192           150
     33        3            84           150
     34        4           158           137
     35        3            51           135
     36        5           146         11087
     37        4           124           111
     38        4           232           272
     39        3           102           235
     40        3           114           159
     41        3            33           107
     42        6           224          5252
     43        4            92            79
     44        4            80            65
     45        4            95           102
     46        3            34            76
     47        3            18            54
     48        4            54            51
     49        4            48            45
Attempt Distance          Time         TTime
      0        3         27940         35352
      1        4         37969         14724
      2        3         22097         26888
      3        4         24689         14310
      4        1           712         27868
      5        3         15981         25633
      6        3         24465         27098
      7        3          9519         20375
      8        4         17192         18404
      9        6         83058        873689
     10        4         15894         14363
     11        3          6920         21759
     12        4         29427         22202
     13        3         12199         27417
     14        4         24327         20623
     15        3         14336         31261
     16        5         40640       3189338
     17        4         34990         36555
     18        4         60126         31762
     19        5         30060       1455595
     20        4         23066         13881
     21        2          1120         10967
     22        4         13495         10130
     23        2          1402         32665
     24        3         10589         23814
     25        5         39344       2027200
     26        4         19738         30670
     27        4         58942         23028
     28        3          5803         27777
     29        5         37561       2421967
     30        3          6086         14070
     31        4         20792         20209
     32        4         31722         25553
     33        3          8532         20118
     34        4         27058         29094
     35        3          6899         23929
     36        5         33989       1655244
     37        4         23704         17677
     38        4         31519         21667
     39        3         12566         21320
     40        3         20271         27388
     41        3          3995         12445
     42        6         34513       1096856
     43        4         22726         15080
     44        4         23266         19972
     45        4         31147         24444
     46        3         12073         24881
     47        3          3781         17215
     48        4         16447         23548
     49        4         10956          9315
