Attempt Distance          Time         TTime
      0        1           193          1968
      1        1            35          1578
      2        2           656          1793
      3        2           409          1177
      4        1            31          1294
      5        1            18          1026
      6        2           291           849
      7        1            28          1054
      8        2           366          1054
      9        1            28          1192
     10        2           455          1340
     11        1            36          1199
     12        2           364           967
     13        2           439          1157
     14        2           451          1066
     15        2           692          1687
     16        1            19           878
     17        2           296           819
     18        2           326           562
     19        2           161           512
     20        2           241           671
     21        2           215           716
     22        2           268           992
     23        2           301           562
     24        2           151           552
     25        2           215           602
     26        1            28           529
     27        2           194           529
     28        2           178           544
     29        2           186           590
     30        1            27           649
     31        1            13           648
     32        1            13           554
     33        1            11           554
     34        2           181           554
     35        2           203           659
     36        2           232           625
     37        1            13           757
     38        2           238           633
     39        2           250           621
     40        2           219           548
     41        2           143           518
     42        2           189           565
     43        2           168           511
     44        1            15           535
     45        2           146           621
     46        2           191           561
     47        2           162           492
     48        2           177           473
     49        1            12           492
Attempt Distance          Time         TTime
      0        1          5167         97453
      1        1          1889        110022
      2        2         93003        108825
      3        2         45890         97740
      4        1          1274        106824
      5        1          1743         88887
      6        2         59576         93972
      7        1           816        125062
      8        2         29647         80238
      9        1           806         84990
     10        2         30990         85943
     11        1           743         83697
     12        2         31182         77430
     13        2         32019        114692
     14        2         31140         82715
     15        2         36235        105353
     16        1           815         81441
     17        2         69844         80719
     18        2         31503         82308
     19        2         27732        127578
     20        2         25408         80496
     21        2         35357         78482
     22        2         38023         92573
     23        2         32305         98088
     24        2         26354         82680
     25        2         27661        120283
     26        1           620         87873
     27        2         29063         79709
     28        2         31533         80984
     29        2         30000         82996
     30        1           546         79383
     31        1           568        113108
     32        1           535         80891
     33        1           598         88560
     34        2         71847         85475
     35        2         30848         83673
     36        2         28680         80863
     37        1           513        119710
     38        2         24462         83349
     39        2         30952         84424
     40        2         31596         94105
     41        2         24841         87412
     42        2         27181         86175
     43        2         26711        116540
     44        1           627         91110
     45        2         24393         81235
     46        2         26348         74709
     47        2         26272         72647
     48        2         30880         74589
     49        1           459        116792
Attempt Distance          Time         TTime
      0        1          1710         87333
      1        1          1393         82765
      2        2         32876         89848
      3        2         23333         79729
      4        1           813         87628
      5        1           811        125386
      6        2         27869         85094
      7        1          1032         85864
      8        2         24862        109365
      9        1           874        112263
     10        2         33054        121161
     11        1           835         82454
     12        2         31246         80795
     13        2         31350         77318
     14        2         25960         84218
     15        2         32089        117295
     16        1           905         83923
     17        2         28944         76306
     18        2         28096         78050
     19        2         25906         74688
     20        2         23538        126257
     21        2         30924         78410
     22        2         30993         72212
     23        2         25472         67765
     24        2         24864         68550
     25        2         67573         86621
     26        1          1126         91666
     27        2         27228         79788
     28        2         27307         82470
     29        2         27989        115412
     30        1           903         83345
     31        1           805         80019
     32        1           751         82809
     33        1           939         86142
     34        2         27555         89679
     35        2         28532        124320
     36        2         30846         78530
     37        1           779         97243
     38        2         25429        104768
     39        2         31600         84351
     40        2         29230        119012
     41        2         26464         84081
     42        2         25820         79592
     43        2         29459         82045
     44        1          1090         90443
     45        2         24493        122999
     46        2         29132         84775
     47        2         26541         81548
     48        2         31585         81314
     49        1           763         90654
