Attempt Distance          Time         TTime         RTime        RTTime
      0        1           574          4139         35277         16786
      1        2           927          1904          9709          5054
      2        1            46          1416         11170          7778
      3        2          1467          2064          6049         10629
      4        2           679           918          2988          4581
      5        2           949           718          3246          3023
      6        2           434          2120          3100          5910
      7        2           722          4949          5581          5832
      8        1           113          3550          9582          6486
      9        1            69          2113          5399          4404
     10        1            38          2086          4125          4958
     11        2           648          4436          4187          6520
     12        2           773          3370          6003          4991
     13        1            27           843          3604          7725
     14        2           570          1451          3655          5097
     15        1           118           920          5612          3524
     16        2           380          1638          2434          7144
     17        1            41          1297          3671          4750
     18        2           649          1166          2735          4230
     19        2           545          4029          5778          5168
     20        2           483          4739          3876          4660
     21        2           441          1072          2396          3459
     22        2          1521          1098          5047          3853
     23        1            45          2858          4138          3400
     24        2           819          1237          3947          7729
     25        1            61          1803          2817          3741
     26        2           498          1029          5012          3698
     27        2           806          1038          2268          7285
     28        1            62          1364          3289          3062
     29        2           461          3359          2938          3947
     30        1            50          1477          3466          2802
     31        2           289          1548          5160          4272
     32        2           457           737          2187          3766
     33        1            61          1149          2896          4259
     34        1            35           907          1968          6556
     35        1            59           791          2820          2331
     36        2           309           831          2431          4279
     37        1            27           686          1971          3138
     38        1            44          1439          2568          4847
     39        2           490           661          2253          2640
     40        2           361           738          2251          2203
     41        2           562          1144          3891          2514
     42        1            35           899          2219          3905
     43        1            33          1958          3973          3819
     44        2           359           734          2015          2291
     45        1            23          1531          2424          3283
     46        1            29           778          2127          2535
     47        2           343           686          1963          2246
     48        1            63           851          3406          2306
     49        2           338           660          1968          2291
