Attempt Distance          Time         TTime         RTime        RTTime
      0        2           676          1996         21172          7513
      1        2           226          1040          5104          3142
      2        2           472           911          4424          3918
      3        2           418          1103          5009          2843
      4        2           208           628          2603          2640
      5        1            33           579          3652          1644
      6        2           117           624          3594          3097
      7        2           138           740          2153          2618
      8        2           156           639          2631          2717
      9        2           135           630          2978          2607
     10        3           619           574          2180          4419
     11        2           317           365          2648          1834
     12        2           205           729          2160          1669
     13        2           158           422          1231          5653
     14        2           315           725          2427          3673
     15        2           165           999          2007          2917
     16        2           111           629          2212          3657
     17        2           167          1019          2323          3894
     18        2           183           477          2278          2793
     19        2           136           674          2003          1808
     20        1            18           537          5066          2230
     21        3           383           469          1977          1941
     22        2            87           401          1721          2170
     23        2           190           856          2668          4861
     24        2           261           366          1704          1442
     25        2            92           751          2698          1881
     26        2           119           378          1232          1853
     27        2            95           534          1654          1525
     28        2            54           403          1074          1405
     29        2           156           510          2922          1954
     30        2            61           458          1068          1152
     31        2            55           294           860          1018
     32        2           106           300          1030          1129
     33        2            65           535           893          1666
     34        1            15           331           921          1124
     35        2            93           347           980          1142
     36        2            65           330          1046          1004
     37        2            71           306           997          1018
     38        2            49           299           922          1644
     39        2           111           341          1843          1085
     40        2            68           338          1162          1140
     41        2            70           479          1080          1485
     42        2            64           292           961           994
     43        2            59           749          1474          2157
     44        3           366           343          1297          1086
     45        2            56           359           990          1140
     46        2            61           385          5952          2182
     47        3           591           373          1596          1129
     48        2            88           348           977          1251
     49        3           250           336          1177          1047
