Attempt Distance          Time         TTime
      0        2           609          1759
      1        2           276          1205
      2        1            17          1327
      3        2           361          1043
      4        1            17          1043
      5        2           361          1071
      6        2           681          1593
      7        2           324          1342
      8        2           420          1172
      9        2           443          1416
     10        2           490          1175
     11        2           399          1135
     12        2           285          1101
     13        2           316           906
     14        2           215           815
     15        2           269           767
     16        1            12          1255
     17        2           401          1078
     18        2           217           841
     19        2           243           891
     20        2           345          1031
     21        2           331           935
     22        2           190           757
     23        1            15           709
     24        2           199           649
     25        2           198           776
     26        1            13           819
     27        1            19          1430
     28        2           296           973
     29        2           375          1137
     30        1            22          1297
     31        2           478          1413
     32        2           297           947
     33        2           220          1210
     34        2           242          1070
     35        2           225           923
     36        2           209           875
     37        2           162           762
     38        2           324          1292
     39        1            15           956
     40        2           297          1179
     41        2           327           927
     42        1            28          1122
     43        1            23          1227
     44        2           183           878
     45        2           150           575
     46        2           142           574
     47        2           163           553
     48        1            11           522
     49        1            11           901
Attempt Distance          Time         TTime
      0        2         56375         74842
      1        2         40369         97069
      2        1           863         84961
      3        2         54429         88903
      4        1          1812        110186
      5        2         47667        110325
      6        2         33001         79177
      7        2         23055         66494
      8        2         30454         87617
      9        2         22227         69853
     10        2         21675         72301
     11        2         28074         75859
     12        2         20487         97659
     13        2         19672         72110
     14        2         21834         71006
     15        2         21116         76671
     16        1           604         99841
     17        2         25282         85893
     18        2         24511         91153
     19        2         21922         98708
     20        2         24453         77096
     21        2         23247         74488
     22        2         22757         86958
     23        1           651         98947
     24        2         30057         87529
     25        2         23400         78698
     26        1           533         82919
     27        1           569        102511
     28        2         80433         84274
     29        2         27663         83476
     30        1           705         97408
     31        2         22926         70738
     32        2         19881         78267
     33        2         19578         81024
     34        2         17881         99127
     35        2         25764         73369
     36        2         17617         79572
     37        2         19171         90989
     38        2         22577         84784
     39        1           593         74518
     40        2         18308         75470
     41        2         27429        122288
     42        1           585         92650
     43        1           533         86033
     44        2         16181         65051
     45        2         19919         99984
     46        2         25757         76004
     47        2         27620         76937
     48        1           595         95144
     49        1           474         83175
Attempt Distance          Time         TTime
      0        2         17717         79951
      1        2         17843         79294
      2        1           830        108884
      3        2         28800         90662
      4        1           919         78444
      5        2         21536         96201
      6        2         19521         75945
      7        2         21676         84282
      8        2         26994         99976
      9        2         23646         74459
     10        2         21927         79057
     11        2         23408        104686
     12        2         19892         82397
     13        2         18141         84183
     14        2         25415        105292
     15        2         22388         89969
     16        1           744         83355
     17        2         24530         98339
     18        2         19158         85782
     19        2         20149         82992
     20        2         22976         96030
     21        2         21710         77049
     22        2         20075         76561
     23        1           800        119099
     24        2         25556         98514
     25        2         24853         76956
     26        1           866         81634
     27        1           756        119932
     28        2         23515         86275
     29        2         24840         78422
     30        1           785         98392
     31        2         22083         84675
     32        2         17651         76256
     33        2         20244        102049
     34        2         16524         86475
     35        2         20228         76837
     36        2         20031         95114
     37        2         18811         84479
     38        2         21628         74854
     39        1           840         91754
     40        2         20617         69851
     41        2         24882         69879
     42        1           703         82819
     43        1           928         86283
     44        2         20465         96668
     45        2         30956        101253
     46        2         20846         66067
     47        2         21390         63317
     48        1           688         66954
     49        1           781        101856
