Attempt Distance          Time         TTime
      0        2           810          1990
      1        2           473          2057
      2        2           377          1712
      3        2           515          2457
      4        2           368          1416
      5        2           507          1549
      6        1            45          1630
      7        2           339          1351
      8        2           544          1608
      9        2           469          1487
     10        1            25          1492
     11        1            32          1133
     12        2           303          1004
     13        2           289           942
     14        2           275          1122
     15        2           298           911
     16        2           257           855
     17        2           359           936
     18        2           192           818
     19        2           306          1945
     20        2           380          1361
     21        2           247          1125
     22        1            20          1000
     23        1            14          1201
     24        2           249          1017
     25        2           282          1075
     26        2           195           867
     27        2           234           940
     28        2           270           918
     29        2           187           765
     30        2           140           670
     31        1            10           854
     32        1            10           715
     33        1            13           925
     34        2           254           748
     35        2           158           649
     36        2           155           629
     37        2           228           846
     38        2           253           789
     39        1            24          1645
     40        2           991          3316
     41        1            20          1251
     42        2           313          1220
     43        2           225           818
     44        2           194           670
     45        2           190           596
     46        2           140           536
     47        1             8           973
     48        1            26           943
     49        1            20           788
Attempt Distance          Time         TTime
      0        2         56578         88426
      1        2         47267         82620
      2        2         34654         83214
      3        2         38095        102604
      4        2         32215         89036
      5        2         26358         83918
      6        1           997         94127
      7        2         33562         64406
      8        2         32842         97184
      9        2         25590         81749
     10        1           496         72685
     11        1           503         68498
     12        2         18438         86651
     13        2         19861         77217
     14        2         19063         65929
     15        2         20740         72195
     16        2         23017         63552
     17        2         18812         90722
     18        2         20575         66929
     19        2         21656         77840
     20        2         22383         71671
     21        2         15886         68589
     22        1           536        100170
     23        1           489         77283
     24        2         25181         97493
     25        2         21889         65345
     26        2         20041         93580
     27        2         21199         84630
     28        2         19848         79004
     29        2         22532         73056
     30        2         18422         87411
     31        1           516         66845
     32        1           408         67721
     33        1           560         71564
     34        2         25490         77674
     35        2         21956         97854
     36        2         64130         80840
     37        2         18063         73245
     38        2         22030         70042
     39        1           453         92979
     40        2         22199         71764
     41        1           517         75048
     42        2         21518         66369
     43        2         14945         92318
     44        2         22156         79602
     45        2         21019         78782
     46        2         19612         83545
     47        1           422         99442
     48        1           524         77970
     49        1           529         80279
