Attempt Distance          Time         TTime         RTime        RTTime
      0        2           812          1970         25797          8334
      1        2           531           967          4483          3228
      2        1            75          1288          4290          5614
      3        2           277          2350          6255          5007
      4        2           280           967          4324          4188
      5        2           230          1295          7417          5041
      6        1            37          1059          5989          2740
      7        2           188          1037          3547          5796
      8        2           203          1965          2344          2181
      9        2            96          1012          4698          2963
     10        2           287           582          4714          6532
     11        1            38           399          1573          1826
     12        2            70           557          2005          2280
     13        2           225           533          4767          1973
     14        2           230           761          2384          2539
     15        2           206           851          3554          2733
     16        2           204           439          2679          2296
     17        2           378           498          1784          2443
     18        3           619           785          2556          2959
     19        2           154           783          1989          1961
     20        2           169           744          2374          2989
     21        2           232           629          2045          2232
     22        2           131           486          1707          2106
     23        2           185           614          3489          2037
     24        2           100           662          1428          2391
     25        1            39           609          2635          8901
     26        2            82           417          1953          2342
     27        2           194          1295          2293          5072
     28        2           134           597          4034          2367
     29        3           617           711         15580          6426
     30        3           280           327          2833          2181
     31        2           157          1030          3012          3484
     32        2           204           439          4847          2062
     33        2           114           364          1121          1717
     34        2           174           584          5133          2817
     35        2           142           630          1859          1795
     36        2           128           333          1395          7819
     37        3           753           503          2686          2292
     38        2           155          2338          2499          2594
     39        2           101           398          1216          1571
     40        2            57           317          1093          1386
     41        2            74           305          1108          1366
     42        2           175           606          3367          1481
     43        2            82           372          1631          1377
     44        3           264           394          1333          1474
     45        2            75           578          1258          3413
     46        1            23           447          1692          1143
     47        2            58           339          1371          1144
     48        2            87           320          1256          1240
     49        2            68           334          1129          2056
