Attempt Distance          Time         TTime         RTime        RTTime
      0        2           522          1223         26351          3625
      1        2           153           766          3319         11776
      2        3           556           932          7421          2569
      3        2           633           780          2295          2263
      4        3           696           915          5594          4262
      5        2            46          1439          2288          3139
      6        2            83           521          2303          2015
      7        3           283           680          2312          4071
      8        4          1056           446          7108          4781
      9        3           197           507          1805          2241
     10        2            31           357          1543          1972
     11        3           283           526          6877          2108
     12        3           294           363          1772          1636
     13        3           126           318          1510          1628
     14        2            86           447          3709          1912
     15        2            95           689          1381          2233
     16        2           101           472          1995          3302
     17        1           100           360          3163          1788
     18        2            51           336          1526          3382
     19        3           314           417          3065          2490
     20        3           123           503          1971          1499
     21        2            74           412          2141          5381
     22        2            53           413          2020          2112
     23        2            78           409          1586          1886
     24        3           238           635          2338          4835
     25        2            56           435          1941          2034
     26        2            52           442          1884          1940
     27        3           345           934          1818          2277
     28        2            50           341          1767          1521
     29        2            38           667          1708          4528
     30        2           188           420          1795          1646
     31        2            48           258          1980          1485
     32        3           187           310          1698          2169
     33        3           323           271          2410          2010
     34        3           107           563          1560          1902
     35        2            55           604          1652          1361
     36        3           330           572          2543          1781
     37        2            40           446          1664          1854
     38        1            27           473          1761          1688
     39        3           195           816          5928          1677
     40        2           116           619          2549          3316
     41        3           164           425          4898          1437
     42        2            52           249          1691          1701
     43        3           251           498          1951          1112
     44        2            30           791          3897          1682
     45        2            34           742          1407          1371
     46        2            63           367           966          1246
     47        3           164           239          1394          1745
     48        2           175           674          3229          2672
     49        2            75           504          1158          1914
