Attempt Distance          Time         TTime
      0        2           925          1599
      1        1            25          1119
      2        2           508          1009
      3        2           520          1063
      4        2           474           993
      5        1            19           924
      6        2           350          2234
      7        1            24          2076
      8        1            30          1815
      9        2           695          1722
     10        2           647          1816
     11        2           886          1668
     12        1            27          1140
     13        2           485          1313
     14        1            30          1306
     15        2           435           977
     16        1            17          1374
     17        1            31           906
     18        1            15           739
     19        1            18           660
     20        2           183           653
     21        2           196           652
     22        2           211           552
     23        2           207           563
     24        2           231          1245
     25        2           732          1441
     26        2           457          1078
     27        2           491           981
     28        2           287           635
     29        2           268           544
     30        2           196           618
     31        1            13           671
     32        2           294           687
     33        2           204           603
     34        1            14           635
     35        2           225           729
     36        2           225           592
     37        2           240           648
     38        2           214           651
     39        1            14           854
     40        2           268           711
     41        1            13           623
     42        2           213           640
     43        1            15           623
     44        1            13           610
     45        2           203           606
     46        2           183           549
     47        2           290           687
     48        1            13           578
     49        2           212           680
Attempt Distance          Time         TTime
      0        2         96921        108094
      1        1          1592        117502
      2        2        134857         95133
      3        2         75103         99284
      4        2         65425         88582
      5        1           974        117314
      6        2         32519        106255
      7        1           703        106806
      8        1           654        120646
      9        2         33468         87289
     10        2         68037         81127
     11        2         38748        116500
     12        1           888         99289
     13        2         31120         83649
     14        1           744        116900
     15        2         34532         98723
     16        1           776        101024
     17        1           552        104635
     18        1           589         92465
     19        1           628        100087
     20        2         28734        106625
     21        2         33088        122410
     22        2         49306        100144
     23        2         52350        141986
     24        2         44865        118034
     25        2         46870        114759
     26        2         93186        140503
     27        2         46208        139497
     28        2         45053        125250
     29        2         44334        145998
     30        2         43875        117355
     31        1           576        139758
     32        2         39211        114036
     33        2         33047         85712
     34        1           764         97785
     35        2         29399         91982
     36        2         39702         89153
     37        2         34224         85216
     38        2         34118         96701
     39        1           676         98671
     40        2         74356         89095
     41        1           645         83795
     42        2         34715        113439
     43        1           603         89419
     44        1           566         89087
     45        2         33162        110158
     46        2         31854         85681
     47        2         33027         86738
     48        1           698        120726
     49        2         30506         89715
Attempt Distance          Time         TTime
      0        2         37696         87636
      1        1          1026        112612
      2        2         51219        119591
      3        2         40739        138305
      4        2         51758        101394
      5        1          1088        100953
      6        2         31791        112650
      7        1          1070        101488
      8        1           964         91986
      9        2         54923         94301
     10        2         25585         87914
     11        2         35464        145500
     12        1          1010         91077
     13        2         28954         91222
     14        1          1021        111869
     15        2         41723        115445
     16        1          1133        118920
     17        1           919        158112
     18        1          1461        123754
     19        1          1280        104860
     20        2         30061        149507
     21        2         36614        114959
     22        2         42906        139958
     23        2         47209        118985
     24        2         39141        108729
     25        2         44289        140522
     26        2         43163         99632
     27        2         39689        102873
     28        2         32235         89470
     29        2         31756         81331
     30        2         64912         79619
     31        1           800         78507
     32        2         38215         92679
     33        2         30860         71455
     34        1           746         75433
     35        2         25763        105839
     36        2         32962         82384
     37        2         34614        111600
     38        2         31967         88678
     39        1           931         90062
     40        2         33591        123943
     41        1          2419        105020
     42        2         32337        105143
     43        1          1138         99869
     44        1           901         96978
     45        2         33989        113404
     46        2         30534         82911
     47        2         31239         85103
     48        1          1096        118774
     49        2         30248         89905
