Attempt Distance          Time         TTime         RTime        RTTime
      0        1           250          1474         26386          8906
      1        2           526          1099          6104          5288
      2        2           698          1347          5688          3129
      3        2           227          1333          5256          7299
      4        2           296          3698          3496          3657
      5        2           372          2690          3889          8549
      6        2           410           484          2902          4854
      7        2           750           940          5626          5588
      8        2           549          1533          4617          6665
      9        2           407           943          4629          3311
     10        2           363          3355          2740          4501
     11        2           272          2180          2746          5690
     12        2           347           893          2899          3135
     13        2           346           722          3049          3246
     14        2           956           413          3043          1714
     15        2           226           507          2051          1938
     16        1            21           908          2357          2647
     17        2           125           437          1484          2120
     18        2           184           429          1250          1771
     19        3           381          2152          1431          3722
     20        2           177           455          1895          2085
     21        2           254           957          2484          3019
     22        2           358           704          2184          2344
     23        2           148           396          1484          1521
     24        1            21           422          1326          1833
     25        2           192           767          3107          2633
     26        2           121           433          1722          1778
     27        2           235           497          1512          1601
     28        1            15           723          2121          2276
     29        2           124           417          1487          1798
     30        2           337           682          2168          2046
     31        2           208          1015          4114          2803
     32        2           209           370          1639          1813
     33        2           177           397          1783          1944
     34        2           256           414          2034          1645
     35        2           133           464          1263          1459
     36        1            13           396          1189          1347
     37        2           114           376          1255          1226
     38        2           332           470          2666          1525
     39        2           113           373          1157          1265
     40        2            87           443          1330          1520
     41        2           130           651          1399          2233
     42        2           242           381          1550          1433
     43        2           116           647          1379          2070
     44        2           178           497          1900          1622
     45        1            16           709          1742          2001
     46        2           150           392          1298          1242
     47        2           113           465          1257          1497
     48        2           175           416          1400          1446
     49        2            99          1507          1760          2042
