Attempt Distance          Time         TTime         RTime        RTTime
      0        2          1625          2810         21733          7828
      1        2           415          1301          5104          5215
      2        2           618          2537          4506          9901
      3        1            84          1660          6386          8226
      4        2           595          3014          4516          4479
      5        2           576          1566          4409          5318
      6        2           489           734          3269          3251
      7        1            37          1135          7239          5352
      8        2           389          3641          3784          7090
      9        1            46          1813          4388          5215
     10        2           257           919          2598          4706
     11        2           616           715          3224          3163
     12        2           616          1635          3248          4959
     13        1            32           984          3105          3553
     14        2           547           856          7174          4048
     15        2           554          4793          2882          4424
     16        2           308           850          2200          2711
     17        2           398          1156         11378          3347
     18        1            27           720          5215          2748
     19        2           501          1584          2787          8857
     20        1            46          1069          3170          3757
     21        2           450          1299          4983          3676
     22        2           349          1149          3819          5325
     23        2           472          1614          3331          2761
     24        2           200           608          1582          4105
     25        1            52           781          2086          2803
     26        2           287           580          2420          1844
     27        1            25          1564          4315          3231
     28        2           480          1286          3215          4366
     29        1           281           571          2106          2504
     30        2           360           532          1826          1931
     31        1            17           532          1494          4468
     32        2           255          1273          2352          2069
     33        2           288           544          1514          1675
     34        2           208          1144          3519          2365
     35        2           267           561          2719          1781
     36        2           374          2045          2098          3633
     37        2           455           882          2368          2484
     38        1            33           657          2417          4745
     39        1            41          1133          2732          3458
     40        1            35           859          1889          3100
     41        2           488           553          2544          1878
     42        2           190           723          1611          2052
     43        2           312          1105          4327          1772
     44        2           212           587          1667          2676
     45        2           351           971          2361          4104
     46        1            48          1141          3618          3153
     47        2           225           618          1680          1725
     48        2           189          1146          2325          2307
     49        2           364           550          1683          1899
