Attempt Distance          Time         TTime         RTime        RTTime
      0        2          4701          2597         34444         10885
      1        2           842          2447          9841          8871
      2        2           618          3659          7438          5948
      3        1            57          2104          6085          6044
      4        2           582          1498          8401          5028
      5        2           588           834          5066          3226
      6        2           335           641          2930          4653
      7        2           312           931          3243          3980
      8        2           500          1516          4877          4143
      9        2           459           931          3391          3678
     10        2           672           946          3635          4745
     11        2           525          1356          2755          3882
     12        2           406          1189          2132          3663
     13        2           263          1812          2510          4625
     14        2           351           957          2699          2118
     15        2           238           654          1854          4251
     16        2           329          1040          2564          3696
     17        2           353          1049          2794          6174
     18        1            96           869          3265          2860
     19        1            23          1438          3052          3466
     20        2           313           724          2111          3450
     21        1            39          1980          3245          3819
     22        2           567           671          2580          2002
     23        2           218           599          1729          4671
     24        2           490           719          3043          2556
     25        2           336           595          1932          3681
     26        1            24           648          2504          3041
     27        2           281           753          1685          3351
     28        1            22           892          2403          2187
     29        2           244           667          1901          2481
     30        1            42           557          1514          1792
     31        2           180          1332          2749          2332
     32        1            20           611          1562          1834
     33        2           194           735          1915          2558
     34        2           538           686          3504          2117
     35        1            21           597          1586          1990
     36        2           377           782          2129          2989
     37        2           523           604          2106          1846
     38        2           264           606          2511          1933
     39        2           291           590          1569          4061
     40        2           241           582          1736          2204
     41        2           399           603          2264          1779
     42        2           274          1280          3062          3283
     43        2           454           958          3148          2347
     44        1            20          1490          3583          3589
     45        1            33           840          2971          3020
     46        1            23           608          1562          5205
     47        1            31          1074          2724          3057
     48        2           288           616          2308          3971
     49        1            32           737          2839          3430
