Attempt Distance          Time         TTime
      0        1           197          1517
      1        2           218           910
      2        1            19          1010
      3        2           157           723
      4        1            19          1212
      5        2           249          1400
      6        3          1423          1171
      7        2           286          1142
      8        3          1072          1123
      9        2           216          1076
     10        2           141          1141
     11        2           120           860
     12        2           150           991
     13        2           192           985
     14        2           169           906
     15        3           766           973
     16        3           552           950
     17        2           135          1008
     18        1            33           697
     19        2            88           649
     20        2            96           601
     21        2            98           561
     22        2            84           551
     23        2           116           727
     24        2           111           612
     25        2           167           795
     26        3           402           498
     27        2            94           596
     28        2            87           489
     29        2           113           630
     30        2            98           647
     31        2           180           749
     32        3           399           385
     33        3           600          1163
     34        3           428           535
     35        3           550           604
     36        2            80           558
     37        2           128           467
     38        3           320           450
     39        1            11           487
     40        1            12           581
     41        1            12           502
     42        3           408           502
     43        1            12           489
     44        2            71           450
     45        3           416           465
     46        2            69           432
     47        2            73           472
     48        2            70           491
     49        2            71           492
Attempt Distance          Time         TTime
      0        1          4055         62332
      1        2         22682         56106
      2        1          1117         72903
      3        2         13950         71313
      4        1          1244         60153
      5        2         19502         65236
      6        3         86622         76207
      7        2         13754         63738
      8        3        101545         68567
      9        2         11763         55813
     10        2          9405         62319
     11        2          7239         72834
     12        2          7929         58515
     13        2         10618         62827
     14        2          9544         59839
     15        3         65790         59351
     16        3         51057         60120
     17        2          7768         68724
     18        1           457         59723
     19        2          9046         59205
     20        2          7583         67522
     21        2          9449         64467
     22        2          8553         58197
     23        2          6022         68430
     24        2          7570         57088
     25        2         10621         60514
     26        3         51809         60728
     27        2          6886         58265
     28        2          7546         71492
     29        2          9833         65170
     30        2          8094         74449
     31        2          8333         82388
     32        3         60491         60254
     33        3         83483         52105
     34        3         46516         67209
     35        3         50891         67032
     36        2          6890         58638
     37        2          7282         58027
     38        3         40528         56184
     39        1           415         67594
     40        1           448         55515
     41        1           760         55849
     42        3         56106         73696
     43        1           510         64433
     44        2          8343         56065
     45        3         49094         82183
     46        2          8239         73769
     47        2          6454         56308
     48        2          6511         58672
     49        2          5596         55445
Attempt Distance          Time         TTime
      0        1          1614         78567
      1        2          9289         56829
      2        1           635         56057
      3        2          6218         64475
      4        1           623         65192
      5        2          9719         56405
      6        3         60223         56632
      7        2          9141         62473
      8        3         48998         55306
      9        2          7774         55443
     10        2          6966         69356
     11        2          4987         63056
     12        2          6346         61150
     13        2          9162         56814
     14        2          6477         57911
     15        3         59935         65551
     16        3         39009         58978
     17        2          7144         66508
     18        1           634         58184
     19        2          7020         74643
     20        2          7893         56088
     21        2          7890         53160
     22        2          6835         48085
     23        2          6811         56369
     24        2          8218         73563
     25        2         11426         68490
     26        3         64857         54745
     27        2          5177         58527
     28        2          7215         57675
     29        2          9127         69351
     30        2          7004         56051
     31        2          5874         58493
     32        3         43430         59773
     33        3         62322         70180
     34        3         63801         57907
     35        3         47251         57945
     36        2          6499         58321
     37        2         19016         59742
     38        3         36686         64580
     39        1           526         54872
     40        1           798         63860
     41        1           671         58995
     42        3         65761         55241
     43        1           700         59593
     44        2          7466         57224
     45        3         49623         67082
     46        2         14026         57823
     47        2          8195         63401
     48        2          6671         62327
     49        2          6331         68114
