Attempt Distance          Time         TTime
      0        2           158           790
      1        3           232           509
      2        3           351           603
      3        2            49           540
      4        3           133           634
      5        3           251           751
      6        3           251           445
      7        3           234           499
      8        4           497           420
      9        3           194           531
     10        2            40           548
     11        3           152           480
     12        3           120           439
     13        3           118           361
     14        3           229           404
     15        3           179           374
     16        2            36           461
     17        3           155           413
     18        2            36           451
     19        3           122           366
     20        3           214           428
     21        2            80           422
     22        3           178           403
     23        3           237           563
     24        3           167           713
     25        3           184           530
     26        2            64           565
     27        2            29           465
     28        4           507           488
     29        3           206           551
     30        2            27           534
     31        3           205           527
     32        3           294           812
     33        2            28           533
     34        1            12           553
     35        3           217           540
     36        3           186           604
     37        3            85           502
     38        3           261           686
     39        3           183           433
     40        2            27           440
     41        3           122           352
     42        3           151           454
     43        4           328           352
     44        3           129           363
     45        3           131           409
     46        3           212           593
     47        3           150           497
     48        3           286           825
     49        3           208           495
Attempt Distance          Time         TTime
      0        2          4164         47924
      1        3         18312         30435
      2        3         36767         57846
      3        2          7252         44260
      4        3         25285         36892
      5        3         27360         42125
      6        3         38802         45517
      7        3         38120         47444
      8        4         48211         47193
      9        3         23587         47718
     10        2          7026         42390
     11        3         24335         40022
     12        3         21543         46253
     13        3         18558         37819
     14        3         23081         43331
     15        3         32218         41708
     16        2          2581         46093
     17        3         27419         40984
     18        2          3464         46372
     19        3         18441         35708
     20        3         22273         39003
     21        2          4233         41735
     22        3         23794         34583
     23        3         22245         40801
     24        3         16413         43957
     25        3         16699         36007
     26        2          4031         39670
     27        2          1809         32406
     28        4         53836         38425
     29        3         21332         29950
     30        2          1894         45579
     31        3         19364         34746
     32        3         22994         47393
     33        2          2470         41231
     34        1           320         40658
     35        3         22147         51534
     36        3         21187         39401
     37        3          5845         31673
     38        3         25177         45413
     39        3         21631         38371
     40        2          2462         42522
     41        3         13359         43438
     42        3         19187         57042
     43        4         38761         32718
     44        3         17057         40020
     45        3         13177         34563
     46        3         21873         37200
     47        3         10064         30790
     48        3         28106         44226
     49        3         44262         49907
