Attempt Distance          Time         TTime
      0        2           923          2509
      1        2           373          1756
      2        2           311          1209
      3        2           451          1341
      4        2           278          1581
      5        1            79          2066
      6        0            14          1982
      7        2           597          1371
      8        2           302          1269
      9        2           297          1357
     10        2           330          1382
     11        1            27          1073
     12        2           524          2263
     13        2           284          1166
     14        1            37          1173
     15        2           282          1054
     16        2           220           873
     17        2           343          2502
     18        2           669          1352
     19        2           204          1049
     20        2           403          1033
     21        2           119           763
     22        2           216           891
     23        2           226          1008
     24        2           219           889
     25        2           289          2226
     26        2           180           808
     27        2           203           760
     28        2           158           706
     29        2           162           652
     30        2           130           683
     31        2           108           623
     32        2           132           596
     33        1            11           693
     34        2           123           656
     35        2           132           659
     36        2           141           787
     37        2            99           549
     38        2           112           505
     39        1             8           423
     40        2            71           374
     41        2            80           362
     42        2           105           411
     43        2            99           459
     44        1            10           444
     45        2            79           370
     46        2            82           397
     47        0             1           502
     48        2            81           426
     49        2           146           528
Attempt Distance          Time         TTime
      0        2         50949         99505
      1        2         26970         69675
      2        2         21686         77892
      3        2         22479         68817
      4        2         23603         76911
      5        1          1087         71336
Standard and transitive algorithms inconsistent (0 != 2)
      7        2         35211         92979
      8        2         23836         84342
      9        2         26196         63252
     10        2         14530         63614
     11        1           488         67860
     12        2         18362         57499
     13        2         15664         68359
     14        1           750         94441
     15        2         14813         60743
     16        2         11954         68977
     17        2         18355         56410
     18        2         13816         68206
     19        2          9307         57984
     20        2         18721         79605
     21        2         21368        105335
     22        2         13630         60728
     23        2         13657         51835
     24        2         17351         57562
     25        2         11092         52472
     26        2         10701         53541
     27        2         44674         82848
     28        2         19941         93092
     29        2         17883         75421
     30        2         14060         85485
     31        2         12643         77489
     32        2         17360         72520
     33        1          1289         71128
     34        2         18148         81900
     35        2         20897         60302
     36        2         16384         85246
     37        2         11253         69824
     38        2          9797         53177
     39        1           549         65953
     40        2         10903         64161
     41        2         15983         78569
     42        2         12254         67838
     43        2         12531         71978
     44        1           475         72420
     45        2         14490         70794
     46        2         16007         68188
Standard and transitive algorithms inconsistent (0 != 2)
     48        2         16820         99845
     49        2         17245         84446
