Attempt Distance          Time         TTime         RTime        RTTime
      0        3          1921          5425         41363         10931
      1        4           632           572         16465          4628
      2        5          1693         46766          3625         16180
      3        4           485           286          3663          5693
      4        4            95           218          3720          2860
      5       -1           921         29362          3048         46166
      6        5           306         30452          2541         30557
      7        3            55          1050          7425          3194
      8        3           106           180          2481          3362
      9        4           197           148          3209          2280
     10        4           123           156          2317          3527
     11        3            95           171          2860          1749
     12        5           213         14313          1927         12134
     13        3            81           171          2749          1811
     14        4           161            85          1886          1687
     15        5           121          4881          2235          5119
     16        3           141           182          2564          9165
     17        5           365         29693          2570         17659
     18        4           244           124          1913          1849
     19        4            91            84          1781          3634
     20        1            18           212          4578          3569
     21        5           210         11678          8004         10805
     22        4           156           152          2290          5751
     23        6           308          6228          2075         10277
     24        1            16           175          2515          2711
     25        3            99           223          2596          4798
     26       -1           379         18655          1992         14195
     27        5           164         10762          1555          9371
     28        2           117           116          7438          3161
     29        4           160           197          2457          1776
     30        3           106           136          4590          3046
     31        4           118           123          2099          2307
     32        4           111           141          7757          2432
     33        3           113           160          1953          2057
     34        5           246         17819          2966         25727
     35        3            76           137          6865          5079
     36        5           276         17645          3119         26310
     37        2            73           209          9844          5801
     38        4           185          1954         10022          5387
     39        2            34           154          2502          3634
     40        5           459         31321         18536         31530
     41        4           361           122          3569          2468
     42        5           244         20503         10840         31725
     43        3           285           182          7009          2569
     44        3           129           354         13760          9278
     45        2            36           661          2287          3073
     46        4           156           100          1850          1497
     47        4           110            93          2051          2647
     48        5           453         33081          2479         15545
     49        3           124           149          2542          1906
