Attempt Distance          Time         TTime
      0        2           482          1880
      1        2           291          1272
      2        2           338          1280
      3        2           247          1127
      4        2           289           999
      5        2           250          1145
      6        2           245           979
      7        2           185          1158
      8        3          1041           848
      9        0             9          1195
     10        2           173           561
     11        2           137           596
     12        1            21           702
     13        2           105           664
     14        2           105           544
     15        2           131           545
     16        2           106           545
     17        2           161           606
     18        1            16           628
     19        2           102           678
     20        2           103           844
     21        0             4           829
     22        2           215           924
     23        2           123           774
     24        2           232           688
     25        2           118           714
     26        2           129           734
     27        1            17           713
     28        2           122           686
     29        1            15          1119
     30        2           343           822
     31        2           236           923
     32        2           153           782
     33        2           121           842
     34        2            72           485
     35        1            16           520
     36        1            13           415
     37        2            77           599
     38        2           131           599
     39        2            66           479
     40        2            87           417
     41        2            70           467
     42        2           102           435
     43        2           130           413
     44        2           112           558
     45        2           116           528
     46        1             9           447
     47        2            97           429
     48        2            66           463
     49        2            63           449
Attempt Distance          Time         TTime
      0        2         34623         70283
      1        2         21377         93769
      2        2         21534         73969
      3        2         13308         73631
      4        2         25490         78052
      5        2         26478         83868
      6        2         24182         97583
      7        2         19833         76180
      8        3         72022         65529
Standard and transitive algorithms inconsistent (0 != 2)
     10        2         12726         66766
     11        2         12440         60729
     12        1           525         69181
     13        2          9278         62047
     14        2         11372         69810
     15        2         13304         68396
     16        2          9034         70574
     17        2         10152         69930
     18        1           625         59778
     19        2          8667         66977
     20        2          8910         86681
Standard and transitive algorithms inconsistent (0 != 2)
     22        2         10187         61274
     23        2          9192         70638
     24        2         13627         66784
     25        2          9084         69022
     26        2         11354         78788
     27        1           523         61795
     28        2          9844         67779
     29        1           714         76137
     30        2         10031         68433
     31        2         12904         66150
     32        2         13103         63782
     33        2          8375         67584
     34        2         45377         72803
     35        1           605         67917
     36        1           456         65047
     37        2         13402         66905
     38        2         11902         65260
     39        2          9630         64500
     40        2         11324         63353
     41        2         10140         78680
     42        2          9467         70289
     43        2         11371         60383
     44        2          9765         68509
     45        2         14692         80067
     46        1           399         87760
     47        2         11896         74184
     48        2          9804         70100
     49        2          7515         62556
Attempt Distance          Time         TTime
      0        2         11016         64309
      1        2         11120         91025
      2        2         15048         64743
      3        2          8075         63971
      4        2         11621         68417
      5        2         11264         61529
      6        2         11310         96170
      7        2         10202         74346
      8        3         59665         56591
Standard and transitive algorithms inconsistent (0 != 2)
     10        2         11830         79919
     11        2         10967         67929
     12        1          1040         61886
     13        2          8540         62206
     14        2          8890         61253
     15        2         10018         76242
     16        2          9149         73894
     17        2          9142         63258
     18        1           700         83856
     19        2          8098         65933
     20        2          6636         70638
Standard and transitive algorithms inconsistent (0 != 2)
     22        2          9781         61731
     23        2          9201         68173
     24        2         11088         63196
     25        2          7913         82136
     26        2         10755         61645
     27        1           666         62761
     28        2          9144         61538
     29        1           642         62698
     30        2         10109         62270
     31        2         30163         69872
     32        2         12855         66708
     33        2          9401         70915
     34        2          7466         62041
     35        1           816         87591
     36        1          1237         66419
     37        2         14439         69179
     38        2         12169         63658
     39        2          8176         62169
     40        2         10557         78200
     41        2          8649         65226
     42        2          9837         71957
     43        2         12021         67553
     44        2          9951         64968
     45        2         15253         90213
     46        1           624         63777
     47        2         11051         60407
     48        2          9851         61921
     49        2          5638         61816
