Attempt Distance          Time         TTime
      0        2           428          1525
      1        1            36          1372
      2        2           273          1181
      3        1            32          1175
      4        2           267          1053
      5        1            24          1232
      6        2           294          1075
      7        2           262          1122
      8        2           269          1167
      9        2           379          1429
     10        1            69           833
     11        2           202           722
     12        2           168           697
     13        2           178           717
     14        2           141           879
     15        2           173           822
     16        2           214           968
     17        2           150           703
     18        2           149           608
     19        2           124           889
     20        2           239           840
     21        1            19           765
     22        2           162           718
     23        2           173           756
     24        1            12           712
     25        2           121           736
     26        2           120           824
     27        2           149           763
     28        1            16           732
     29        1            15           690
     30        2           189           877
     31        2           305           920
     32        2           269           773
     33        2           268          1075
     34        2           152           550
     35        2           101           605
     36        2           157           470
     37        2           104           462
     38        2           125           500
     39        2            88           448
     40        2           114           451
     41        1             9           432
     42        2           112           488
     43        2           123           604
     44        2           134           605
     45        2           106           573
     46        2           152           693
     47        2           103           521
     48        2           129           496
     49        2           109           573
Attempt Distance          Time         TTime
      0        2         43412         72888
      1        1          1045         74239
      2        2         26627         76442
      3        1          1046         71619
      4        2         28046         83083
      5        1           898         81685
      6        2         24975         76669
      7        2         30246         76826
      8        2         26517         81575
      9        2         21867         77327
     10        1           814         72247
     11        2         21197         88490
     12        2         12231         54326
     13        2         14967         69483
     14        2         16484         79695
     15        2         14077         66496
     16        2         13842         70408
     17        2         10778         62065
     18        2         14350         76503
     19        2         11072         68283
     20        2         13573         74170
     21        1           459         68712
     22        2         15835         63693
     23        2         11857         73165
     24        1           687         76369
     25        2         41633         76318
     26        2          9231         65929
     27        2         14129         73067
     28        1           523         69598
     29        1           475         71273
     30        2         16572        103890
     31        2         12992         56414
     32        2         15568         66490
     33        2         13018         60079
     34        2         12527         72471
     35        2         11134         64886
     36        2         17816         79708
     37        2         14181         78837
     38        2         14342         64908
     39        2         10541         72567
     40        2         12478         62751
     41        1           423         73639
     42        2         11540         62198
     43        2         14232         61111
     44        2         10414         73475
     45        2         10881         62696
     46        2         14505         75017
     47        2         12702         61051
     48        2         12859         77399
     49        2         10664         64052
Attempt Distance          Time         TTime
      0        2         15672         74446
      1        1          1173         70719
      2        2         13065         75628
      3        1          1143         66969
      4        2         13824         71827
      5        1          1079         93567
      6        2         16677         80283
      7        2         14263         77202
      8        2         10952         65140
      9        2         13367         75728
     10        1           706         80646
     11        2         13959         82499
     12        2         12621         63410
     13        2         14174         79524
     14        2         10086         71864
     15        2         12690        116220
     16        2         24430         64996
     17        2         10856         80842
     18        2         13389         57905
     19        2         10051         84779
     20        2         12417         70400
     21        1           854         82941
     22        2         15757         69007
     23        2         12159         71235
     24        1           693         71198
     25        2         11796         75848
     26        2          9167         68193
     27        2         12794         74198
     28        1           842         65213
     29        1           641         76694
     30        2         12524         63126
     31        2         15059         76371
     32        2         15850         68056
     33        2         12834         77724
     34        2         13552         64717
     35        2         10634         75958
     36        2         14439         65345
     37        2         12441         77137
     38        2         15638         66308
     39        2         11630         97155
     40        2         15295         77282
     41        1           957         84978
     42        2         13360         80458
     43        2         17091         86398
     44        2         13175         79767
     45        2         12211         79150
     46        2         13506         66084
     47        2         13323         80427
     48        2         13459         65752
     49        2         12227         76543
