Attempt Distance          Time         TTime
      0        4           521           603
      1        1            19            65
      2        5           694         23471
      3        6           576         18164
      4        4           239           198
      5        5           303         15239
      6        3            88           152
      7        5           285         12142
      8        4           298           321
      9        4           261           277
     10        4           165           133
     11        2            33           210
     12        6           408         16827
     13        3            73           146
     14        2            18           262
     15        5           210         10569
     16        3            57           119
     17        3            56           137
     18        5           255         11585
     19        6           281          7764
     20        3            49           102
     21        4           111            99
     22        4            81            87
     23        4           132           358
     24        2            16           110
     25        3            50           103
     26        5           186         12351
     27        2            25            83
     28        3            81           148
     29        3           164           128
     30        2            23           121
     31        5           214         13719
     32        4           113           107
     33        6           455          9057
     34        4            41            40
     35        3            25            77
     36        4            43            43
     37        3            35            81
     38        6           212          6939
     39        2            16           113
     40        5           171         11768
     41        4           156           125
     42        3            79           121
     43        4            93            94
     44        5           115          6567
     45        3            54            97
     46        2            12           146
     47        4            75            77
     48        4            82            90
     49        4            71            70
Attempt Distance          Time         TTime
      0        4         63443         29280
      1        1          1156          5154
      2        5         80669       2902157
      3        6         50882       1924364
      4        4         24946         21231
      5        5         30758       1308513
      6        3          4472         10743
      7        5         37679       1777682
      8        4         44739         35187
      9        4         20596         25228
     10        4         29956         25436
     11        2          3213         27330
     12        6         59705       2189336
     13        3          5064         15147
     14        2          1365         11964
     15        5         27723       1747903
     16        3          9317         26705
     17        3          8795         26415
     18        5         81435       2336462
     19        6         48192       2058770
     20        3         10912         25576
     21        4         30416         24190
     22        4         45283         12894
     23        4         23172         21788
     24        2          2082         17823
     25        3          5146         13866
     26        5         33497       2182306
     27        2           969         12077
     28        3         10243         42868
     29        3          7969         26421
     30        2          1943         24099
     31        5         40556       2777243
     32        4         45141         24430
     33        6         42189       2126424
     34        4          8022          6723
     35        3          5392         12205
     36        4         10724         18122
     37        3         10009         19481
     38        6         44578       1839121
     39        2          1655         24120
     40        5         81021       2079397
     41        4         23788         23341
     42        3         12956         25936
     43        4         18735         17029
     44        5         14664       1192630
     45        3          7045         18230
     46        2          1522         19211
     47        4         17542         13443
     48        4         13749         14289
     49        4          8816          9480
Attempt Distance          Time         TTime
      0        4         23881         22651
      1        1           473          3283
      2        5         34739       2030075
      3        6         34585       1707437
      4        4         16224         15639
      5        5         21887       1703308
      6        3          4306         16986
      7        5         30689       1784614
      8        4         32484         23001
      9        4         29350         21549
     10        4         19121         14794
     11        2          2258         24633
     12        6         38713       1705108
     13        3          6030         13042
     14        2          1783         12443
     15        5         25335       1412895
     16        3          6019         12371
     17        3          5426         13791
     18        5         35722       2316193
     19        6         57352       2485089
     20        3          8048         19930
     21        4         18884         26762
     22        4         15688         17394
     23        4         40827         26308
     24        2          1340         21580
     25        3          6810         14240
     26        5         31459       2285931
     27        2          1281         13395
     28        3         11785         31281
     29        3          6116         25213
     30        2          3102         32129
     31        5         37950       2466666
     32        4         19798         19052
     33        6         31241       2090490
     34        4          6254          9061
     35        3          5128         13392
     36        4         11536         13056
     37        3         11321         28821
     38        6         59478       1774496
     39        2          1599         13805
     40        5         23590       2536793
     41        4         22502         23141
     42        3         25450         29229
     43        4         23735         19725
     44        5         18711       1057035
     45        3          7120         15809
     46        2          1486         16954
     47        4         14112         12055
     48        4         15317         13311
     49        4          9724          9725
