Attempt Distance          Time         TTime
      0        2          1258          2543
      1        1            25          1242
      2        2           601          1356
      3        2           673          1343
      4        2           413          1233
      5        2           553          1218
      6        2           543          1550
      7        2           609          1495
      8        2           703          1473
      9        2           499          1391
     10        1            28          1230
     11        2           375          1056
     12        2           441          1160
     13        2           475          1833
     14        2           450          1178
     15        1            27          1218
     16        2           494          1372
     17        1            35          1218
     18        2           386          1166
     19        2           416          1195
     20        1            33          1166
     21        2           468          1146
     22        2           419          2049
     23        1            33          1408
     24        2           499          1375
     25        2           492          1329
     26        2           307           743
     27        1            15           805
     28        2           283           705
     29        1            13           641
     30        2           187           622
     31        1            16           786
     32        1            14           636
     33        2           220           552
     34        2           230           612
     35        1            15           735
     36        2           310           769
     37        1            13           675
     38        2           206           580
     39        2           217           551
     40        2           217           605
     41        1            14           597
     42        2           193           617
     43        2           254           588
     44        2           196           608
     45        2           217           609
     46        2           329           954
     47        2           282           649
     48        2           285           544
     49        1            17           576
Attempt Distance          Time         TTime
      0        2        101005        126069
      1        1          1437        109540
      2        2         91228        126218
      3        2         87259         92299
      4        2         70246         95138
      5        2         36053         89824
      6        2         79567        101309
      7        2         33092        101635
      8        2         35308         91700
      9        2         39837         97157
     10        1           686         89234
     11        2         30297        102080
     12        2         40442        128953
     13        2         34433         94017
     14        2         40375        101277
     15        1           860         89863
     16        2         39729        103662
     17        1           680         91623
     18        2         29815         99206
     19        2         77666         90949
     20        1           613         89487
     21        2         29221         92783
     22        2         23785         83937
     23        1           515        102883
     24        2         32208         90865
     25        2         38731        123502
     26        2         38287        104918
     27        1           755         97475
     28        2         37419        100386
     29        1           654        100401
     30        2         31686        109807
     31        1           628         96086
     32        1           626        116952
     33        2         32969        103854
     34        2         39219         83438
     35        1           655        108880
     36        2         66804         83220
     37        1           700        115353
     38        2         42868        108473
     39        2         38161        102466
     40        2         36518        105590
     41        1           704         94841
     42        2         30126        102028
     43        2         38677         92871
     44        2         30908        105390
     45        2         36010        112393
     46        2         33006         87990
     47        2         40076        108032
     48        2         75377         83444
     49        1           641        114060
Attempt Distance          Time         TTime
      0        2         35440        107380
      1        1          1070         88283
      2        2         38519        109167
      3        2         32364        112974
      4        2         29833        101419
      5        2         36425         88558
      6        2         53916         93251
      7        2         32305        107557
      8        2         37456         99571
      9        2         39909         92299
     10        1          1220        111408
     11        2         27731        104844
     12        2         35039         94098
     13        2         43516         90735
     14        2         35503        110009
     15        1           734         90628
     16        2         50451         89884
     17        1           966        111192
     18        2         30192         98797
     19        2         47080         85398
     20        1           840        107016
     21        2         34886        109019
     22        2         26170         83538
     23        1          1007        112183
     24        2         32711         99530
     25        2         41322         87844
     26        2         32944        112273
     27        1          1065        126994
     28        2         41549         98137
     29        1           998        126286
     30        2         29091        104689
     31        1           973         86724
     32        1           776        107227
     33        2         32613        109004
     34        2         44118         99798
     35        1           873        117755
     36        2         32825        108209
     37        1           958         90605
     38        2         48909         96763
     39        2         37033        109740
     40        2         34454        104848
     41        1           923         89591
     42        2         29998        111893
     43        2         36297        105639
     44        2         33105        107730
     45        2         36002         87963
     46        2         42862         92158
     47        2         38836        105772
     48        2         38421        107070
     49        1           974         97058
