Attempt Distance          Time         TTime
      0        2           355          2957
      1        2           183           878
      2        1            32           946
      3        2            91           909
      4        3           598           722
      5        2           190           646
      6        2            82           636
      7        3           771          1011
      8        2           173           869
      9        2           103           813
     10        2           132           845
     11        2           109           824
     12        2           116           640
     13        3           608           830
     14        2           101           781
     15        2           154           872
     16        2           183           848
     17        2           169           907
     18        2           138           836
     19        2            86           822
     20        2           105           851
     21        3           454           957
     22        3           498           818
     23        3           443           794
     24        2           106           803
     25        2           113           874
     26        2            98           936
     27        3           574           846
     28        2           119           848
     29        2            72           899
     30        2            95           804
     31        2           268          1404
     32        2            68           539
     33        2            69           693
     34        2           253           668
     35        2            95           517
     36        2           100          1211
     37        2           102           826
     38        2           122           795
     39        3           509           864
     40        3           463           759
     41        2            89           735
     42        2           142           759
     43        3           427           888
     44        2            80           741
     45        2            87           735
     46        2            74           759
     47        2           144           999
     48        3           461           792
     49        3           640           526
Attempt Distance          Time         TTime
      0        2         18168         61937
      1        2         10285         59278
      2        1          1074         55891
      3        2         12798         61445
      4        3         94825         70868
      5        2         10789         82025
      6        2          8754         64667
      7        3         77871         69398
      8        2          7734         69445
      9        2          6411         55217
     10        2          7216         61135
     11        2          9384         54577
     12        2          6664         49067
     13        3         48079         55896
     14        2          5291         48257
     15        2          9755         52390
     16        2          5293         64895
     17        2          5129         48326
     18        2          7287         57765
     19        2          5283         57417
     20        2          6066         63215
     21        3         43903         61706
     22        3         40444         62031
     23        3         45014         64128
     24        2          6866         73566
     25        2          5604         53815
     26        2          5795         48403
     27        3         31328         52761
     28        2          5627         52398
     29        2          3739         56324
     30        2          4808         48116
     31        2          7289         44360
     32        2          5632         55755
     33        2          4095         71378
     34        2          5100         59477
     35        2          6886         55891
     36        2          5082         54702
     37        2          5327         55455
     38        2          5165         55542
     39        3         39284         56180
     40        3         29602         53371
     41        2          6656         59338
     42        2          6379         74343
     43        3         47924         53978
     44        2          5358         54972
     45        2          4603         55328
     46        2          5349         55918
     47        2          6009         55743
     48        3         20261         59803
     49        3         71403         55784
Attempt Distance          Time         TTime
      0        2          7542         70923
      1        2          4724         55445
      2        1           945         56237
      3        2          5587         54709
      4        3         35148         56807
      5        2          5653         56829
      6        2          4637         55287
      7        3         39199         50063
      8        2         11259         74918
      9        2          5331         55827
     10        2          3442         49761
     11        2          5801         57562
     12        2          3668         58105
     13        3         34942         56750
     14        2          4960         54655
     15        2          6999         73331
     16        2          5557         55370
     17        2          4933         58298
     18        2          5659         55463
     19        2          4478         56857
     20        2          4545         46618
     21        3         44366         65056
     22        3         33340         54524
     23        3         45386         54482
     24        2          5425         57464
     25        2          5518         65200
     26        2          4545         56501
     27        3         26442         46665
     28        2          4626         47619
     29        2          3231         45824
     30        2          4963         75114
     31        2          6382         54600
     32        2          4468         55483
     33        2          4650         64060
     34        2          5076         64274
     35        2          6049         65530
     36        2          5784         52361
     37        2          4469         51565
     38        2          4878         66111
     39        3         32629         53801
     40        3         22777         59403
     41        2          5840         55536
     42        2          6919         55026
     43        3         36317         52388
     44        2          4059         54382
     45        2          4643         69910
     46        2          4683         53985
     47        2          7103         51879
     48        3         18537         52622
     49        3         31801         57250
