Attempt Distance          Time         TTime
      0        3           860          1524
      1        1            24          1247
      2        1            19          1036
      3        2           166          1122
      4        2            79          1118
      5        3           564          1034
      6        3           776          1048
      7        2           153          1073
      8        1            45          1091
      9        2           229          1047
     10        3           578          1008
     11        2           132           912
     12        3           330           761
     13        3           343           801
     14        3           640          1268
     15        3           737          1006
     16        3           481         13516
     17        3           227           538
     18        3           252           472
     19        3           233           522
     20        2            94           526
     21        3           484           360
     22        2            33           420
     23        2           228           586
     24        2            80           555
     25        3           261           600
     26        3           282           687
     27        3           336           671
     28        2            76           687
     29        1            12           516
     30        3           184           388
     31        2            49           337
     32        2            41           352
     33        2            50           346
     34        2            32           364
     35        2            53           383
     36        3           157           367
     37        3           149           285
     38        3           231           438
     39        1            14           436
     40        3           186           442
     41        2            51           471
     42        3           175           346
     43        4           284           331
     44        2            54           346
     45        3           174           361
     46        2            97           345
     47        3           217           355
     48        3           162           336
     49        2            30           327
Attempt Distance          Time         TTime
      0        3         72653         60871
      1        1           808         54388
      2        1           677         53494
      3        2          9769         68038
      4        2          6652         54013
      5        3         40490         54658
      6        3         51013         50731
      7        2          8586         56247
      8        1           607         52056
      9        2         14745         63852
     10        3         41199         45980
     11        2          8658         53540
     12        3         26998         47033
     13        3         35958         52809
     14        3         44232         67347
     15        3         50182         46575
     16        3         37977         56835
     17        3         28018         47063
     18        3         27540         44553
     19        3         27925         49512
     20        2          6127         64873
     21        3         38097         50545
     22        2          4892         54025
     23        2          5476         51165
     24        2          6012         47585
     25        3         33411         48017
     26        3         22845         59333
     27        3         29311         42409
     28        2          4350         42137
     29        1           429         44667
     30        3         28256         43164
     31        2          5790         55952
     32        2          4276         55222
     33        2          6086         42177
     34        2          3384         45348
     35        2          5962         58468
     36        3         35034         51585
     37        3         26188         57029
     38        3         33160         51117
     39        1           372         59355
     40        3         70777         53418
     41        2          6654         65572
     42        3         28509         51528
     43        4         69197         58554
     44        2          5205         42523
     45        3         33892         48963
     46        2          4532         61829
     47        3         29780         55852
     48        3         33261         76419
     49        2          3564         61187
