Attempt Distance          Time         TTime         RTime        RTTime
      0        2          4298          7750         58896         12065
      1        1            56          3512         14128          7797
      2        1            73          1791         10044          9126
      3        2           939          3506         12032         13955
      4        2           961          3066          5662          9048
      5        2           694          1901          5796          8207
      6        1            55          1308          8394          5308
      7        2           485          1250          7887          5659
      8        1            56          1420          7179          6197
      9        2           706          1360          7177          5247
     10        2           608          1563          6340          3865
     11        2           354          1324          3061          6443
     12        2           575          1471          3723          4386
     13        2           343          1194          6017          4744
     14        1            68          1573          6882          4798
     15        1            43          1136          4547          7761
     16        2           528          1066          3983          5275
     17        2           721          1388          4555          4222
     18        2           441          2858          4462          5549
     19        2           447          2082          5809          3788
     20        2           320           786          3006          2912
     21        2           452          1683          4750          4067
     22        2           497           889          3644          3949
     23        2           461          1376          3078          3548
     24        2           533          1879          3445          4010
     25        2           330          1058          3197          3897
     26        2           515          1289          4184          3040
     27        1            37          1065          2913          4311
     28        2           643           734          4178          2457
     29        1            20           662          3116          2236
     30        2           250          1081          3102          3524
     31        2           282           821          2187          2460
     32        2           294          1239          2570          4957
     33        1            36           680          4425          3289
     34        2           361           971          4025          3398
     35        2           349           797          2673          2296
     36        2           279          1676          4466          4934
     37        2           676           904          4850          8402
     38        1            45          1231          5013          7314
     39        2           522          1039          3437          3288
     40        2           421          2528          6889          4114
     41        2           483          1046          5562          3671
     42        2           323           790          2087          3620
     43        2          1221           703          6962          2995
     44        1            25          1559          3676          5270
     45        1            28          1776          3446          3271
     46        2           243          1782          3559          5302
     47        1            33          1067          2373          4411
     48        2           626           704          4481          3312
     49        2           302           630          1646          5883
