Attempt Distance          Time         TTime
      0        1           340          3385
      1        2           411          1821
      2        2           472          1287
      3        2           338          1435
      4        2           302          1488
      5        2           327          1668
      6        1            36          1352
      7        2          1382          1536
      8        2           282          1193
      9        2           293          1410
     10        2           294          1259
     11        2           327          1170
     12        2           293          1167
     13        1            21           774
     14        2           157           744
     15        1            16           714
     16        1            13           694
     17        1            12           579
     18        2           146           480
     19        2           215           552
     20        2           135           532
     21        2           375           665
     22        2           152           608
     23        1            11           612
     24        2           102           496
     25        2           230          1174
     26        2           328          1018
     27        2           179          1089
     28        2           197           983
     29        2           220           713
     30        2           144           641
     31        1             9           603
     32        2           113           482
     33        1            11           618
     34        2           125           528
     35        2           111           587
     36        2           105           508
     37        2           122           466
     38        1            11           502
     39        2           103           462
     40        2           153           964
     41        2           142           728
     42        2           189           682
     43        2           121           566
     44        1            10           562
     45        1            17           833
     46        2           116           623
     47        2           114           568
     48        2            98           470
     49        2            99           584
Attempt Distance          Time         TTime
      0        1          4025         71414
      1        2         39458         89175
      2        2         31180         93921
      3        2         23143         81714
      4        2         25150         81074
      5        2         27417         80756
      6        1           864         98608
      7        2         22972         83816
      8        2         20800         65464
      9        2         15110         62256
     10        2         14146         68641
     11        2         18091         85052
     12        2         13128         68672
     13        1           568         82821
     14        2         13990         75183
     15        1           559         77309
     16        1           688         91890
     17        1           526         76055
     18        2         16624         79057
     19        2         20364         75204
     20        2         15850         90580
     21        2         15954         65273
     22        2         45565         73985
     23        1           502         77664
     24        2         14377         71160
     25        2         21081         89238
     26        2         12383         73727
     27        2         13583         75038
     28        2         16070         70762
     29        2         12233         93268
     30        2         16477         74834
     31        1           512         76042
     32        2         15813         71356
     33        1           568         70039
     34        2         16929         81113
     35        2         11508         73260
     36        2         14067         63905
     37        2         19866         83520
     38        1           604         93792
     39        2         25101         95699
     40        2         17313         94418
     41        2         19228         79968
     42        2         14054         79629
     43        2         16304        104995
     44        1           763         75260
     45        1           517         77429
     46        2         14971         94136
     47        2         20602         75713
     48        2         12565         87268
     49        2         12023         68462
Attempt Distance          Time         TTime
      0        1          1322         70111
      1        2         18207         70100
      2        2         13220         98263
      3        2         15470         94465
      4        2         16224         84039
      5        2         16108         82926
      6        1           726         85953
      7        2         12914         69514
      8        2         12029         65946
      9        2         13441         69837
     10        2         12018         82918
     11        2         14158         86255
     12        2         13283         85006
     13        1          1345         74837
     14        2         11900         84229
     15        1           759         67701
     16        1           799         78668
     17        1           785         87662
     18        2         15822        106756
     19        2         19610         80784
     20        2         14383         67668
     21        2         14490         80508
     22        2         19730        109432
     23        1           830         90312
     24        2         13585         69540
     25        2         20950         69843
     26        2         10282         86703
     27        2         14521         78098
     28        2         15642         68350
     29        2         12471         74591
     30        2         13791         87615
     31        1           764         67933
     32        2         15838         66345
     33        1           705         70416
     34        2         17533         89665
     35        2         12097         67903
     36        2         13930         68677
     37        2         16970         82327
     38        1          1061         86638
     39        2         33564         72244
     40        2         14421         71170
     41        2         15543         72286
     42        2         12071         88715
     43        2         14948         76246
     44        1           870         69387
     45        1           761         72291
     46        2         12371         66530
     47        2         12855         85568
     48        2         13392         66896
     49        2         12409         75070
