Attempt Distance          Time         TTime
      0        2          2515          3624
      1        2           644          1878
      2        2           573          1585
      3        2           509          1490
      4        2           702          1436
      5        1            34          1490
      6        2          1156          1756
      7        2           662          1405
      8        1            37          1410
      9        2           334           796
     10        2           286           773
     11        2           210           572
     12        1            33           908
     13        2           296           831
     14        2           329           827
     15        2           262           814
     16        2           215           677
     17        2           223           819
     18        2           268           774
     19        2           275           756
     20        1            17           617
     21        2           171           479
     22        2           182           676
     23        1            30           704
     24        2           200           725
     25        2           342           929
     26        2           395           689
     27        2           231           987
     28        2           270           786
     29        1            20           743
     30        2           338           816
     31        2           162           613
     32        2           158           535
     33        2           135           605
     34        2           167           489
     35        2           133           507
     36        2           198           839
     37        1            33           979
     38        2           514           541
     39        2           130           717
     40        1            29           744
     41        2           201           668
     42        1            21           731
     43        1            28           775
     44        2           183           786
     45        2           246           728
     46        2           201           712
     47        1            22           737
     48        2           213           711
     49        2           200           853
Attempt Distance          Time         TTime
      0        2        126590        142657
      1        2         90118        131986
      2        2         90060        146753
      3        2         76048        131369
      4        2        106114        125354
      5        1          3119        181756
      6        2         57449         99351
      7        2         30216         85051
      8        1           579         75043
      9        2         27673         92666
     10        2         27927         97139
     11        2         27375        114020
     12        1           764         75416
     13        2         30989         99895
     14        2         79108         86992
     15        2         71305         87447
     16        2         36289         91199
     17        2         30056         90557
     18        2         35996         93965
     19        2         31715        102854
     20        1           684        101680
     21        2         25529        107754
     22        2         25482         82236
     23        1           590         88205
     24        2         27130         84803
     25        2         28754         87310
     26        2         31162         96345
     27        2         22131         77816
     28        2         25023         87581
     29        1           524         90633
     30        2         28063         85325
     31        2         24784         75354
     32        2         28775         87385
     33        2         69001        108350
     34        2         33284         89092
     35        2         25407         81679
     36        2         27413         78642
     37        1          1177         95611
     38        2         26305        109444
     39        2         26180        112519
     40        1           942        103555
     41        2         30791         86630
     42        1           466         92394
     43        1           747        105737
     44        2         24639        104299
     45        2         36780         86149
     46        2         29966         99465
     47        1           549         93073
     48        2         32934         90996
     49        2         25623        101050
