Attempt Distance          Time         TTime
      0        2          1484          2323
      1        1            51          2411
      2        2           848          1789
      3        1            31          1395
      4        2           489          1050
      5        1            24          1050
      6        2           427          1149
      7        2           709          2098
      8        2           838          2632
      9        2           579          1909
     10        1            37          2275
     11        2           469          1227
     12        2           511          1123
     13        2           500          1927
     14        1            24          1059
     15        2           305           965
     16        2           316           956
     17        1            64          1214
     18        1           106          1333
     19        2           461          1324
     20        2           472          1361
     21        2           598          1326
     22        2           425          1233
     23        1            26          1021
     24        1            27          1090
     25        2           368           987
     26        1            15           896
     27        2           354           772
     28        2           412           793
     29        2           437           704
     30        2           266           609
     31        2           252           629
     32        1            18           943
     33        1            11           814
     34        2           264           649
     35        2           327           934
     36        2           281           697
     37        2           301           628
     38        2           220           658
     39        2           200           574
     40        2           295           890
     41        2           269           807
     42        2           247           796
     43        2           227           566
     44        2           242           593
     45        2           215           593
     46        1            14           547
     47        1            11           658
     48        2           201           644
     49        1            14           770
Attempt Distance          Time         TTime
      0        2         99647        111644
      1        1          1193        130725
      2        2         87654        105347
      3        1          1206        130522
      4        2         73445         85094
      5        1          1041         79313
      6        2         34045        131939
      7        2         35411         82811
      8        2         63428        103269
      9        2         32923         86549
     10        1           634         97009
     11        2         53097         97262
     12        2         41195         90066
     13        2         36987        100369
     14        1           653         87674
     15        2         34532        124105
     16        2         32085         88640
     17        1          1068         94664
     18        1           671        104282
     19        2         32606         79608
     20        2         35665        111287
     21        2         51015        148641
     22        2         85230        114588
     23        1           817        139232
     24        1           770        100254
     25        2         31008        120012
     26        1           804         94408
     27        2         35552         92153
     28        2         43916        100686
     29        2         39137         93593
     30        2         35069        131771
     31        2         46749         95323
     32        1           694        122893
     33        1           563         88718
     34        2         38110         99356
     35        2         45676         94161
     36        2         43571        109357
     37        2         71738        110196
     38        2         37744         95416
     39        2         29510        105168
     40        2         35587         89557
     41        2         34191        126369
     42        2         34078         85088
     43        2         28647         80813
     44        2         37399        106974
     45        2         31170         77455
     46        1           686         94941
     47        1           578         80911
     48        2         30940         72189
     49        1           643        108528
Attempt Distance          Time         TTime
      0        2         41204         83810
      1        1           926        108899
      2        2         35019         86893
      3        1           827        111488
      4        2         34170         85818
      5        1           792        105400
      6        2         32180         91292
      7        2         33910        123517
      8        2         43543         90388
      9        2         47119         90517
     10        1           819         83788
     11        2         32205         84797
     12        2         36015         89620
     13        2         55294         88563
     14        1           968         91018
     15        2         45047         95366
     16        2         39093         94083
     17        1           887        119261
     18        1           947         90008
     19        2         31121        109359
     20        2         36931         97871
     21        2         58388         85657
     22        2         32776         98847
     23        1           879        119840
     24        1          1070         97519
     25        2         30054        106674
     26        1          1170         92593
     27        2         30278        108631
     28        2         38605        102357
     29        2         43663        104173
     30        2         33995         94516
     31        2         63159         85310
     32        1           847        102790
     33        1           791        110849
     34        2         31561        114401
     35        2         30521        112160
     36        2         35785        100434
     37        2         58050         91657
     38        2         39983        111247
     39        2         30829        108895
     40        2         36501        124842
     41        2         31927        101979
     42        2         37467        107424
     43        2         28526         85434
     44        2         37201        108058
     45        2         35763        109999
     46        1          1086        107035
     47        1           866         92423
     48        2         37094        115041
     49        1          1020         88597
