Attempt Distance          Time         TTime
      0        3           478          3252
      1        3           383           791
      2        3           379           782
      3        3           565          1010
      4        2           130          1361
      5        3           158           863
      6        3           259           693
      7        3           352           908
      8        3           376          1006
      9        3           408           854
     10        3           284           750
     11        2           118          1884
     12        3           429           519
     13        2            80           556
     14        3           178           483
     15        2            50           501
     16        3            97           424
     17        2            29           439
     18        3           122           371
     19        3           174           654
     20        2           122           923
     21        2            97          1108
     22        3           975           619
     23        4           978          1493
     24        3           177           540
     25        3           274           855
     26        3           444           962
     27        3           447           934
     28        3           935           625
     29        3           219           712
     30        4           615           615
     31        2            65           644
     32        3           249           632
     33        2            44           594
     34        3           230           551
     35        2            42           961
     36        2            82           768
     37        3           272           806
     38        3           182           663
     39        3           317           607
     40        2            49           633
     41        3           235           578
     42        3           296           514
     43        2            62           567
     44        3           128           405
     45        3           259           504
     46        3           150           425
     47        3          1240          1486
     48        2            69          1181
     49        3           264           490
Attempt Distance          Time         TTime
      0        3         52363         59119
      1        3         99449         70780
      2        3         34368         52984
      3        3         57383         65894
      4        2         15332         61842
      5        3         23171         47204
      6        3         27341         95138
      7        3         40925         96999
      8        3         31720         59022
      9        3         35360         59639
     10        3         21478         40837
     11        2          7376         49089
     12        3         31752         44433
     13        2          5145         47776
     14        3         18313         46242
     15        2          4525         57713
     16        3         15201         40230
     17        2          5395         38352
     18        3         14486         52058
     19        3         16847         52257
     20        2          6837         47559
     21        2          7604         54510
     22        3         20081         49195
     23        4         45518         37372
     24        3          9218         27740
     25        3         22411         33566
     26        3         20702         40481
     27        3         19846         42007
     28        3         22645         49125
     29        3         16084         39228
     30        4         41196         35124
     31        2          3544         32386
     32        3         15765         37716
     33        2          3042         52029
     34        3         12386         37327
     35        2          3223         36104
     36        2          2343         32842
     37        3         17110         41654
     38        3         12425         43251
     39        3         19146         42793
     40        2          3835         32263
     41        3         22531         40503
     42        3         23419         49034
     43        2          3783         37572
     44        3          7732         35253
     45        3         14294         41685
     46        3         14400         45021
     47        3         22182         42737
     48        2          2754         47166
     49        3         26397         48483
Attempt Distance          Time         TTime
      0        3         13760         44067
      1        3         20846         63611
      2        3         16077         50906
      3        3         20939         37915
      4        2          2513         37279
      5        3          8386         34435
      6        3         15610         31311
      7        3         17346         32175
      8        3         11363         29513
      9        3         30012         36946
     10        3         10032         34824
     11        2          3983         45372
     12        3         17299         62999
     13        2          3277         48323
     14        3         18199         43134
     15        2          5703         38004
     16        3          9808         46288
     17        2          2711         42072
     18        3         14846         38493
     19        3          6722         28499
     20        2          3562         40007
     21        2          3470         38270
     22        3         17957         47466
     23        4         48650         45906
     24        3          7721         31818
     25        3         10854         36873
     26        3         20695         38825
     27        3         21239         39488
     28        3         16361         33728
     29        3         17788         41302
     30        4         51462         52206
     31        2          3575         42663
     32        3         19466         35528
     33        2          2872         37748
     34        3          9418         39025
     35        2          3606         35686
     36        2          1761         40731
     37        3         11544         52297
     38        3         12516         32691
     39        3         16343         36762
     40        2          4102         36692
     41        3         19767         36276
     42        3         18071         38556
     43        2          3776         35193
     44        3          8514         29349
     45        3         11206         55780
     46        3         12148         31535
     47        3         16309         37136
     48        2          1918         34862
     49        3         13562         34746
