Attempt Distance          Time         TTime
      0        1           206          2038
      1        2           357          1135
      2        2           397          1369
      3        2           326          1380
      4        2           700          1112
      5        2           439          1477
      6        1            27          1545
      7        2           516          1767
      8        2           495          1429
      9        2           385          1692
     10        2          1530          1600
     11        2           998           997
     12        2           316          1296
     13        2           309          1279
     14        2           376           953
     15        2           278          1266
     16        2           232          1261
     17        2           407          1231
     18        2           300          1069
     19        1            17          1425
     20        2           260          1121
     21        2           195          1081
     22        1            14          1054
     23        2           301          1138
     24        2           397          1170
     25        1            16          1091
     26        1            14          1014
     27        2           175           698
     28        2           186           784
     29        2           214           708
     30        2           171           722
     31        2           142           736
     32        2           195           719
     33        1             9           570
     34        2           149           647
     35        2           210           696
     36        2           206           735
     37        2           195           654
     38        2           139           653
     39        2           121           539
     40        2           137           622
     41        2           111           585
     42        2           127           737
     43        2           144           701
     44        1            19           801
     45        2           153           761
     46        2           140           685
     47        2           129           579
     48        2           160           647
     49        2           175           593
Attempt Distance          Time         TTime
      0        1          4089         79541
      1        2         50541        117746
      2        2         60849         95492
      3        2         45871         85111
      4        2         53109        118400
      5        2         35679         77781
      6        1           715         69472
      7        2         19132         62895
      8        2         43456        104619
      9        2         17475         74292
     10        2         20330         71359
     11        2         17041        100210
     12        2         21755         72275
     13        2         17309         72052
     14        2         22344         65934
     15        2         16745         87814
     16        2         19123         67777
     17        2         20234         73836
     18        2         23368         97758
     19        1           570         71020
     20        2         18962         59254
     21        2         16568         59761
     22        1           501         88391
     23        2         15397         66810
     24        2         20773         70175
     25        1           594         80698
     26        1           572         75966
     27        2         17073         68662
     28        2         16330         67911
     29        2         21976         72834
     30        2         16600         69068
     31        2         18692         77254
     32        2         21467         78106
     33        1           493         94252
     34        2         20131         74001
     35        2         18157         76621
     36        2         50202         91642
     37        2         18452         71873
     38        2         14552         74101
     39        2         16320         80444
     40        2         19022         88951
     41        2         13741         79856
     42        2         17542         71025
     43        2         13875         92037
     44        1           598         76692
     45        2         17266         74073
     46        2         15939         71061
     47        2         18008         90620
     48        2         18441         75246
     49        2         21400         79229
Attempt Distance          Time         TTime
      0        1          1599         91345
      1        2         18632         73822
      2        2         21005         80617
      3        2         18184         92928
      4        2         19691         78204
      5        2         20310         71929
      6        1           796         96335
      7        2         17117         71123
      8        2         19555         75669
      9        2         18484         92596
     10        2         22908         85672
     11        2         16045         77481
     12        2         20445         94267
     13        2         17947         75460
     14        2         21030         74539
     15        2         20382         89859
     16        2         16587         77347
     17        2         19614         73137
     18        2         19621         92555
     19        1           675         71339
     20        2         15448         63025
     21        2         16495         81243
     22        1           903         77996
     23        2         16186         66757
     24        2         18953         82788
     25        1           756         74685
     26        1           771         80637
     27        2         16881         75611
     28        2         19229         93542
     29        2         24034         76566
     30        2         17491         72506
     31        2         17488         92575
     32        2         20102         73832
     33        1           716         84641
     34        2         21028         90304
     35        2         16329         73952
     36        2         19046         73376
     37        2         18306         93056
     38        2         14673         73554
     39        2         19276         74387
     40        2         17073         93835
     41        2         13746         73721
     42        2         16450         76944
     43        2         18062        105223
     44        1           666         81715
     45        2         16886         79233
     46        2         15143         89045
     47        2         17174         64611
     48        2         16726         77940
     49        2         20477         88908
