Attempt Distance          Time         TTime
      0       -1            88            61
      1       -1             8             6
      2       -1            28           122
      3       -1            35            21
      4       -1            44            21
      5       -1             7            10
      6       -1             9            13
      7       -1            13            36
      8       -1             6             6
      9        0             4            10
     10       -1             6             6
     11       -1             5             6
     12       -1             8             6
     13       -1             8             6
     14       -1             6             7
     15       -1             8            15
     16       -1             7            10
     17       -1             5             9
     18       -1             7             7
     19       -1             4             5
     20       -1            18            16
     21       -1            16            90
     22       -1             7             6
     23       -1             4             5
     24       -1             4             5
     25       -1             6             5
     26       -1             5             6
     27       -1             6             6
     28       -1             6            10
     29       -1            17            38
     30       -1             7             9
     31       -1             7             7
     32       -1             7             6
     33       -1             4             5
     34       -1             5             5
     35       -1             5             6
     36       -1             7            10
     37       -1             3             5
     38       -1            10            13
     39       -1             6             6
     40       -1             6            12
     41       -1             4             5
     42       -1             3             5
     43       -1             7             5
     44       -1             3             5
     45       -1             3             5
     46       -1             3             5
     47       -1             2             5
     48       -1             3            18
     49       -1             4             5
Attempt Distance          Time         TTime
      0       -1          3725         10614
      1       -1           470           514
      2       -1          8113         41044
      3       -1          1025           595
      4       -1           488           481
      5       -1          1008          2119
      6       -1          1972          8893
      7       -1          8731         26338
      8       -1           853           988
Standard and transitive algorithms inconsistent (0 != -1)
     10       -1           741           631
     11       -1           735          1203
     12       -1           487           559
     13       -1           443           629
     14       -1           620           741
     15       -1          2129          7267
     16       -1          1241          4258
     17       -1          2100          3403
     18       -1           489           759
     19       -1           526           785
     20       -1          1114           706
     21       -1           522           623
     22       -1           555           566
     23       -1           448           495
     24       -1           518           836
     25       -1           548           591
     26       -1           571           703
     27       -1           502           475
     28       -1          1378          4100
     29       -1         10574         30869
     30       -1          1578          2510
     31       -1           383           519
     32       -1           400           474
     33       -1           687           724
     34       -1           606           824
     35       -1           457           483
     36       -1          1044          2179
     37       -1           391           577
     38       -1          1987          6472
     39       -1           695           732
     40       -1          3216          6611
     41       -1           356           394
     42       -1           326           383
     43       -1           463           473
     44       -1           419           486
     45       -1           331           410
     46       -1           281           339
     47       -1           335           451
     48       -1           571           599
     49       -1           517           558
