Attempt Distance          Time         TTime
      0        1           160          1553
      1        1            27          1107
      2        1            20          1003
      3        1            22          1128
      4        2           381           888
      5        2           311           793
      6        2           243          1070
      7        2           309          1045
      8        2           221          1081
      9        1            30          1171
     10        2           237          1119
     11        2           296          1187
     12        2           305          1284
     13        2           320          1176
     14        2           268           815
     15        2           220           668
     16        2           164           637
     17        2           166           629
     18        2           119           573
     19        2            99           613
     20        2           142           568
     21        1             9           611
     22        1            15           508
     23        1            15           518
     24        2           172           547
     25        2           179           700
     26        1            10           614
     27        2           146           650
     28        2           109           547
     29        2           141           583
     30        1            11           550
     31        2           279           930
     32        2           188           892
     33        2           176           824
     34        2           218          1028
     35        2           182           938
     36        2           230           863
     37        2           186           775
     38        1            19           945
     39        1            23           878
     40        2           154           764
     41        2           142           733
     42        2           106           750
     43        2           149           792
     44        2           176           736
     45        2           117           713
     46        2           145           775
     47        2           140           800
     48        2           159           680
     49        2           167           718
Attempt Distance          Time         TTime
      0        1          3842         74314
      1        1          1755         60569
      2        1          1796         58208
      3        1           862         63507
      4        2         30859         89671
      5        2         29096         76222
      6        2         20107         75416
      7        2         22492         68211
      8        2         16751         97923
      9        1          1441        108290
     10        2         29397         77590
     11        2         24614         80282
     12        2         23034         71428
     13        2         36547         84579
     14        2         12441         58435
     15        2         13462         70369
     16        2         13058         59477
     17        2         11526         61285
     18        2         11284         70527
     19        2          9763         69077
     20        2         12223         62638
     21        1           469         63129
     22        1           540         70884
     23        1           509         64044
     24        2         12427         61239
     25        2         14878         61015
     26        1           439         75425
     27        2         12586         67532
     28        2         12670         63712
     29        2         11940         86576
     30        1           552         68259
     31        2         13890         61822
     32        2         12084         93967
     33        2         57179         73953
     34        2         10177         60801
     35        2         10221         82775
     36        2         12625        101975
     37        2         11522         65374
     38        1           669         81958
     39        1           547        127444
     40        2         17228         83573
     41        2         17046         75058
     42        2          9136         67387
     43        2         13778         73522
     44        2          8793         65481
     45        2          9551         66593
     46        2         12526         67346
     47        2         10795         78288
     48        2         12849         81180
     49        2         14848         89502
Attempt Distance          Time         TTime
      0        1          2196         72647
      1        1          1095         90864
      2        1           733        111800
      3        1          1046         92514
      4        2         14661         90969
      5        2         15107         67829
      6        2         13707         55123
      7        2         10058         85753
      8        2         13220         79667
      9        1           461        129130
     10        2         17279        102986
     11        2         12454         59477
     12        2         14775         73737
     13        2         15926         82769
     14        2          8714         68638
     15        2         17964         68964
     16        2         10417         54090
     17        2         22051         62221
     18        2          8021         67273
     19        2          8222         70691
     20        2         11433         69056
     21        1           672         62956
     22        1           663         69622
     23        1           739         79840
     24        2         12252         60365
     25        2         13629         59889
     26        1           622         75769
     27        2         10930         63960
     28        2         10971         62142
     29        2          9224         76695
     30        1           744         69416
     31        2         11243         62257
     32        2         11065         83913
     33        2         12795         62484
     34        2         11194         63730
     35        2          8572         81058
     36        2         24902         65025
     37        2         12729         62515
     38        1           684         68499
     39        1           755         82715
     40        2         11107         70913
     41        2         13165         68617
     42        2          8110         74353
     43        2         11357         63146
     44        2          9271         61930
     45        2         10122         81101
     46        2         15848         85670
     47        2         11429         69188
     48        2         11013         78330
     49        2         13228         61099
