Attempt Distance          Time         TTime
      0        2           370          1235
      1        2           262          1303
      2        2           179          1077
      3        2            51           666
      4        2           269          1023
      5        2           169           944
      6        2           189           954
      7        2           202          1009
      8        3           953           987
      9        2           156           984
     10        1            31          1013
     11        2           212          1014
     12        2           190          1025
     13        2           157           907
     14        2           140           898
     15        2           130           915
     16        2           170           965
     17        2           174          1042
     18        3           722           828
     19        1            26           923
     20        3           727          1236
     21        1            31          1163
     22        2           118           819
     23        2           156           847
     24        2           151           812
     25        1            32           910
     26        2           107           880
     27        1            16           899
     28        2           128           904
     29        2           143           765
     30        3           340           520
     31        3           348           523
     32        3           373           473
     33        1            16           518
     34        3           298           557
     35        2            59           501
     36        1            16           488
     37        2           122           495
     38        3           322           487
     39        2            65           500
     40        2            63           560
     41        3           310           453
     42        2            60           493
     43        2            59           460
     44        3           335           438
     45        2            73           653
     46        2            66           466
     47        2            47           453
     48        3           289           460
     49        3           223           423
Attempt Distance          Time         TTime
      0        2         21694         58790
      1        2         16169         81739
      2        2         25058         83387
      3        2          7330         79465
      4        2         28168        144995
      5        2         17871        119406
      6        2         26427        157475
      7        2         28205        167237
      8        3        283647        143889
      9        2         28988        109385
     10        1           948        180087
     11        2          9533         81213
     12        2         11610         55011
     13        2          6316         44689
     14        2          7717         56643
     15        2          4990         59564
     16        2         11438         71244
     17        2          6999         70504
     18        3         73283         89947
     19        1           949         70936
     20        3         41363         48258
     21        1           479         49209
     22        2          8541         55063
     23        2          7661         54132
     24        2          8912         57377
     25        1           481         89375
     26        2          7331         63111
     27        1           471         62423
     28        2          6576         90657
     29        2         11200         87013
     30        3         48052         49220
     31        3         39329         47423
     32        3         52745        112701
     33        1           650         49382
     34        3         44089         53085
     35        2          4013         55968
     36        1           513         55566
     37        2          7555         51632
     38        3         71151         62197
     39        2          5886         76184
     40        2          5508         56966
     41        3         49638         62194
     42        2          5668         54820
     43        2          7007         62232
     44        3         45215         53707
     45        2          6189         67047
     46        2          5359         57947
     47        2          4226         55563
     48        3         37734         56400
     49        3         30902         59937
Attempt Distance          Time         TTime
      0        2          6320         56490
      1        2          8038         54227
      2        2          6695         67788
      3        2          3542         58727
      4        2          7822         63223
      5        2          6040         55592
      6        2          6666         57063
      7        2          7270         56816
      8        3         46324         73347
      9        2          6261         54400
     10        1           733         49407
     11        2          5018         54706
     12        2          7148         57013
     13        2          7075         56143
     14        2          6235         71695
     15        2          4969         54549
     16        2          5901         63481
     17        2          6146         56603
     18        3         47073         56352
     19        1           742         60658
     20        3         50121         54455
     21        1           853         53710
     22        2          6495         56171
     23        2          6264         54781
     24        2          8674         57967
     25        1           706         58940
     26        2          6082         74462
     27        1           560         56469
     28        2          5742         53034
     29        2          8386         48050
     30        3         38684         54871
     31        3         38615         72688
     32        3         47445         56840
     33        1           658         56827
     34        3         36249         52242
     35        2          4327         54544
     36        1           785         55410
     37        2         22896         58282
     38        3         38405         56150
     39        2          5532         61559
     40        2          4974         57954
     41        3         47244         56979
     42        2          5552         75995
     43        2          5706         56338
     44        3         47338         58807
     45        2          6723         55001
     46        2          5278         64756
     47        2          4677         66506
     48        3         37226         57443
     49        3         31467         57447
