Attempt Distance          Time         TTime
      0        2          1037          2334
      1        1            21          1754
      2        2           457          1594
      3        1            47          1638
      4        2           460          1769
      5        2           370          1258
      6        2           308          1443
      7        1            15          1355
      8        1            19          1304
      9        1            23          1360
     10        2           357          1046
     11        2           284          1008
     12        2           364          1137
     13        2           257          1005
     14        2           327           852
     15        2           603          1033
     16        2           207           874
     17        2           181           868
     18        2           261           711
     19        2           268           766
     20        1            19           830
     21        2           231           699
     22        2           246           720
     23        2           199           759
     24        2           206           886
     25        2           350          1184
     26        0             2          1332
     27        2           273          1323
     28        2           364          1265
     29        2           275           922
     30        2           154           681
     31        2           216           758
     32        2           171           892
     33        2           200           727
     34        1            12           661
     35        2           157           646
     36        2           163           716
     37        2           191           932
     38        2           280           973
     39        1            18           908
     40        2           242           893
     41        2           247           810
     42        2           219           897
     43        2           233           969
     44        2           227           872
     45        1            14           924
     46        1            13           857
     47        2           203           783
     48        2           181           813
     49        2           154           662
Attempt Distance          Time         TTime
      0        2         67642        105774
      1        1           950        115210
      2        2         42601         92057
      3        1           932         89205
      4        2         48852        110824
      5        2         39403         80738
      6        2         53850         96889
      7        1           648         67099
      8        1           602         92307
      9        1           614         76548
     10        2         19666         72699
     11        2         22283         89716
     12        2         23869         76971
     13        2         17228         86160
     14        2         21900         74583
     15        2         25178         72492
     16        2         20630         94505
     17        2         17486         71836
     18        2         21810         83631
     19        2         21648         76966
     20        1           574         88790
     21        2         22930         79128
     22        2         28626         88596
     23        2         21379         81527
     24        2         19939         67698
     25        2         18782         86829
Standard and transitive algorithms inconsistent (0 != 2)
     27        2         19613         84778
     28        2         27643         99354
     29        2         23343         85979
     30        2         28527         88641
     31        2         24930         70954
     32        2         57588         98949
     33        2         18501         71626
     34        1           518         76822
     35        2         19664        108958
     36        2         21987         76609
     37        2         15393         83947
     38        2         18579         80269
     39        1           588         83387
     40        2         23312         97412
     41        2         19687         83676
     42        2         18985         88540
     43        2         18488         80517
     44        2         18771         84121
     45        1           528         75082
     46        1           675         79248
     47        2         21707        102975
     48        2         22825         71987
     49        2         19100         86768
Attempt Distance          Time         TTime
      0        2         20356         80426
      1        1           886         88393
      2        2         21525         71393
      3        1           796         78993
      4        2         35054         75535
      5        2         19377         91947
      6        2         16205         73575
      7        1           799         80165
      8        1           928         87314
      9        1           796         78468
     10        2         17083         88606
     11        2         18367         73950
     12        2         20562         87518
     13        2         15834         79280
     14        2         22946         90173
     15        2         22369         71614
     16        2         20618         86055
     17        2         17746         74862
     18        2         21234         93933
     19        2         19670         75520
     20        1           860         90674
     21        2         24688         75772
     22        2         21582         91661
     23        2         21354         75071
     24        2         18623         94556
     25        2         16256         76465
Standard and transitive algorithms inconsistent (0 != 2)
     27        2         20566         90715
     28        2         37396         91318
     29        2         26134         72121
     30        2         20216         92165
     31        2         24701         74572
     32        2         20702         90433
     33        2         19884        121578
     34        1          2333        164547
     35        2         19781         70694
     36        2         19181         84988
     37        2         17337         71866
     38        2         20579         86382
     39        1           905         84171
     40        2         35790        118986
     41        2         21699         75762
     42        2         18639         89645
     43        2         20962         72764
     44        2         19209         86538
     45        1           696         76788
     46        1           798         96021
     47        2         24797         98594
     48        2         21792         91042
     49        2         19153         74600
