Attempt Distance          Time         TTime         RTime        RTTime
      0        2          1298          2740         31274          9106
      1        2           532          3055          7998          6824
      2        2           693          1552          7019          5060
      3        2           478          2629          4986          4723
      4        2           443           864          4284          8908
      5        1            31          1679          3734          7445
      6        2           646          1868          6493          6855
      7        1            43           696          3239          4232
      8        1            35           899          7010          4117
      9        2           237          2210          3501          7334
     10        1            28          1540          5863          6516
     11        2           270           991          4304          4263
     12        0            12           631          5153          3144
     13        2           237           826          2710          6269
     14        2           411          1019          3927          3771
     15        2           857          1275          6453          4261
     16        2           213           729          4802          4403
     17        2           520          1117          3735          6351
     18        2           400           868          3330          3733
     19        2           444          1104          5688          3942
     20        2           388          1003          3558          8243
     21        2           260           869          3302          3524
     22        2           482           700          4076          3210
     23        1            53          1075          3348          3776
     24        2           567           982          7297          3863
     25        2           387          1493          2870          5246
     26        2           312          1477          5656          8213
     27        2           433           763          5326          4469
     28        2           550          2071          6165         11918
     29        2           877          1226          4871          9646
     30        2           616           877          5938          5597
     31        2           696           606          3212          2637
     32        2           455          1740          5071          6962
     33        1            40           566          2950          6803
     34        2           559          1197          3616          3777
     35        2          4680           653          5484          3156
     36        2           437          1715          5647          3393
     37        1            30           602          2299          3221
     38        2           258           998          4599          3399
     39        2           322           595          2472          2382
     40        2           168          1422          5199          3257
     41        2           527           667          3973          4699
     42        2           456           554          4326          1939
     43        2           283           558          2594          7370
     44        2           271           734          2818          3431
     45        2           373           968          7765          2781
     46        2           219           553          2674          2646
     47        2          4671           540          4614          2562
     48        2           252           754          2007          6502
     49        2           200           534          1786          2114
