Attempt Distance          Time         TTime         RTime        RTTime
      0        5          2408        102651         34843         31404
      1        2            67           332          5097          3687
      2        4           566           284          4133          2075
      3        2            93           277          2638          1864
      4        2            29           214          2011          1658
      5        4           172           164          1546          3409
      6        3            93           299          2368          2757
      7        3            67           358          2873          2634
      8        3           155           298          5198          2235
      9        3           139           381          2957          2479
     10        3           102           746          2866          3979
     11        4           104           266          1655          2045
     12        4           200           217          2411          2249
     13        4           273           392          3886          4385
     14        3           155           483          2642          2548
     15        3            51           288          2559          2381
     16        2            60           373          2567          3502
     17        3           198           397          5175          7936
     18        3           158           256          3321          2229
     19        3           174           306          2141          6215
     20        3           122           322          2655          3147
     21        3           172           442          2749          3798
     22        3            79           266          3820          3468
     23        2            36           371          3274          3326
     24        3            58           248          2207          2757
     25        3           303           303          4490          3633
     26        3           108           300          1562          1786
     27        4           404           949          3003          3773
     28        3           178           315          3577          3084
     29        3           110           255          5508          2693
     30        3            81           238          2966          2128
     31        1            16           222          1608          1867
     32        4           147           364          1980          2710
     33        1            13           291          3474          2674
     34        3            52           206          2038          1861
     35        4           205           280          2465          2651
     36        3           107           309          2388          3555
     37        3           126           281          1594          1836
     38        3           177           250          1793          1881
     39        3            78           230         10010          1389
     40        1            15           266          1536          1376
     41        3           119           328          9790          1922
     42        3           164           306          2327          2729
     43        3           104           222         30996          1800
     44        4           230           155          2893          1815
     45        2            63           312          1852          2205
     46        3           194           387          2895          2579
     47        3           190           454          3483          4166
     48        3           146           269          1771          4845
     49        4           242           293          3620          3016
