Attempt Distance          Time         TTime
      0        1           238          2557
      1        2           285          1475
      2        2           675          2400
      3        2           214          1076
      4        2           188           882
      5        1            27          1367
      6        2           234          1212
      7        2           130           876
      8        2           142           816
      9        2           133           861
     10        2           213          1088
     11        2           212          1124
     12        2           242          1146
     13        2           206          1138
     14        2           170           923
     15        1            22          1138
     16        2           216          1135
     17        2           244          1329
     18        2           353          1170
     19        2           219          1273
     20        2           203          1146
     21        2           301          1728
     22        2           276          1143
     23        2           209           680
     24        2           113           598
     25        2           150          1106
     26        2           149           732
     27        2           142           870
     28        2           132          1219
     29        2           118           839
     30        2           114           662
     31        2           159           650
     32        2           107           603
     33        2           113           533
     34        2            71           527
     35        1            11           590
     36        2            99           677
     37        2           147          1419
     38        3           801           592
     39        2            89           547
     40        2           117           569
     41        1            14           635
     42        2           142           694
     43        2           131           744
     44        2           124           690
     45        3           545           536
     46        2            72           539
     47        2            74           570
     48        2            71           584
     49        2           173           604
Attempt Distance          Time         TTime
      0        1          3341         71035
      1        2         28345         66113
      2        2         15748         78172
      3        2         19850         73577
      4        2         22128         60706
      5        1           804         90558
      6        2         22472         71806
      7        2         13855         72330
      8        2         10765         56559
      9        2         22983         60048
     10        2         20902         64242
     11        2         14990         68416
     12        2         12216         53932
     13        2         14788         77388
     14        2         13583         74308
     15        1           630         58169
     16        2         11055         57178
     17        2          9954         61010
     18        2          8888         78892
     19        2         13011         96618
     20        2         10799         50641
     21        2          8072         53022
     22        2          9504         55803
     23        2          9981         76343
     24        2         16960         80628
     25        2          9060         59612
     26        2          9592         53363
     27        2          9807         63092
     28        2          7638         70511
     29        2          8172         83427
     30        2         14227         73432
     31        2         13567         55882
     32        2          8236         53540
     33        2         11576         56747
     34        2          7964         59447
     35        1           514         70184
     36        2          7196         59793
     37        2         10219         62567
     38        3         61943         66910
     39        2         10867         63787
     40        2          9631         80506
     41        1           487         69137
     42        2          9642         67979
     43        2          7417         55097
     44        2         43197         57525
     45        3         60453         56430
     46        2          8831         60342
     47        2          8530         47803
     48        2          6658         58803
     49        2         10000         47438
