Attempt Distance          Time         TTime         RTime        RTTime
      0        2          1114          2526         19455         10389
      1        2           568          1891          7548          7711
      2        2           629           945          4471          8269
      3        2           578          1790          4604          6673
      4        2           586          1491          4630          5376
      5        2           502           660          3750          3930
      6        2           476           653          3042          4053
      7        1            33          2309          7518          4398
      8        2           230          1262          2976          7609
      9        2           383          1334          3591          5215
     10        2           328           739          2728          3110
     11        2           278           601          2696          4122
     12        2           760           822          2579          5259
     13        2           418           605          6108          3463
     14        2           383           620          2302          2943
     15        2           527          1260          3172          4307
     16        2           374           510          1646          3039
     17        2           289          1216          2527          4297
     18        1            59           667          2886          4693
     19        2           410          1034          2794          4890
     20        2           306           922          4438          2590
     21        2           214           560          1647          2053
     22        1            23           579          2323          3290
     23        2           487          1071          2802          2787
     24        1            18           843          1873          2957
     25        2           264           922          3467          2677
     26        2           257           557          1483          1858
     27        2           193           520          1720          1920
     28        2           929           568          3870          1606
     29        2           127           720          1448          1921
     30        2           157           475          1401          1545
     31        2           118           583          2581          1728
     32        2           192           573          1689          1626
     33        1            16           560          1497          1947
     34        2           153           451          1452          3219
     35        2           313           812          3374          2469
     36        1            33           557          2016          1529
     37        2           146           696          1840          2256
     38        2           166           525          1638          1549
     39        1            16           494          1309          1602
     40        2           187           521          1491          1695
     41        2           425           650          2771          2230
     42        2           199           495          1482          1696
     43        2           169           550          2157          2069
     44        2           402           745          2487          1819
     45        2           239           762          1681          2277
     46        2           351           472          1780          2374
     47        2           425           745          2969          2411
     48        2           247           568          1723          1763
     49        2           124           469          1307          3908
