Attempt Distance          Time         TTime
      0        2           450          1538
      1        2           333          1417
      2        2           338          1385
      3        2           367          1621
      4        2           269          1160
      5        2           338          1093
      6        2           335          1079
      7        2           304           977
      8        1            33          1155
      9        2           376          1280
     10        2           427          1464
     11        2           366          1016
     12        1            33           942
     13        2           346           977
     14        2           163           668
     15        2           232           872
     16        1            21          1131
     17        2           252           927
     18        1            16           736
     19        1            68           811
     20        2           141           729
     21        2           132           600
     22        1             8           510
     23        2           176           834
     24        2           204           594
     25        2           115           637
     26        2           130           637
     27        1            13           983
     28        2           156           741
     29        2           182           707
     30        2           164           590
     31        2           158           739
     32        1            10           665
     33        2           149           690
     34        2            96           721
     35        2           161           642
     36        2           233           630
     37        1            10           587
     38        2           169           859
     39        1            35           834
     40        2           157           810
     41        2           179           660
     42        1            33          1065
     43        1            14           763
     44        2           120           540
     45        2            85           403
     46        1             8           403
     47        1             9           401
     48        2            94           391
     49        1             9           451
Attempt Distance          Time         TTime
      0        2         40077         65489
      1        2         27624         84454
      2        2         40225         71177
      3        2         27976         94130
      4        2         20967         83711
      5        2         36554         83792
      6        2         25194         68168
      7        2         30323         91162
      8        1          1326         65014
      9        2         28525         72005
     10        2         21877         61410
     11        2         19166         84831
     12        1           687         75881
     13        2         19463         69985
     14        2         13356         59138
     15        2         41320         87066
     16        1           620         91049
     17        2         25739        104762
     18        1           763        123741
     19        1          1388        111910
     20        2         24818        111261
     21        2         29248         84885
     22        1           547         98424
     23        2         30899         81522
     24        2         23820         91643
     25        2         13222         64062
     26        2         18540         70267
     27        1           448         87438
     28        2         16998        127022
     29        2         24068         94809
     30        2         18455         68426
     31        2         12156         58066
     32        1           433         80405
     33        2         18261         66131
     34        2         12583         71088
     35        2         16113         73666
     36        2         19009         97549
     37        1           438         88463
     38        2         25175         69435
     39        1           544         65915
     40        2         15384         80741
     41        2         16521         68379
     42        1           706         76820
     43        1           566         64591
     44        2         16767         94517
     45        2         16516        112196
     46        1           791         82329
     47        1           442        101129
     48        2         19924         83003
     49        1           524         72765
