Attempt Distance          Time         TTime         RTime        RTTime
      0        2          1136          2186         29493          7675
      1        2           399          1284          5736          5962
      2        2           573          1370          8331          9286
      3        2           358          2323          9197          4493
      4        2           272          1328          4419          6937
      5        2           418           528          3716          6248
      6        2           570           584          4283          3374
      7        2          1162           647          5919          3904
      8        2           260           579          3350          8046
      9        2           190          1045          3797          5161
     10        2           583           708          4690          3958
     11        2           297          1926          7170          5551
     12        2           308          1870          7204          4625
     13        2           295          1020          3841          6002
     14        1           206           685          2876          3161
     15        2           340          2526          3385          6423
     16        2           265           680          2910          6541
     17        2           342          1015          5749          3185
     18        2           536          1378          6043          3967
     19        2           340          1505          7250          4945
     20        2           344           568          2959         10836
     21        2           353           810          2964          4839
     22        2           573          1482          8921          5311
     23        1           104          2006          5590          6563
     24        2           404          1913          5450          8210
     25        2           308          1442          5563          8986
     26        2           542          1799          5028          6994
     27        1            66           678          5007          3238
     28        2           262          1053          2463          6938
     29        2           199           874          4135          3437
     30        1            98          1170          3619          5059
     31        2           309          1185          2872          6330
     32        2           440          1015          3733          3538
     33        2           534           920          8233          2846
     34        2           309          1161          2501          8549
     35        2           359           960          3449          9928
     36        1            46           928          2762          3131
     37        2           327          1143          6746          3376
     38        2           594           740          3399          5897
     39        1            36          1361          2923          3642
     40        2           373           961          4758          2951
     41        2           300           802          3202          2557
     42        2           346          1768          6106          4288
     43        2           284           494          2305          4777
     44        2           329           709          3259          4084
     45        2           226           836          2207          8113
     46        2           251          1001          3032          3123
     47        2           189          1098          5023          3002
     48        2           316          1114          3228          3391
     49        2          1135          1139          3549          3740
