Attempt Distance          Time         TTime         RTime        RTTime
      0        2          1884          2449         25355          9360
      1        2           401          1063          5353          5538
      2        2           560          1106          4139          4035
      3        2           371          1138          3750          3193
      4        1            42          1350          6182          5651
      5        2           349          1263          6418          3665
      6        1            89           941          3827          7706
      7        2           363           656          5153          7689
      8        2           272          1412          3888          3912
      9        1            33           929          5104          3848
     10        2           279           833          5393          3134
     11        1            34          2290          4714          7104
     12        2           249           630          6018          4586
     13        2           325          1192          2896          5044
     14        2           224           709          1586          4877
     15        2           426          2185          2621          4899
     16        2           507           814          4964          2052
     17        2           475           775          2447          2501
     18        1            44           772          3477          3298
     19        1            90           627          2552          3423
     20        2           203           486          1877          1798
     21        2           212           463          1959          2365
     22        2           228          1907          2836          4740
     23        2           318           732          2483          2844
     24        2           194           979          2918          3266
     25        2           222           513          1701          2229
     26        2           122           966          2350          7090
     27        2          1076           936          2898          3767
     28        1            35          1911          3000          2263
     29        2           121           922          2447          3726
     30        2           208          1457          3868          2534
     31        2           111           491          1917          1652
     32        1            16           419          1609          1427
     33        2           108           857          1783          2227
     34        2           158           450          1919          1902
     35        2           195           657          1846          1712
     36        2           249          1183          2371          4266
     37        1            23           793          2130          2060
     38        2           199           595          2438          4430
     39        1            36           450          1768          1752
     40        1            18           859          1664          1978
     41        2           272          1339          2323          3408
     42        2           168           587          2090          1965
     43        2           245           803          2216          2415
     44        2           309           816          3420          2538
     45        2           205           812          3855          1875
     46        2           189           930          2650          2198
     47        2           189           459          1517          1591
     48        2           104           480          1618          1854
     49        2           228          1076          2509          3628
