Attempt Distance          Time         TTime         RTime        RTTime
      0        3          6782          2017         26259          8551
      1        2           468           599          9052          5331
      2        2           219          1224         13873          4036
      3        2           282          1268          5995          5536
      4        0            50          1213          7982          3320
      5        2           220          1693          3749          3032
      6        2           220           749          3119          4969
      7        2           302           746          5093          3531
      8        2           318           946          5831          3203
      9        2           171           947          2893          2356
     10        2           316          1713          4440          2770
     11        2           170           491          2130          6133
     12        2           197           898          3694          2033
     13        2           291          1152          2527          8892
     14        2           138           717          1888          2505
     15        2           280           774          2932          3384
     16        1            17           614          1646          3384
     17        2           277           421          1441          2443
     18        1            48           849          3930          2876
     19        2           277           898          2199          5778
     20        2           310           666          2562          3603
     21        2           173           521          2202          3759
     22        2           295           524          4304          2300
     23        2            93           530          1296          1912
     24        2           141           880          2944          2939
     25        1           264           413          2753          2163
     26        1            49           379          1285          2552
     27        1            47           820          3586          2537
     28        2           128           378          1747          1297
     29        2            88          1503          1120          3168
     30        2           128          1074          1274          1272
     31        2            79          1752          7296          2098
     32        2           106           352          1288          1654
     33        2            62           493          1143          1671
     34        2           142           414          1946          3147
     35        2           226           633          1756          1534
     36        2           234           405          1604          1264
     37        2            84           330          1028          1255
     38        2           118           360           997          2311
     39        2           242           408          1819          1223
     40        2            95           501          1086          1217
     41        2           140           351          1364          1900
     42        2           127           341          1168          1849
     43        2           205           469          1810          1675
     44        2            77           425          1349          1271
     45        2            65           329           973          1126
     46        2            90           382          1055          1320
     47        2            91           770          1062          2581
     48        2           116           325          1180          1777
     49        2           177           456          1460          1409
