Attempt Distance          Time         TTime         RTime        RTTime
      0        2          1215          1768         25318          7185
      1        2           370          1195          6021          5139
      2        2           561           894          3616          3280
      3        2           250          2203          4688          5297
      4        2           288          2075          4829          4471
      5        1            30          1164          7484          8523
      6        1           158          1030          3280          9162
      7        1           104          1039          4580          7844
      8        2           310          1367          4031          8210
      9        2           266          1152          5147          5310
     10        2           191          1444         16014          3289
     11        2           315           838         10666          4618
     12        2           240          1041          6493          3320
     13        2           298          1102          2810          8162
     14        2           250           994          3171          3568
     15        2           326          1134          5186          5413
     16        2           330           760          2490          6950
     17        1            33          1124          3823          3850
     18        2           392          1359          5799          3716
     19        2           131           445          1451          1885
     20        2           272           815          3953          3902
     21        2           155           920          3077          6795
     22        1            23           738          2926          2646
     23        2           183           835          2808          6903
     24        2           149           761          2221          2581
     25        2           168           761          1902          4228
     26        2            95           432          1141          1389
     27        2           193           602          1666          1749
     28        2           153           479          1772          1200
     29        2           332          1124          3071          2235
     30        2           141           549          2018          2052
     31        2           111           376          1150          2042
     32        2           365           488          2424          2039
     33        1            17           344          1230          1831
     34        2           336           321          1148          1288
     35        2            95          1494          1147          2998
     36        2           211           680          1458          1354
     37        2           105           518          1468          1263
     38        2            83           339          1488          1230
     39        2           182           476          1766          1344
     40        2            75           381          1239          1316
     41        1            12           449          1363          1398
     42        2           150           517          1991          2473
     43        2           197           748          2433          1680
     44        2            81           345          1231          1140
     45        2            81           359           997          1157
     46        1            11           326          1002          1161
     47        2           100           484          1985          1515
     48        2           100           344          1026          1163
     49        2            79           328          1243          1305
