Attempt Distance          Time         TTime
      0        2           680          1605
      1        2           308          1222
      2        2           257          1158
      3        2           257          1246
      4        2           252          1284
      5        2           383          1421
      6        2           343          1858
      7        2           326          1262
      8        2           277           926
      9        2           202           806
     10        1            15           875
     11        2           689          1502
     12        1            46          1631
     13        2           324          1490
     14        2           268          1562
     15        2           399          1535
     16        1            30          3966
     17        1            56          1651
     18        1            37          1121
     19        2           315          1263
     20        1            33          1191
     21        2           254          1067
     22        2           208          1767
     23        2           252           885
     24        2           149           828
     25        3           833           859
     26        1            21           845
     27        2           190           886
     28        2           295          1071
     29        2           326          1107
     30        2           191          1556
     31        2           276           805
     32        2           235           961
     33        2           105           644
     34        1            12           606
     35        2           111           630
     36        2           119           651
     37        2           108           512
     38        2           115           474
     39        2            86           577
     40        2           119           492
     41        2            81           406
     42        2            71           390
     43        2           121           443
     44        2            88           449
     45        2            80           529
     46        2            76           635
     47        1            12           623
     48        2           102           562
     49        2           211           876
Attempt Distance          Time         TTime
      0        2         51713         73010
      1        2         27429         71067
      2        2         23288         67977
      3        2         19902         68166
      4        2         26031         72862
      5        2         37660        137242
      6        2         28366         66340
      7        2         12242         68953
      8        2         17713         57403
      9        2         18554         55863
     10        1           633         57794
     11        2         16346         55608
     12        1           564         87924
     13        2         14541         58898
     14        2         10785         59858
     15        2         13851         61825
     16        1           703         60702
     17        1           459         54445
     18        1           648         53848
     19        2         12129         53836
     20        1           430         82384
     21        2         13317         65685
     22        2         11379         60948
     23        2         15335         60120
     24        2          9617         72997
     25        3         86718        112398
     26        1           861         67349
     27        2         22679         87154
     28        2         15788         66480
     29        2         16533         63251
     30        2         12992         62653
     31        2         14926         90614
     32        2          7964         90336
     33        2         13900         72653
     34        1           640         70812
     35        2          8251         70738
     36        2         11194         62237
     37        2         10465         52312
     38        2         10093         70149
     39        2          8200         78097
     40        2         12451         75885
     41        2         13653         61836
     42        2          7572         79705
     43        2         11823         58737
     44        2         14348         61261
     45        2         12643         54044
     46        2          8653         55866
     47        1           470         65849
     48        2         14037         71045
     49        2         14340        101427
