Attempt Distance          Time         TTime
      0        2          1070          2223
      1        2           545          1516
      2        1            56          1688
      3        2           554          2280
      4        1            37          2022
      5        2           653          1739
      6        2           659          1477
      7        2           796          1822
      8        2           742          1687
      9        1            35          1674
     10        2           631          1701
     11        1            26          1195
     12        2           275           902
     13        2           297           693
     14        2           207           664
     15        2           236           750
     16        2           403           866
     17        1            23           833
     18        2           242           628
     19        2           227           592
     20        2           234           991
     21        2           282           853
     22        1            36           922
     23        1            18          1016
     24        1            44          1336
     25        1            26          1325
     26        2           430          1183
     27        2           491          1058
     28        1            26          1149
     29        2           259           706
     30        1            13           789
     31        2           314           997
     32        1            17           969
     33        1            31           902
     34        1            32           711
     35        2           219           660
     36        1            14           714
     37        1            25           846
     38        1            17           696
     39        2           188           598
     40        2           169           781
     41        1            14           866
     42        2           278           884
     43        2           320           764
     44        2           289           588
     45        2           224           567
     46        2           221           539
     47        2           185           537
     48        2           195           551
     49        1            19           713
Attempt Distance          Time         TTime
      0        2        123078        240346
      1        2        145045        102648
      2        1          1702        116182
      3        2         89253        103022
      4        1          1046        156719
      5        2        113532        160670
      6        2         56868         82365
      7        2         36318        134559
      8        2        131658        117582
      9        1           524         89193
     10        2         40207         90918
     11        1           796        205055
     12        2         87458        110241
     13        2         33919         91886
     14        2         36636         86929
     15        2         35262        112172
     16        2         33684        133884
     17        1           865        146033
     18        2         40450         84427
     19        2         42632        115082
     20        2         36283         98428
     21        2         69604         90924
     22        1           625         93852
     23        1           603        113907
     24        1           596         84976
     25        1           633         81491
     26        2         41406        146299
     27        2         71452        100754
     28        1           601         82422
     29        2         36429         83408
     30        1           564        104638
     31        2         32929         90093
     32        1           552        102378
     33        1           899        102096
     34        1           649        126348
     35        2         37620        100239
     36        1           546        111953
     37        1           853        126026
     38        1           878        161500
     39        2         67285         81227
     40        2         27185         92579
     41        1           739         95506
     42        2         32583        111543
     43        2         34419        126659
     44        2        129454        128431
     45        2         33483         92901
     46        2         41434        113884
     47        2         35205        111631
     48        2         52194        136953
     49        1           511        113157
