Attempt Distance          Time         TTime
      0        1           134          2399
      1        2           333          1599
      2        2           365          1340
      3        2           367          1197
      4        2           270          1088
      5        2           295           914
      6        2           297          1126
      7        2           328          1393
      8        2           409          1232
      9        2           538          1216
     10        1            18          1324
     11        2           389          1683
     12        2           365          1185
     13        1            24          1313
     14        2           276          1141
     15        1            17          1191
     16        2           256           877
     17        2           159           921
     18        2           329          1085
     19        2           412          2100
     20        2           370          1437
     21        2           632          1093
     22        1            25           870
     23        1            10           868
     24        2           156           736
     25        1            42          1677
     26        2           410          1575
     27        2           349          1245
     28        2           459          1388
     29        1            31          1109
     30        2           166           642
     31        2           166           635
     32        2           161           852
     33        2           220          1257
     34        2           168           624
     35        2           144           649
     36        1            11           842
     37        2           197           705
     38        2           178           824
     39        2           154           647
     40        2           197           659
     41        2           118           884
     42        2           285          1064
     43        1            13           774
     44        2           223           652
     45        2           174           993
     46        2           200           812
     47        1            10           675
     48        2           137           607
     49        2           157           565
Attempt Distance          Time         TTime
      0        1          5537         82641
      1        2         45346        111479
      2        2         51210        111650
      3        2         30962         80306
      4        2         32496         93132
      5        2         38456        116395
      6        2         59335         71163
      7        2         19034         59697
      8        2         21618         67282
      9        2         20470         90853
     10        1           730         74118
     11        2         18521         71497
     12        2         20151         89133
     13        1           526         70456
     14        2         19119         76310
     15        1           636         92081
     16        2         22918         71187
     17        2         15155         71310
     18        2         19028         88639
     19        2         22065         72758
     20        2         20409         89033
     21        2         20805         90373
     22        1           543         74329
     23        1           575         74407
     24        2         17046         72411
     25        1           631         93500
     26        2         20419         72270
     27        2         20636         77511
     28        2         17192         81248
     29        1           646         70071
     30        2         21476         65052
     31        2         21830         91627
     32        2         22609         75996
     33        2         20721         77321
     34        2         18513         84926
     35        2         16748         85761
     36        1           556        127928
     37        2         20376         94801
     38        2         14239         73162
     39        2         17136         74665
     40        2         21584         90265
     41        2         16863         72967
     42        2         18741         72170
     43        1           566         76512
     44        2         19036         89578
     45        2         15395         77470
     46        2         21293         72297
     47        1           473         89755
     48        2         16999         71399
     49        2         21293         73495
Attempt Distance          Time         TTime
      0        1          1636         96547
      1        2         19005         74697
      2        2         18094         72084
      3        2         34839         79089
      4        2         17693         72772
      5        2         22485         95328
      6        2         20671         73711
      7        2         17501         69429
      8        2         21477         88934
      9        2         18045         72546
     10        1           838         81331
     11        2         30610         71765
     12        2         22776         77198
     13        1           844         96010
     14        2         17529         73507
     15        1           830         77712
     16        2         19437         91063
     17        2         14188         82364
     18        2         22121         85363
     19        2         20356         91708
     20        2         19497         73134
     21        2         19252         94656
     22        1           883         75253
     23        1           741         76039
     24        2         17296         86726
     25        1           839         77891
     26        2         19703         71912
     27        2         17362         93588
     28        2         17898         70221
     29        1           735         75288
     30        2         21996         88764
     31        2         21005         72184
     32        2         19227         75360
     33        2         39183         78201
     34        2         16262         71849
     35        2         18325         87411
     36        1           801         75840
     37        2         18203         68556
     38        2         14335         82528
     39        2         17599         73019
     40        2         21804         73197
     41        2         14782         85226
     42        2         19265         66613
     43        1           950         76049
     44        2         35283         71889
     45        2         15283         66853
     46        2         18524         75677
     47        1           752         69684
     48        2         16577         69492
     49        2         20747         83696
