Attempt Distance          Time         TTime         RTime        RTTime
      0        2          2088          2877         27320          5943
      1        2           563          1392          6970          7452
      2        2           417          1102          3173          4375
      3        2           796          1746          6538          6626
      4        2           808          1541          5132          4349
      5        1            29          1518          5928          3763
      6        1            54          1486          5983          4472
      7        2           385           798          3174          3618
      8        1            62           960          5342          4098
      9        1            33          1423          6359          5428
     10        2           447          1460          3680          7062
     11        2           529          1066          4094          3324
     12        1            41          1132          2958          3023
     13        2           449           730          3000          2765
     14        2           693           927          5550          2845
     15        1            24           611          2107          3797
     16        2           473           705          2772          3271
     17        1            35           779          2434          3155
     18        1            44          1036          3090          3566
     19        1            33           843          2628          4205
     20        2           331           609          2001          2884
     21        2           389           817          2064          3361
     22        1            24          1227          3661          2685
     23        1            22           804          2007          3245
     24        1            37          1638          2185          3614
     25        2           332           702          1854          2010
     26        1            21           900          1570          3819
     27        2           647          1263          5112          2990
     28        1            32           609          2616          2735
     29        2           293           639          2153          2077
     30        2           211           565          1516          1871
     31        2           314           693          2684          3795
     32        2           317           614          2387          1974
     33        2           223           592          1609          1830
     34        2           289           710          1544          4045
     35        2           322           902          2448          3180
     36        2           371           723          1766          2469
     37        2           639           615          2544          1987
     38        1            30           548          1696          1909
     39        2           232           590          1707          4416
     40        2           312          1158          3499          2484
     41        1            43           998          2324          5722
     42        1            80           614          3449          2047
     43        2           305          1277          2634          4706
     44        2           569          1455          2655          2490
     45        1            29           747          1995          4820
     46        2           477           651          2903          1905
     47        2           215           569          1735          1916
     48        1            23          1267          3504          2252
     49        2           317           669          3370          2210
