Attempt Distance          Time         TTime
      0        3          1719          1350
      1        2           167           661
      2        2           157          1146
      3        1            27          1160
      4        2           101           602
      5        2            90           742
      6        3           671           596
      7        2            88           605
      8        2           164           748
      9        2            78           530
     10        2           101           651
     11        3           307           522
     12        2            56           634
     13        2           107           851
     14        2            87           959
     15        2            99           751
     16        2            60           801
     17        3           386           544
     18        2            87           638
     19        3           415           593
     20        2            78           551
     21        2            58           512
     22        2            60           525
     23        2            76           524
     24        2            80           494
     25        3           401           536
     26        2            67           659
     27        1            17           663
     28        2            83           519
     29        3           342           991
     30        2            84           545
     31        1            10           653
     32        1             8           503
     33        2            76           486
     34        3           379           553
     35        1            15           545
     36        3           418           494
     37        2            69           493
     38        2            91           509
     39        1            11           633
     40        2            74           525
     41        2            60           478
     42        2            92           492
     43        3           356           496
     44        2            50           471
     45        2            55           508
     46        3           352           768
     47        2           110           936
     48        2           105           886
     49        3           707           993
Attempt Distance          Time         TTime
      0        3         98378         60866
      1        2         11236         57578
      2        2          7150         62025
      3        1           906         61515
      4        2          8416         65074
      5        2          9315         57562
      6        3         78201         56125
      7        2         13448         57134
      8        2          9390         55749
      9        2         11764         53411
     10        2         12107         70347
     11        3         45559         46773
     12        2          5262         53538
     13        2          9062         46126
     14        2          5383         45340
     15        2          6713         85321
     16        2          5017         60612
     17        3         57686         60339
     18        2          7521         52808
     19        3         49068         49517
     20        2          7481         50170
     21        2          5670         68834
     22        2          6402         47056
     23        2          6496         57727
     24        2         12949         70317
     25        3         49331         50820
     26        2          3123         67077
     27        1           442         56297
     28        2          6635         53414
     29        3         49194         54917
     30        2          7157         53874
     31        1           336         42248
     32        1           333         66687
     33        2          7595         51162
     34        3         49991         73556
     35        1           506         55965
     36        3         48190         71483
     37        2          5766         72261
     38        2          8617         44483
     39        1           605         50896
     40        2          7532         54254
     41        2          5848         52804
     42        2          5558         54999
     43        3         42416         65432
     44        2          6822         61662
     45        2          4210         45494
     46        3         49227         57764
     47        2          5743         57865
     48        2          5320         60884
     49        3         48578         51430
