Attempt Distance          Time         TTime
      0        1           142          3383
      1        1            27          2137
      2        2           632          1480
      3        2           286          1108
      4        2           481          1317
      5        2           441          1228
      6        2           311          1124
      7        1            19          1241
      8        2           370          1500
      9        1            24          1504
     10        2           325          1131
     11        2           684          1412
     12        1            32          2705
     13        2           287          1113
     14        2           379          1056
     15        2           358          1059
     16        2           371           864
     17        2           310           972
     18        2           396          1821
     19        2           600          1809
     20        0             5          1668
     21        2           330          1147
     22        1            28          1130
     23        2           278          1083
     24        2           205           755
     25        2           213           867
     26        2           386          1166
     27        2           390          1013
     28        2           241           847
     29        2           215           836
     30        1            11           775
     31        2           162           732
     32        2           198           638
     33        1            13           757
     34        2           176           762
     35        2           263           728
     36        1            10           754
     37        1            13           726
     38        2           381           986
     39        1            13           775
     40        2           173           769
     41        2           203           852
     42        2           315           885
     43        2           223           738
     44        1            11           747
     45        2           209           811
     46        1            13           867
     47        2           195           685
     48        1            10           607
     49        1             9           626
Attempt Distance          Time         TTime
      0        1          4371         83520
      1        1          2018         75699
      2        2         45435        114716
      3        2         43820         94068
      4        2         63915         92533
      5        2         51898        144067
      6        2         49638         93400
      7        1           733         74878
      8        2         25266         73284
      9        1          6011        102117
     10        2         20630         76582
     11        2         22995         75382
     12        1           616        106816
     13        2         23008        108376
     14        2         21709         79626
     15        2         22503         90862
     16        2         23495         77042
     17        2         25407         75363
     18        2         21193        108791
     19        2         22745         83110
Standard and transitive algorithms inconsistent (0 != 1)
     21        2         29702        106316
     22        1           745         79572
     23        2         22627         77483
     24        2         24235         83184
     25        2         22118         97331
     26        2         26281         81669
     27        2         58817        102596
     28        2         79433        101064
     29        2         20959         82938
     30        1          1871        106798
     31        2         31098        100364
     32        2         22617         82759
     33        1           481         76738
     34        2         19728         93570
     35        2         25707         72368
     36        1           519         85732
     37        1           502         81852
     38        2         23969         98341
     39        1           722         78719
     40        2         21116         76875
     41        2         22931         97525
     42        2         22709         88777
     43        2         22371         81969
     44        1           553         95642
     45        2         20170         74735
     46        1           559         79226
     47        2         24711        123587
     48        1           897         81945
     49        1           467         78097
Attempt Distance          Time         TTime
      0        1          1428         97914
      1        1          1367         78532
      2        2         19366         82048
      3        2         20706         99236
      4        2         23279         76590
      5        2         22493         73885
      6        2         17163         98292
      7        1           876         87096
      8        2         26574         84167
      9        1           883         92944
     10        2         18228         71396
     11        2         26893         94161
     12        1          1122         94815
     13        2         19006         69801
     14        2         21900         90345
     15        2         20131         69038
     16        2         21614        109936
     17        2         35451        107084
     18        2         23688         91804
     19        2         24774         80428
Standard and transitive algorithms inconsistent (0 != 1)
     21        2         27084        107382
     22        1          1023        100853
     23        2         23705        109258
     24        2         25364         79158
     25        2         19629        108133
     26        2         26756        116681
     27        2         33490         83366
     28        2         22720         91412
     29        2         23171         84805
     30        1           774         88855
     31        2         21397        113981
     32        2         21842         74514
     33        1          1162         81321
     34        2         20587         98347
     35        2         24947         70591
     36        1           872        100951
     37        1           934        247179
     38        2         70323        115985
     39        1          1369        188775
     40        2         64428        121859
     41        2         29905        154556
     42        2         58332        129412
     43        2         19754        121217
     44        1           839        109217
     45        2         36852        118136
     46        1           740         84006
     47        2         29614        123532
     48        1           941         93570
     49        1           534         82819
