Attempt Distance          Time         TTime         RTime        RTTime
      0        2          2326          3157         33525         10908
      1        2           608          3789          7556         11637
      2        2          2041          1388          5003          7838
      3        2           636          1909          5717         12382
      4        2          1239          1191          9474          3951
      5        2           546          1548          5676          5210
      6        2           437           950          3756          7929
      7        1            38           924          4186          5293
      8        1            86          1758          7499         10458
      9        1            41          1778          3844          9695
     10        2           857          1897          7085         16399
     11        2          1117          5500         16243         10941
     12        2          1005          1890         10109         13095
     13        2           564          5313          7216          7734
     14        2          1022          1756         12040          9801
     15        1            70          2426          9726          9018
     16        1            81          1296          6724          6555
     17        1            49          1926          8062          8680
     18        2          1206          1118          7397          6838
     19        2          1050          4333          6823         10408
     20        1            50          6101          6021          9895
     21        1            41          1469          8666          5402
     22        1            29          3217          5839          4573
     23        1            57          2951          3015          6268
     24        2           910          6760          5190          4774
     25        1            43           987          3878          8379
     26        2           449          1516          3840          7692
     27        1            69           912          4678          6739
     28        1            58          1279          3576          5049
     29        1            39           965          9381          3273
     30        2           424          2530          3167          4023
     31        2           333           722          2278          2353
     32        1            27          1135          2115          6948
     33        2           461           670          1971          2445
     34        2           339           790          2103          6372
     35        2           410           692          2122          2696
     36        2           502          2256          4912          3320
     37        2           478           719          3365          2270
     38        1            58          1085          4780          2337
     39        2           381           661          2022          2593
     40        2           339          1177          2095          7387
     41        2           375           675          2140          2344
     42        2           407          1664          5019          3989
     43        2           597           702          2805          2232
     44        2           298          1614          5567          2945
     45        2           471           723          2403          2223
     46        1            65           745          3781          2402
     47        1            21           652          2277          2287
     48        2           324           968          6542          3251
     49        1            24           673          1768          2098
