Attempt Distance          Time         TTime
      0        1           218          2537
      1        1            32          1223
      2        2           417          1149
      3        2           399          1209
      4        1            48          1242
      5        2           382          1048
      6        2           377          1478
      7        2           518           965
      8        2           370           999
      9        2           301           831
     10        1            22           972
     11        2           252           818
     12        1            26           750
     13        2           261           629
     14        2           197           672
     15        2           230           662
     16        1            14           478
     17        2           191           459
     18        2           156           480
     19        2           179           476
     20        2           153           448
     21        2           161           447
     22        2           154           442
     23        2           133           451
     24        2           174           553
     25        2           119           491
     26        2           205           556
     27        2           224           495
     28        2           214           524
     29        2           153           444
     30        1            11           498
     31        1            11           495
     32        2           138           477
     33        2           226           500
     34        2           137           527
     35        2           237           612
     36        2           183           562
     37        1            19           769
     38        2           182           649
     39        1            14           617
     40        1            20           598
     41        2           188           500
     42        1            15           474
     43        1            14           479
     44        2           154           547
     45        2           253           674
     46        2           216           811
     47        2           202           624
     48        2           358           520
     49        2           190           553
Attempt Distance          Time         TTime
      0        1          4775         86732
      1        1          2227        101125
      2        2         83066        113546
      3        2         65064        110235
      4        1          1568        115338
      5        2         55778         84515
      6        2         47010         90150
      7        2         29745         77180
      8        2         28595         81747
      9        2         33111         83591
     10        1           605         96845
     11        2         30508         83677
     12        1           651         94614
     13        2         30613         93695
     14        2         23055         83420
     15        2         34753         79674
     16        1           695         89264
     17        2         32952         91806
     18        2         31728         79582
     19        2         68925         87923
     20        2         31203         85449
     21        2         24301         75720
     22        2         33861         95832
     23        2         23085         84091
     24        2         26773         79555
     25        2         23484         91306
     26        2         26108         83884
     27        2         31615         79992
     28        2         23454         69409
     29        2         25544        102481
     30        1           700        103715
     31        1           495         77962
     32        2         24197         85954
     33        2         23631         90904
     34        2         25141         77012
     35        2         74551         95399
     36        2         25880         92872
     37        1           570         82637
     38        2         24089         94291
     39        1           655        102478
     40        1           646         90055
     41        2         32371         81388
     42        1           506         89181
     43        1           534         82457
     44        2         30520         84538
     45        2         30887         97912
     46        2         25586         87408
     47        2         25957         81208
     48        2         24619        105924
     49        2         28429         88799
Attempt Distance          Time         TTime
      0        1          1585         84449
      1        1           959         93032
      2        2         37307         99741
      3        2         25242         93600
      4        1           788         84581
      5        2         36582         83967
      6        2         30206         94760
      7        2         23168        101411
      8        2         29797         88676
      9        2         24223         83812
     10        1           825         74243
     11        2         39711         85735
     12        1           845         92572
     13        2         28211         97103
     14        2         18814        112477
     15        2         29752         78840
     16        1           916        101573
     17        2         27398         91424
     18        2         27414         87468
     19        2         24244        101950
     20        2         25974         97555
     21        2         24305         74495
     22        2         39995         79056
     23        2         24265         97085
     24        2         27946        102681
     25        2         23801         97274
     26        2         23104         97307
     27        2         36121         90774
     28        2         24863         84755
     29        2         36803         83338
     30        1           808        111996
     31        1           854         93280
     32        2         25400         86836
     33        2         32139         88845
     34        2         37517         90795
     35        2         28555         87762
     36        2         23640        105636
     37        1           916        101765
     38        2         23031         80665
     39        1           948        106915
     40        1           945         98942
     41        2         31766        112009
     42        1           901         92265
     43        1           763         92989
     44        2         28688         98148
     45        2         29635         90823
     46        2         26167        102536
     47        2         25919         93814
     48        2         23439         84831
     49        2         34227         75477
