Attempt Distance          Time         TTime         RTime        RTTime
      0        6          3288         10589         52155         18136
      1        7          1683          3180         37056         16617
      2        4           270           805         11468         23902
      3       -1           626         32194         17024         31190
      4        3           142           192         23982         15272
      5        7          1340          5078         11896          4569
      6        7           373          3930         34080          6855
      7       -1            19            32          4073          2475
      8       10           223         11864          3703         18058
      9        6           219         11505          3432          3934
     10       -1            18            45         14286         10768
     11        7           378          7128         16255          7789
     12        2           101           365         30543          4875
     13        3            79           111          2541         18480
     14        7           128         10890          2956          2992
     15        2           175           105         10035         11981
     16        6           129          2334          2695          7293
     17        5            65           741          3702         14611
     18        7           312          2951         16368         11921
     19        4           130           258          2984         43325
     20        6           105         12962          3028          2969
     21       -1            27           189          4129         15586
     22        5           108         12011          5098          4041
     23        6           356         12781         11060          4046
     24       -1           355         18468          4018         23806
     25        6           153          3182         12950         12772
     26       -1           221         11288          1878          8849
     27        1            24           514         10877          3796
     28        3            27           196          2082          2221
     29        5           124          6199          8856          5507
     30        3            69           306          3354          1931
     31        4           105            50          4226          4396
     32        5          1206          1726          1992          4504
     33        5            97           713          5845          2726
     34       -1            17            21          2132          2243
     35        9           160          1464          3304          5183
     36       -1            19            25          5585          2471
     37        6           291          3452          1890          3422
     38        5           126           960          6142          6884
     39        2            19            47          6780          1606
     40       -1           283          3264          2068         10989
     41        5           104          1009          1811          4039
     42        5           132           953          6065          2388
     43        4            51            45          1733          3612
     44        6           317          3155          4590          5936
     45        6           245          1072          3202          2886
     46        7           271          1655          2225          9388
     47        6           175          1747          1737         12958
     48        5           176          3307          4593          8984
     49        3            54            67          2514          3488
