Attempt Distance          Time         TTime         RTime        RTTime
      0        2           718          3921         25012          7482
      1        2          1497          1307          8827          8552
      2        1           157          1437          4621          5765
      3        2           301           984          3433          3502
      4        2           333          1454          4728          3848
      5        2           270           535          2759          2437
      6        2           390           564          2952          3097
      7        1            61           590          2689          6696
      8        2           182           909          2406          3186
      9        1            28           992          3454          2809
     10        1            28           480          1967          1596
     11        2           273           541          2090          2891
     12        2           518           613          3517          2186
     13        2           153           570          2277          2473
     14        2           203           716          2032          2840
     15        1            30           641          2425          2172
     16        2           159           411          1312          1843
     17        1            15           596          1146          2858
     18        2           188           894          1733          2175
     19        2           262           500          2299          2785
     20        2           227           531          3732          2545
     21        1            23           687          2341          2089
     22        2           181           462          2374          3126
     23        2           332           566          2453          2160
     24        2           184           689          2168          3224
     25        1            47           453          3689          2133
     26        2           129           452          1553          2039
     27        2           164           470          1564          2224
     28        2           292           753          3153          2300
     29        1           108           459          1682          1832
     30        2           125           551          1184          1435
     31        2            90           795          2281          1716
     32        2           137           395          1244          1390
     33        2           100           420          1120          1306
     34        2            96           412          1501          1713
     35        2           142           864          2760          2559
     36        2           270           550          1799          1591
     37        2           170           402          1313          1565
     38        1            17           787          2136          1711
     39        2           159           411          1415          1505
     40        2           111           474          1745          1554
     41        1            14           577          1376          1443
     42        2           116           812          2201          2170
     43        2           153           473          1493          1406
     44        2            88           398          1159          2375
     45        2           128           412          1162          1526
     46        2           379           408          1843          1458
     47        2           146           623          1568          2097
     48        2           400           487          2012          2531
     49        1            19           701          2735          2405
