Attempt Distance          Time         TTime
      0        2           520          1852
      1        2           403          1803
      2        2           399          1453
      3        1            35          1504
      4        2           362          1303
      5        2           381          1366
      6        2           448          1245
      7        2           403          1382
      8        2           360          1243
      9        2           286          1323
     10        2           259          1141
     11        2           298          1197
     12        2           498          1152
     13        1            20           872
     14        2           192           816
     15        2           192          1008
     16        2           220           784
     17        2           254           745
     18        2           177           676
     19        2           187           757
     20        1            15           778
     21        2           154           624
     22        2            86           524
     23        2           136           673
     24        2           124           627
     25        2           180           670
     26        2           196           696
     27        2           127           890
     28        2           172           872
     29        1            21           900
     30        2           252           936
     31        2           208          1029
     32        2           215           745
     33        2           326           766
     34        2           124           592
     35        2           134           703
     36        1            21           730
     37        2           155           695
     38        2           203           644
     39        2           139           644
     40        2           172           639
     41        2           148           531
     42        2           155           518
     43        2            94           483
     44        2            88           502
     45        1            15           576
     46        2           169           531
     47        2           102           438
     48        2           107           386
     49        1             7           461
Attempt Distance          Time         TTime
      0        2         38764         67187
      1        2         30457         87675
      2        2         34664         76578
      3        1          1271         80622
      4        2         30503         88719
      5        2         27114         82117
      6        2         23679         67015
      7        2         26275         78338
      8        2         24384         76839
      9        2         12768         67801
     10        2         13161         74050
     11        2         13648         67895
     12        2         13293         73689
     13        1           557         68543
     14        2         17303         76883
     15        2         12593         67254
     16        2         18624         79210
     17        2         18496         75816
     18        2         13366         66061
     19        2         45685         78098
     20        1           503         67230
     21        2         14712         75076
     22        2         11460         66861
     23        2         11384         88413
     24        2         13146         65941
     25        2         12914         74509
     26        2         15723         66184
     27        2         13028         82593
     28        2          9966         79718
     29        1           551         83996
     30        2         17805         70218
     31        2         16276         78129
     32        2         14901         74156
     33        2         12976         67450
     34        2         12888         76315
     35        2         13764         67396
     36        1           578         77500
     37        2         16570         78044
     38        2         16000         78382
     39        2         14468         73369
     40        2         13807         74453
     41        2         13242         64630
     42        2         12437         75740
     43        2         12226         62847
     44        2         13704         79379
     45        1           467         67275
     46        2         19803         70621
     47        2         15309         77276
     48        2         18709         67882
     49        1           503         76835
Attempt Distance          Time         TTime
      0        2         13578         67825
      1        2         13537         88216
      2        2         18828         84865
      3        1           768         75116
      4        2         16205        101079
      5        2         28522        101156
      6        2         12004         69709
      7        2         13080         67552
      8        2         11950         63061
      9        2         11907         60439
     10        2         12083         72350
     11        2         12451         63969
     12        2         13608         69716
     13        1           795         85058
     14        2         14774         67641
     15        2         11226         72830
     16        2         16239         75374
     17        2         18937         73898
     18        2         14377         83052
     19        2         17809         81789
     20        1           837         73347
     21        2         15146         79809
     22        2         11514         83242
     23        2         13006         76730
     24        2         14434         87129
     25        2         14057         66621
     26        2         17661         75942
     27        2         12617         76072
     28        2         10912         63948
     29        1           746         77196
     30        2         17683         71167
     31        2         23291         73335
     32        2         16583         74634
     33        2         12542         65973
     34        2         21298         69149
     35        2         13097         77443
     36        1           648         68513
     37        2         14505         72816
     38        2         13177         76278
     39        2         14102         66781
     40        2         13302         78263
     41        2         14005         90134
     42        2         12046         67604
     43        2         12351         81045
     44        2         12088         67631
     45        1          1039         70268
     46        2         18858         83150
     47        2         15962         85985
     48        2         20010         72301
     49        1           953         74390
