Attempt Distance          Time         TTime
      0        2           730          1696
      1        2           458          1511
      2        1            36          1177
      3        1            19          1377
      4        2           441          1038
      5        1            18          1087
      6        2           342          1371
      7        1            22          1483
      8        2           487          1189
      9        2           341          1418
     10        2           430          1338
     11        2           334           850
     12        1            23          1156
     13        2           248           877
     14        1            13           943
     15        2           194           858
     16        2           175           700
     17        2           377           753
     18        2           167           677
     19        2           194           807
     20        2           213           710
     21        2           154           667
     22        2           110           601
     23        2           172           559
     24        1            11           619
     25        2           142           784
     26        2           253           814
     27        2           183           761
     28        2           181           775
     29        2           281           863
     30        2           298          1030
     31        1            17          1024
     32        2           204           745
     33        2           174           698
     34        2           164           759
     35        0             2           661
     36        1            11           636
     37        2           112           458
     38        2           110           587
     39        1            11           565
     40        2           161           825
     41        2           145           559
     42        2           125           551
     43        2           173           576
     44        2           150           546
     45        2           129           645
     46        2           120           530
     47        1             9           470
     48        2           180           530
     49        2           167           572
Attempt Distance          Time         TTime
      0        2         55913         78851
      1        2         53139         83485
      2        1          1618         89134
      3        1           701         82322
      4        2         35276         80586
      5        1           957         81079
      6        2         30995         69770
      7        1           951         85447
      8        2         28779         70966
      9        2         20477         78545
     10        2         22370         67403
     11        2         21763         81166
     12        1           610         76375
     13        2         52549         72982
     14        1           555         85902
     15        2         17681         69741
     16        2         16199         80633
     17        2         21682         82026
     18        2         20412         77612
     19        2         17210         74098
     20        2         19945         80518
     21        2         17481         87453
     22        2         21477         89716
     23        2         21746         90004
     24        1           498         74518
     25        2         15842         83288
     26        2         18126         70044
     27        2         15413         80062
     28        2         21998         85715
     29        2         24020         86415
     30        2         26729        100760
     31        1           669         81599
     32        2         19204         80306
     33        2         16721         73758
     34        2         19294         83123
Standard and transitive algorithms inconsistent (0 != 2)
     36        1           512         71884
     37        2         16518         80055
     38        2         17476         71441
     39        1           456         86528
     40        2         17700         69162
     41        2         18393         83985
     42        2         15836         79289
     43        2         20122         72337
     44        2         52200         82244
     45        2         17907         69088
     46        2         15494         78299
     47        1           524         73146
     48        2         18809         78537
     49        2         17193         78825
Attempt Distance          Time         TTime
      0        2         17299         68746
      1        2         18481         82583
      2        1           784         80109
      3        1           780         71832
      4        2         19828         82048
      5        1           866         80732
      6        2         17980         72529
      7        1           868         89781
      8        2         18883         90732
      9        2         18570         74757
     10        2         21120         79740
     11        2         18711         82101
     12        1           845         75080
     13        2         19266         84497
     14        1           759         77128
     15        2         17426         63641
     16        2         13813         82986
     17        2         18146         78914
     18        2         17772         71339
     19        2         22740         72867
     20        2         17387         76837
     21        2         15309         78076
     22        2         22455         68548
     23        2         19037         81118
     24        1           711         68533
     25        2         21545         63420
     26        2         19448         67038
     27        2         13361         83498
     28        2         18360         67101
     29        2         17315         73980
     30        2         16071         75930
     31        1           747         69728
     32        2         17967         86223
     33        2         16430         79661
     34        2         17607         66167
Standard and transitive algorithms inconsistent (0 != 2)
     36        1          1400         77228
     37        2         17239         74695
     38        2         21689         91385
     39        1           816         80636
     40        2         16431         64642
     41        2         15853         78155
     42        2         15475         79309
     43        2         18798         64807
     44        2         28889         66722
     45        2         16917         73459
     46        2         16385         73512
     47        1           702         66949
     48        2         19146         78574
     49        2         15909         77437
