Attempt Distance          Time         TTime
      0        2          1286          2132
      1        2           960          3663
      2        2           530          2436
      3        1            43          2050
      4        2           817          2325
      5        2           900          2991
      6        2           990          3082
      7        2           741          2205
      8        2           762          2639
      9        2           939          4498
     10        2           638          3458
     11        2           674          2157
     12        2           792          2112
     13        2           859          2199
     14        1            52          3228
     15        1            29          1832
     16        1            47          2091
     17        1            37          2394
     18        2           831         11830
     19        2           656          1727
     20        2           556          1814
     21        2           500          1779
     22        2          7330          4560
     23        2           599          1997
     24        2           657          1965
     25        1            38          6343
     26        2           652          1709
     27        2           479          1652
     28        2           557          1876
     29        2           803          1760
     30        2           381          1530
     31        2           525          1543
     32        2           243          1555
     33        2           582          1972
     34        2           533          1714
     35        2           613          1542
     36        2           728          2178
     37        1            35          1864
     38        2           670          1959
     39        1            23          1936
     40        2           780          1780
     41        2           470          1731
     42        2           566          1722
     43        2           759          1655
     44        2           446          1453
     45        2           522          2074
     46        2           618          1791
     47        2           895          2267
     48        0             3          1560
     49        1            35          1762
Attempt Distance          Time         TTime
      0        2        154380        176444
      1        2         80171        195324
      2        2         63486        110671
      3        1          1305        100382
      4        2         65427        164379
      5        2        200387        163950
      6        2         43033         97349
      7        2         34850        121501
      8        2         30326         94532
      9        2         22165         73612
     10        2         71142        101745
     11        2         54496        179308
     12        2         66300        181761
     13        2         55514        214490
     14        1          1346        186568
     15        1          2026        195168
     16        1          1080        136255
     17        1          1328        153430
     18        2         40688        132409
     19        2         32479        108425
     20        2         32151        126703
     21        2         76537        149366
     22        2         47288        178358
     23        2         41528        112479
     24        2         40394        157747
     25        1           790        100820
     26        2         31308        114999
     27        2         33876         91120
     28        2         39286        117184
     29        2         29661        108267
     30        2         20224        100988
     31        2         26624         78175
     32        2         13295         86195
     33        2         22056         73630
     34        2         22317         90581
     35        2         29478        101269
     36        2         28666         79949
     37        1           597         81080
     38        2         29627        102686
     39        1          3074         94399
     40        2         72324         94341
     41        2         29691         82589
     42        2         24735         83477
     43        2         23518         81510
     44        2         23702         78457
     45        2         19288         77661
     46        2         25659        108040
     47        2         30435         86169
Standard and transitive algorithms inconsistent (0 != 2)
     49        1           550        104300
