Attempt Distance          Time         TTime
      0        1           152          1074
      1        3           298           652
      2        3           448           746
      3        2            69           602
      4        3           478           523
      5        2            65           520
      6        2            56           558
      7        2            58           709
      8        3           199           639
      9        2            45           759
     10        3           263           860
     11        3           424           717
     12        2            35           601
     13        3           190           459
     14        3           245           430
     15        3           224           470
     16        3           192           456
     17        3           184           443
     18        2            54           571
     19        1            22           542
     20        3           209           697
     21        3           268           390
     22        3           165           370
     23        3           322           422
     24        1            11           420
     25        3           163           462
     26        3           237           396
     27        4           368           335
     28        3           190           408
     29        3           139           338
     30        2            38           340
     31        0             1           812
     32        2            60           912
     33        3           415           492
     34        3           180           417
     35        3           183           444
     36        3           194           428
     37        2            74           448
     38        2            59           491
     39        2            29           428
     40        3           176           506
     41        3           156           424
     42        3           127           418
     43        3           161           425
     44        4           278           324
     45        3           265           391
     46        3            86           343
     47        3           180           464
     48        2           134           825
     49        3           191           800
Attempt Distance          Time         TTime
      0        1         12040         57280
      1        3         33536         43735
      2        3         43006         61683
      3        2          9353         53992
      4        3         48844         46566
      5        2          7596         60639
      6        2          4821         44635
      7        2          6475         50099
      8        3         23523         41225
      9        2          3395         61017
     10        3         33010         40918
     11        3         36349         48307
     12        2          2967         46120
     13        3         25958         41552
     14        3         32871         43359
     15        3         19885         37983
     16        3         29404         62193
     17        3         37247         43189
     18        2          3292         44120
     19        1           288         51781
     20        3         36954         57784
     21        3         25064         44325
     22        3         23020         42586
     23        3         32146         50076
     24        1           420         53126
     25        3         23325         37551
     26        3         29128         45712
     27        4         46330         36939
     28        3         24151         41970
     29        3         18873         50635
     30        2          3947         47520
Standard and transitive algorithms inconsistent (0 != 3)
     32        2          3703         50457
     33        3         22579         44337
     34        3         21081         42775
     35        3         28815         43700
     36        3         27090         48198
     37        2          4772         44019
     38        2          5598         45774
     39        2          1203         38825
     40        3         15102         43040
     41        3         16067         43662
     42        3         10990         47028
     43        3         23604         58507
     44        4         82156         31967
     45        3         28110         42930
     46        3          9556         33253
     47        3         22333         39662
     48        2          4933         49600
     49        3         17065         47056
