Attempt Distance          Time         TTime
      0        2          1080          1969
      1        2           595          2085
      2        1            50          1252
      3        2           585          1963
      4        2           638          1890
      5        1            49          1639
      6        1            30          1936
      7        2           726          1490
      8        2           612          1375
      9        1            39          1840
     10        2           655          1334
     11        1            26          1078
     12        2           445          1183
     13        2           733          1200
     14        2           321           959
     15        1            18           692
     16        2           232           678
     17        2           257           785
     18        2           290           724
     19        2           257           656
     20        1            28          1069
     21        2           381           964
     22        2           231           787
     23        2           391           980
     24        2           534          1011
     25        1            35          1316
     26        2           485          1244
     27        1            85           820
     28        2           266           663
     29        2           267           672
     30        2           210           746
     31        2           231           663
     32        1            15           656
     33        2           205          1268
     34        2           416          1029
     35        2           378           913
     36        1            20           877
     37        2           465          1197
     38        1            28          1044
     39        2           298          1014
     40        1            20           874
     41        2           318           878
     42        2           300          1023
     43        2           330           696
     44        2           180           777
     45        2           303           608
     46        1            15           557
     47        2           195           631
     48        1            14           700
     49        2           306           658
Attempt Distance          Time         TTime
      0        2        128824        139699
      1        2         76385        113128
      2        1          1845        189020
      3        2         85816        157692
      4        2        116555        194516
      5        1          2831        117430
      6        1           839        110214
      7        2         51372         98905
      8        2         39712         97000
      9        1           645         93417
     10        2         86937        145839
     11        1           724        160892
     12        2         73715         92972
     13        2         38772        108655
     14        2         32548         88375
     15        1           663        108913
     16        2         38671        103077
     17        2         42835         89093
     18        2         39478         95114
     19        2         39141         96975
     20        1           765        125187
     21        2         47919         95656
     22        2         39080         90499
     23        2         82297        134411
     24        2         35528         86663
     25        1           683         94968
     26        2         40623         94262
     27        1           536        119022
     28        2         39294         85809
     29        2         34057         96880
     30        2         30513        109877
     31        2         32939         87540
     32        1          1169         92850
     33        2         30056         93929
     34        2         36733        112264
     35        2         35238         78522
     36        1           476         90012
     37        2         65712        115983
     38        1           593         89173
     39        2         28493         83823
     40        1           531         83703
     41        2         33763        117756
     42        2         30979         86519
     43        2         33367         81961
     44        2         33089        138023
     45        2         41065         74409
     46        1           684         77190
     47        2         31183         87523
     48        1           492        133685
     49        2         43353         94192
