Attempt Distance          Time         TTime
      0        1           270          2271
      1        2           223           985
      2        2           175           786
      3        2           120          1073
      4        1            21           818
      5        2           169           634
      6        2           252           667
      7        2           107           881
      8        1            25          1380
      9        2           157          1021
     10        2           210           908
     11        2           195          1071
     12        2           277           849
     13        2           128           993
     14        2           167          1184
     15        2           219          1003
     16        2           166           787
     17        2           139           818
     18        2           185           833
     19        2           207           711
     20        2           195           989
     21        2           228          1050
     22        2           158           959
     23        1            20           842
     24        2           139           979
     25        2           237          1033
     26        2           137           850
     27        2           120           544
     28        2           153           475
     29        2            97           397
     30        2            52           345
     31        1            11           436
     32        2            73           460
     33        2            62           392
     34        2            64           332
     35        2            55           375
     36        2            74          1229
     37        2           181           451
     38        2           122           878
     39        2           180           879
     40        2           200           859
     41        2           214           748
     42        2           153           767
     43        2           140           716
     44        2           228          1133
     45        1            19           751
     46        2           153           643
     47        2           139           962
     48        2            91           659
     49        2           109           706
Attempt Distance          Time         TTime
      0        1          3851        101964
      1        2         39298         78418
      2        2         20415         62997
      3        2         20146         72722
      4        1          1145        100460
      5        2         26433        111733
      6        2         25401         67676
      7        2         19191         66797
      8        1          1192         65093
      9        2         19412         63097
     10        2         24486         62063
     11        2         18768         83893
     12        2         12935         61177
     13        2         10652         63971
     14        2         12195         79699
     15        2         16703         82032
     16        2         14828         80862
     17        2         12698         68576
     18        2         14950         92166
     19        2         16625         73280
     20        2         14566         73765
     21        2         14500         78742
     22        2         11094         68217
     23        1           528         66976
     24        2         13817        100041
     25        2         17243         68273
     26        2          9547         67666
     27        2         13610         66749
     28        2         11879         80399
     29        2         22586         72655
     30        2         10963         62841
     31        1           493         82196
     32        2          7445         78580
     33        2          7261         53884
     34        2         10909         53943
     35        2          8524         60670
     36        2          9803         64657
     37        2         16563         83125
     38        2          9586         69769
     39        2         16389         68873
     40        2          8915         62074
     41        2         12138         51035
     42        2         48344         59689
     43        2         11952         73589
     44        2         18750         88985
     45        1           498         73762
     46        2         10625         52481
     47        2          9280         54066
     48        2          9428         70392
     49        2         11423         70062
