Attempt Distance          Time         TTime
      0        2           974          2118
      1        2           430          1524
      2        2           658          1646
      3        2           411          1502
      4        2           441          1665
      5        2           550          1896
      6        1            40          1986
      7        2           448          1262
      8        1            30          1671
      9        1            41          1291
     10        2           397          1173
     11        2           423          1162
     12        1            25          1271
     13        2           314          1001
     14        2           369          1169
     15        1            26          1075
     16        2           311           953
     17        1            20          1081
     18        2           278           815
     19        1            17           882
     20        2           253          1186
     21        2           316          1155
     22        2           472          1645
     23        2          1166          2200
     24        2           378          1140
     25        2           338          1022
     26        2           272           917
     27        2           260           972
     28        2           293           958
     29        2           282           851
     30        2           209           718
     31        2           304          1015
     32        2           282          1036
     33        2           384          1698
     34        2          1106          2426
     35        2           392          1077
     36        2           370           943
     37        2           242           852
     38        1            14          2246
     39        2           294           894
     40        2           292          1063
     41        2           355          1092
     42        2           332          1054
     43        2           367          1144
     44        2           227           843
     45        2           231           832
     46        2           268           863
     47        2           237           771
     48        2           165           899
     49        1            19           918
Attempt Distance          Time         TTime
      0        2         85436        113796
      1        2         44113         83095
      2        2         48250        108816
      3        2         53131         99631
      4        2         44344         88069
      5        2         36807         85111
      6        1           600         74621
      7        2         27684         97525
      8        1           735         80360
      9        1           706         93618
     10        2         24173         75166
     11        2         23361         81890
     12        1           644         83827
     13        2         24715        109840
     14        2         23901         96615
     15        1           665         86467
     16        2         31951         90750
     17        1           604         80410
     18        2         24305         93395
     19        1           565         82134
     20        2         23866        114624
     21        2         28157         77706
     22        2         21521         83802
     23        2         31909         86079
     24        2         82866         82521
     25        2         26342         90790
     26        2         25444         70091
     27        2         23046         83318
     28        2         25609         74970
     29        2         28465         90552
     30        2         25765         76976
     31        2         32181         76596
     32        2         21517         85885
     33        2         25776         78698
     34        2         21451         89346
     35        2         24737         80327
     36        2         25143         88035
     37        2         21854         87320
     38        1           528         86912
     39        2         22877         86445
     40        2         24463         77768
     41        2         64727         84735
     42        2         22219         84584
     43        2         39460         86185
     44        2         19415         90859
     45        2         21764         76674
     46        2         27300         93865
     47        2         26877         76025
     48        2         23952         93744
     49        1           558         92654
Attempt Distance          Time         TTime
      0        2         27915         75145
      1        2         20820         90844
      2        2         24172         92233
      3        2         20421         81096
      4        2         18392         88894
      5        2         26244        108127
      6        1          1016         86668
      7        2         25753         90681
      8        1           858         97490
      9        1           851         83054
     10        2         20932         85901
     11        2         23486         81516
     12        1           683         93065
     13        2         24768         94581
     14        2         30037         88886
     15        1           693        103799
     16        2         27623         95153
     17        1          1100         82253
     18        2         23533         91684
     19        1           752         83669
     20        2         31111         84591
     21        2         25352         90441
     22        2         18511         90183
     23        2         28137         76569
     24        2         35272         81094
     25        2         24583         91011
     26        2         22132         83922
     27        2         19052         77467
     28        2         22491         91334
     29        2         24584        103925
     30        2         25430         82409
     31        2         35907         78500
     32        2         22065         93556
     33        2         26175         92035
     34        2         26343         99779
     35        2         41457         79839
     36        2         24014         94747
     37        2         22212         89063
     38        1           735         85645
     39        2         29920         83224
     40        2         25666         86127
     41        2         25237         78196
     42        2         35026         77484
     43        2         23416         85648
     44        2         25948         88877
     45        2         20539         77833
     46        2         28698         88044
     47        2         26184         94032
     48        2         24406         81203
     49        1           838         97838
