Attempt Distance          Time         TTime         RTime        RTTime
      0        2          2347          3319         23877          9202
      1        1            34          2236          6835          4213
      2        2           528          4194          4393          8843
      3        1            36          2062          9035          8846
      4        2          1172          1211          7739          4857
      5        2           914           779          4366          3986
      6        2           525          1689          6533          7425
      7        2           601          1679          5951          6042
      8        1            60          2083          8592         15945
      9        2          1148          2506          7815          6645
     10        2           517          1476         10647          7247
     11        2          2549          1366          8696          7878
     12        2          1048          1103          5498          6366
     13        2           799          1792          6357          7029
     14        2           858          1952          6300          7221
     15        2          2248          2202          7014         11218
     16        2           598          2815          8867          7352
     17        2           922          1734          8953          8924
     18        2          1787          1722          8315         11638
     19        1           206          2605          6226          7409
     20        2           514          2178          8153          5275
     21        2           409          3427          5988          5153
     22        1            42          2660          4169          4703
     23        1            37           851          3361          2938
     24        2           603          1009          5549          4956
     25        1            62           925          3052          5011
     26        2           357          1064          2330          3850
     27        2           460          2729          2869          4891
     28        2           781           745          4440          5680
     29        1            38           918          2927          3782
     30        2           412          1059          3126          4805
     31        2           363           762          3137          2758
     32        2           312          1418          3498          3227
     33        1            47           947          2871          4474
     34        2           496          1410          4701          4418
     35        2           441           855          3740          2957
     36        2           596           754          2663          2795
     37        1            26           779          2316          3648
     38        0             8          1178          4279          3479
     39        2           584           657          2697          5318
     40        2           511           891          3772          3366
     41        1            26          1336          2750          4983
     42        2           310           645          2197          3585
     43        1            34          1230          4943          3540
     44        2           437           841          4082          3524
     45        1            22           903          3403          3572
     46        2           525           786          3867          2151
     47        2           284          1232          2512          2090
     48        2           249           630          1747          2037
     49        2           256           717          2883          2119
