Attempt Distance          Time         TTime
      0        2           573          1617
      1        2           382          1424
      2        2           532          1850
      3        2           272          1196
      4        2           453          1455
      5        2           266          1514
      6        1            28          1083
      7        2           228          1463
      8        2           283          1274
      9        2           285          1383
     10        2           334          1307
     11        2           286          1379
     12        2           521          1548
     13        2           334          2697
     14        2           325          1562
     15        2           207           928
     16        1            32          1250
     17        2           239          1118
     18        2           215          1643
     19        2           458           946
     20        1            39          1151
     21        2           171          1076
     22        1            23          1038
     23        1            28          1110
     24        2           176           876
     25        2           197           984
     26        2           153           874
     27        2           213           944
     28        2           208           726
     29        2           177          1058
     30        2           297           949
     31        1            13           696
     32        2           213           952
     33        2           184           828
     34        2           211           820
     35        2           227           897
     36        2           163           779
     37        2           170           877
     38        2           198           790
     39        2           151           738
     40        1            16           722
     41        2           402          1347
     42        2           158           929
     43        2           164           731
     44        2           142           691
     45        2           179           821
     46        2           161           663
     47        2            94           577
     48        2            83           516
     49        2           171           689
Attempt Distance          Time         TTime
      0        2         50205         72094
      1        2         29912         93852
      2        2         28375         81132
      3        2         20148         81270
      4        2         25624         81688
      5        2         28125         99564
      6        1           989         77560
      7        2         24996         71196
      8        2         16321         82243
      9        2         15296         58848
     10        2         10869         56926
     11        2         11739         66456
     12        2         14619         62401
     13        2         11687         63230
     14        2         12038         73232
     15        2         10950         68009
     16        1           623         72958
     17        2         14129         80904
     18        2         10581         65186
     19        2         14863         64851
     20        1           464         83397
     21        2         17723         75112
     22        1           553         70920
     23        1           651         88663
     24        2         12168         71433
     25        2         13153         74489
     26        2         14210         99176
     27        2         47496         61635
     28        2         14995         67911
     29        2         15147         97207
     30        2         13132         80311
     31        1           648         85081
     32        2          8611         72731
     33        2         10691         59827
     34        2         13188         63820
     35        2         15177         67051
     36        2         16623         69178
     37        2         10410         55363
     38        2         10675         55205
     39        2         10753         69212
     40        1           390         64017
     41        2         12636         67996
     42        2         11280         77383
     43        2         11170         68813
     44        2         10924         70062
     45        2         12641         73616
     46        2         14709         61228
     47        2         10411         60450
     48        2         10052         76092
     49        2         15756         63914
Attempt Distance          Time         TTime
      0        2         14755         70489
      1        2         13006         72923
      2        2         11587         60905
      3        2         10275         74563
      4        2         13379         64277
      5        2         15206         69386
      6        1          1138         81805
      7        2         15115         70391
      8        2          9938         63537
      9        2         12222         71172
     10        2         11558         61649
     11        2         10576         67659
     12        2         24354         69501
     13        2         11158         64750
     14        2         10940         83813
     15        2         11007         80976
     16        1           575         56597
     17        2         12961         77013
     18        2          8590         64400
     19        2         12587         61763
     20        1           673         76309
     21        2         12204         62841
     22        1           755         65656
     23        1           765         76912
     24        2         11160         71190
     25        2         12735         80648
     26        2         11809         63780
     27        2         12199         62762
     28        2         14202         73421
     29        2         12313         67545
     30        2         11290         68128
     31        1           722         77775
     32        2          9945         62063
     33        2         11013         65421
     34        2         24554         61814
     35        2         13940         59580
     36        2         10525         81582
     37        2         13150         61632
     38        2         11574         60631
     39        2         13379         77026
     40        1           680         70918
     41        2         12041         65761
     42        2         11137         78191
     43        2         12162         71514
     44        2         10244         62288
     45        2         23364         65557
     46        2         12536         63116
     47        2          9411         72804
     48        2         10366         62090
     49        2         14812         63975
