Attempt Distance          Time         TTime
      0        2           543          2108
      1        2           637          1587
      2        2           269          1402
      3        2           379          1570
      4        2           261          1484
      5        2           427          1225
      6        2           562          1461
      7        2           364          1783
      8        2           390          1354
      9        2           275          1156
     10        2           351          1379
     11        2           239           991
     12        1            29           982
     13        2           311           916
     14        2           218          1147
     15        2           290          1129
     16        3          2379          1194
     17        2           214           808
     18        2           202           929
     19        1            32           968
     20        1            17           839
     21        2           163           694
     22        2           135           806
     23        3           867           611
     24        2           112           494
     25        2           122           596
     26        2           134           740
     27        2           220           651
     28        2            97           616
     29        2           106           521
     30        2           118           550
     31        2           145           615
     32        2           125           578
     33        1             8           543
     34        2           113           504
     35        2           134           664
     36        2           148           897
     37        2           131           662
     38        2           173           682
     39        2           106           543
     40        2           164           573
     41        2           128           631
     42        2           158           568
     43        2           158           569
     44        1            12           635
     45        1            13           799
     46        2           101           566
     47        2            84           596
     48        2           107           523
     49        2           112           521
Attempt Distance          Time         TTime
      0        2         40368         66413
      1        2         25930         82517
      2        2         21154         78602
      3        2         34298         72076
      4        2         16053         63553
      5        2         35362         87866
      6        2         23215         59314
      7        2         23832         71452
      8        2         22503         70512
      9        2         13359         54756
     10        2         10179         63476
     11        2         12084         75238
     12        1           496         65116
     13        2         11798         73576
     14        2         12482         68235
     15        2         15457         66939
     16        3         76822         77214
     17        2         14487         70378
     18        2         44474         70458
     19        1           483         75943
     20        1           547         66561
     21        2         14018         76692
     22        2         18630         73501
     23        3         75162         68028
     24        2         13609         75046
     25        2         13666         66693
     26        2         14574         68343
     27        2         15639         78307
     28        2          9991         64432
     29        2         12874         65135
     30        2         18207         75888
     31        2         12120         65259
     32        2         12251         68041
     33        1           409         61296
     34        2         12482         63083
     35        2         10022         73762
     36        2         12811         62988
     37        2         13596         63226
     38        2         13747         75349
     39        2         13460         71043
     40        2         16304         70872
     41        2         12494         89631
     42        2         15383         62675
     43        2         16702         71800
     44        1           436         67467
     45        1           439         68075
     46        2          9270         73325
     47        2          9627         65976
     48        2         12289         74218
     49        2         14729         67278
Attempt Distance          Time         TTime
      0        2         17241         74832
      1        2         11531         78731
      2        2         11148         64330
      3        2         11570         77704
      4        2          9680         66227
      5        2         18373         72154
      6        2         20578         67784
      7        2         12544         69676
      8        2         12411         75148
      9        2         10795         62731
     10        2          9458         67892
     11        2          9804         62496
     12        1           869         65473
     13        2         11511         74020
     14        2         10006         70139
     15        2         11835         73784
     16        3         60251         63402
     17        2         11472         72348
     18        2         12173         63502
     19        1           636         76529
     20        1           682         68444
     21        2         13126         65420
     22        2         22157         66592
     23        3         65044         72207
     24        2         10641         65834
     25        2         11485         79974
     26        2         13954         67426
     27        2         12871         64521
     28        2         10201         74428
     29        2         12050         62369
     30        2         11933         73356
     31        2         10213         61066
     32        2         11125         71225
     33        1           890         67759
     34        2         10973         69646
     35        2         10545         73118
     36        2         11845         65074
     37        2         13836         75159
     38        2         16483         65897
     39        2         11812         64425
     40        2         24242         66540
     41        2         11539         61397
     42        2         12424         73175
     43        2         16341         68852
     44        1           699         74876
     45        1           706         67015
     46        2          7986         62143
     47        2         20732         71438
     48        2         12052         67678
     49        2         12751         75025
