Attempt Distance          Time         TTime         RTime        RTTime
      0        3          1439          1450         30116         10046
      1        2           218           990         10485          9319
      2        4          3007           666          9494          3281
      3        3           264          6447          3597          7601
      4        1            37          1577          5642         10339
      5        3           355           861          4542          9259
      6        2            89           744          3144          4067
      7        2            60           617          3296          6633
      8        2            74           698          8411          5589
      9        3           912           723          4636          2739
     10        3           319           580          3188          2810
     11        3           209           672          2370          3576
     12        2            91           709          2692          4353
     13        3           634           633          2696          2467
     14        3           239           526          2491          9756
     15        3           118           418          2392          2380
     16        1            19           698          2381          2559
     17        3           304           842          1819          2646
     18        3           212           657          4784          4072
     19        3           147           471          2452          2497
     20        2            79           591          5691          3243
     21        3           586           732          2654          5430
     22        3           232           377          1908          2110
     23        3           152           613          2214          2791
     24        3           173          1093          2152          3466
     25        3           181           556          2580          2879
     26        3            95           338          2025          2453
     27        2            78           681          2619          2637
     28        4           418          1486          2360          2906
     29        3           125           757          2838          2460
     30        2            45           388          1324          1268
     31        3           413           426          2571          4607
     32        3           154           292          1875          2175
     33        3           123           319          1628          2103
     34        3           164           434          4497          2010
     35        3           145           436          1721          2616
     36        3           216           458          2345          2146
     37        3           271           797          8762          3243
     38        3           178          1578          8337          3027
     39        1            24          1316          2000          4186
     40        2            65           390          1624          1744
     41        3           145           641          1911          3263
     42        1            28           423          4176          2729
     43        3           494           342          1968          2047
     44        3           176           633          2128          4640
     45        3           903           317          1822          2083
     46        1            23           381          1743          1861
     47        2            92           525          2310          1892
     48        2            74           430          2097          1912
     49        3           167           417          1873          4163
