Attempt Distance          Time         TTime
      0        1           241          2688
      1        1            53          1705
      2        2           874          1251
      3        2           637          1592
      4        2           580          1649
      5        2           566          1229
      6        2           493          1190
      7        1            36          1558
      8        2           637          1855
      9        2           748          1946
     10        1           201          2364
     11        2           820          2026
     12        2           706          1544
     13        2           334           714
     14        2           252           661
     15        1            13           947
     16        1            20           733
     17        2           461          1034
     18        1            82          1071
     19        2           413          1022
     20        1            25          1625
     21        1            20          1303
     22        1            26          1082
     23        1            28           875
     24        1            16           733
     25        2           262           696
     26        1            14           683
     27        1            23           698
     28        1            16           699
     29        2           240           626
     30        1            15           625
     31        2           252           648
     32        2           246           624
     33        2           406           714
     34        2           225           620
     35        2           241           757
     36        0             1           839
     37        2           267           911
     38        1            15           663
     39        1            15           638
     40        1            20           720
     41        2           377           839
     42        2           295           640
     43        1            15           641
     44        2           214           845
     45        2           316           977
     46        2           293           934
     47        1            26          1142
     48        2           422           895
     49        2           277           779
Attempt Distance          Time         TTime
      0        1          5395        115184
      1        1          4244        113519
      2        2         99186        135446
      3        2         88793        111686
      4        2         75260        103040
      5        2         94004        112822
      6        2         85332         93638
      7        1           551        106143
      8        2         37277        107988
      9        2         39412        102413
     10        1           706        100158
     11        2         40111        103477
     12        2         36138        109628
     13        2         42724        109369
     14        2         45349        101863
     15        1           846        106647
     16        1           914        106410
     17        2         44154        104113
     18        1           691        104794
     19        2         41627        103669
     20        1           623        109199
     21        1           559        114337
     22        1           764        106296
     23        1           633        103949
     24        1           769        100057
     25        2         89322        103832
     26        1           658        112101
     27        1           640        105858
     28        1           711        104806
     29        2         42688        135532
     30        1           721        110617
     31        2         41965        107217
     32        2         36672         95872
     33        2         46635        100480
     34        2         33953        104115
     35        2         40250        100775
Standard and transitive algorithms inconsistent (0 != 2)
     37        2         33370         99568
     38        1           748        108895
     39        1           748        105756
     40        1           691        106980
     41        2         37556        102153
     42        2         73396        110406
     43        1           793        101717
     44        2         30342        106328
     45        2         39105        100397
     46        2         33590        103719
     47        1           706        105833
     48        2         31184        101773
     49        2         35894         95205
Attempt Distance          Time         TTime
      0        1          2669        103705
      1        1          1256        104124
      2        2         45879        102715
      3        2         33188         97599
      4        2         36202         98128
      5        2         35140        101887
      6        2         62468         97521
      7        1           748         96520
      8        2         29640         94307
      9        2         43262         97984
     10        1          1508        113926
     11        2         42423         90354
     12        2         31846         95227
     13        2         36371         97860
     14        2         46931        141888
     15        1           978        104638
     16        1           908        102556
     17        2         31656         96421
     18        1           923        107726
     19        2         38799         93450
     20        1           801         96345
     21        1           856         95915
     22        1          1020        107368
     23        1           877        103727
     24        1          1647         98082
     25        2         43884         92344
     26        1           973        103338
     27        1          1097        114614
     28        1          1062         98865
     29        2         43363        105608
     30        1          1031        109493
     31        2         40528        105606
     32        2         44765        103414
     33        2         48476         99034
     34        2         31556        114583
     35        2         63379         95588
Standard and transitive algorithms inconsistent (0 != 2)
     37        2         29365        102760
     38        1          1237        105937
     39        1          1025        102851
     40        1          1288        107231
     41        2         42993        113548
     42        2         55478        107028
     43        1          1038        110799
     44        2         33413        107879
     45        2         38217        110967
     46        2         50339         99670
     47        1           872        100006
     48        2         36429        105286
     49        2         40999        111584
