Attempt Distance          Time         TTime         RTime        RTTime
      0        2          1902          2008         30201          5661
      1        2          1417          2126          7187         11273
      2        2           512          2981          4327          8501
      3        1            43          2579         10296          6367
      4        1            35          2798          6910          6057
      5        2          1181          1355          8419          5956
      6        2          1612          1492          7499          8296
      7        2          1326           827          4108          3920
      8        2           867           952          9592          7225
      9        2           913          1161          8765          9035
     10        2           719          2391          7720          6151
     11        2           352          5333          5528          8734
     12        2           674          1155         12012          6382
     13        2          1020          1604          7948          7437
     14        2           701          4656          9381          7411
     15        2          1235          6377         14628          7937
     16        1            44          2447          4125          9352
     17        1            30          4548          3779          7010
     18        2           644          5393          4713          8064
     19        1            47          1699         14192         12596
     20        2           670          6371          4826          8555
     21        2           603          1593          8701          6105
     22        1          2415          2001          6478          7311
     23        2          1208          1635          6674          7412
     24        2          1635          1114          6457          8121
     25        1            61          2360          3916          9111
     26        2           623          2056          4858          7686
     27        2           802          2514          6205          8932
     28        2          1053          2144         10668          6601
     29        2           897          1477         10346          5726
     30        2          1260          1490          8554          4117
     31        2           895          3327          7997         10193
     32        2           760          1424          6972         11778
     33        2           697          5808          5114          6410
     34        2           523          3205          7259          6190
     35        2           839          1237          7692          5536
     36        2           965          1822          5952          6121
     37        2           658          1014          4841          3864
     38        1            26          1147          2790          6770
     39        1            52          1330          4387          7054
     40        2           717          2107          4808          7789
     41        2          1002          1085          3962          3635
     42        2           474           990          5153          5730
     43        1            40           896          2901          3337
     44        2          1004          2471          5246          5739
     45        1            55          1327          3318          4298
     46        1            26          1080          3062          5101
     47        2           704           800          2958          4177
     48        2           466          2347          4576          4254
     49        1            28          1427          2607          3469
