Attempt Distance          Time         TTime         RTime        RTTime
      0        2          1351          3762         23499         10473
      1        1            70          1319          8240          6148
      2        1            27          1365          6211          6908
      3        2           300          1570          8894          5312
      4        2          2032          1768          5975          4900
      5        2           505           835          2095          3777
      6        1            38           945          6523          3242
      7        2           388           564          2116          2400
      8        2           449           926          3940          3201
      9        2           372          1798          2722          3911
     10        2           209           560          1881          2336
     11        1            18           923          2390          3717
     12        2           401           703          3022          2987
     13        2           194           561          2171          3283
     14        2           337           504          2632          1707
     15        2           236           581          1455          1763
     16        2           276           744          1848          3836
     17        2           350           504          2106          2681
     18        2           230           534          1715          2271
     19        2           234          1557          4061          5072
     20        1            24           558          2874          2103
     21        2           192           543          4254          1842
     22        2           149           467          1435          1582
     23        2           164           541          1610          1636
     24        2           149          1824          1583          2959
     25        2           197           616          2407          2627
     26        2           193           532          1814          2179
     27        2           370           602          3128          1920
     28        2           169           464          1635          1581
     29        2           313           607          2307          3785
     30        2           417           467          2394          2382
     31        2           118           486          1255          1575
     32        2           142           539          1358          1545
     33        2           200           600          2200          1638
     34        2           151           482          1346          1611
     35        2           206           584          2729          1511
     36        2           217           937          1472          2602
     37        2           224           485          1847          1525
     38        2           203           433          1306          1651
     39        2           328           785          2290          4065
     40        2           170           713          2065          2667
     41        2           184           539          2645          1833
     42        2           190           628          3290          1825
     43        2           332           446          1659          1648
     44        1            13           430          1503          1632
     45        2           112           446          1506          2969
     46        2           184           479          2710          1695
     47        2           159           442          1407          1441
     48        2           191           418          1403          1567
     49        1            14           845          2414          2176
