Attempt Distance          Time         TTime
      0        2           388          1563
      1        2           179           835
      2        1            16          1397
      3        2           225          1190
      4        2           235          1149
      5        2           276           938
      6        2           274          1130
      7        2           199          1031
      8        2           223           990
      9        2           226           818
     10        2           180           535
     11        2           187           711
     12        2           112           673
     13        1            28           831
     14        2           161           751
     15        2            95           675
     16        2           141           722
     17        2           170           651
     18        2           164           654
     19        1            16           666
     20        2           107           747
     21        1            11           698
     22        2           127           665
     23        2           120           558
     24        2           121           518
     25        2            92           613
     26        2           100           594
     27        2           150           712
     28        2           174           807
     29        2           163           932
     30        2           114           575
     31        2           107           579
     32        2           129           514
     33        2           103           506
     34        2           110           486
     35        2           123           523
     36        2           114           496
     37        1            26           786
     38        1            21           814
     39        2           130           741
     40        2            83           554
     41        2           107           826
     42        2           130           520
     43        2            96           414
     44        2            87           449
     45        2            87           417
     46        2            77           376
     47        2            57           343
     48        2            59           332
     49        1             8           377
Attempt Distance          Time         TTime
      0        2         32129         71836
      1        2         21777         83875
      2        1          1161         91873
      3        2         18307         70773
      4        2         10593         69524
      5        2         22153         85382
      6        2         20129         83847
      7        2         16823        146375
      8        2         24305         72941
      9        2         21741         60506
     10        2         22947         77447
     11        2         21335         75732
     12        2         11271         62674
     13        1           681         63574
     14        2         13258         70655
     15        2          7931         64835
     16        2         11636         83127
     17        2         13420         82258
     18        2         11432         65399
     19        1           551         63200
     20        2          8687         60391
     21        1           401         78227
     22        2         11398         59518
     23        2         11795         70247
     24        2         14765         62991
     25        2          8982         80896
     26        2         10943         66107
     27        2         10006         67021
     28        2         13468         70167
     29        2         14798         71570
     30        2         24361         73117
     31        2         10767         69424
     32        2         11250         64446
     33        2         41775         66243
     34        2         12753         74165
     35        2         12866         59982
     36        2         10079         61387
     37        1           480         68298
     38        1           545         72501
     39        2         10016         94151
     40        2          7944         66323
     41        2         11032         68774
     42        2         11600         65448
     43        2          9375         80536
     44        2         14300         67657
     45        2         11947         65156
     46        2         12889         61822
     47        2          8494         74846
     48        2          9147         62599
     49        1           437         66515
Attempt Distance          Time         TTime
      0        2         16482         73033
      1        2         10700         65567
      2        1           716         80264
      3        2         10132         59929
      4        2          7253         63189
      5        2         10897         63542
      6        2          9704         82026
      7        2          7522         62886
      8        2          8842         65331
      9        2         11231         61387
     10        2         12189         75810
     11        2         13030         64260
     12        2          9193         76919
     13        1           968         73035
     14        2         10905         75841
     15        2          6164         54937
     16        2          8656         63606
     17        2         10376         67490
     18        2          9505         75951
     19        1           656         78780
     20        2         10079         65956
     21        1           725         62429
     22        2         10858         78744
     23        2         15355         65083
     24        2         11249         67645
     25        2          9755         67893
     26        2         10935         91713
     27        2         10678         64080
     28        2         10421         60362
     29        2         10130         60349
     30        2         10928         72906
     31        2          8528         57671
     32        2          9808         65295
     33        2         11624         61345
     34        2         12660         80782
     35        2         15342         64738
     36        2         11407         69746
     37        1           744         67920
     38        1           770         80141
     39        2          9912         71054
     40        2          9290         77146
     41        2         10998         67366
     42        2          9758         77841
     43        2          9219         70613
     44        2         11630         72254
     45        2         13257         63280
     46        2         10616         73191
     47        2          8585         63101
     48        2          8774         65264
     49        1           634         67274
