Attempt Distance          Time         TTime         RTime        RTTime
      0        2          1621          1441         21553          4948
      1        1            44          1650          7234          3634
      2        2           478          2001          6898          5596
      3        2           405          1042          4888          3905
      4        1            25           625          2240          3494
      5        2           541           902          3595          2774
      6        2           334           505          2462          5426
      7        2           563          1205          4863          4200
      8        2           331          1544          3840          5057
      9        2           248           971          5721          3065
     10        1            24           838          2507          2841
     11        1            21          1020          3931          3565
     12        1            44          1051          2501          4049
     13        1            60           578          3303          3040
     14        2           347          1329          5479          4303
     15        2           434           642          6416          2835
     16        2           477          1170          3696          4367
     17        1            27           515          2103          1930
     18        2           238          1642          3816          5973
     19        1            30           707          1984          3760
     20        2           438          1182          3717          3675
     21        2           399           645          2397          5048
     22        1            76          1034          2914          3278
     23        2           164           790          1932          4701
     24        1            26           451          1463          2130
     25        1            23           432          1256          1517
     26        2           120           433          1363          1616
     27        2           379           774          3647          2728
     28        1            18           457          1308          1662
     29        2           163           644          2107          2634
     30        2           358           784          2860          2208
     31        2           205           687          1561          1985
     32        2           181           455          1642          3435
     33        2           263           473          1730          2938
     34        1            24           674          1560          1879
     35        2           190          2687          1769          3225
     36        2           316           578          2038          2250
     37        1            21           625          1486          2740
     38        2           553           885          3910          1945
     39        1            25           801          1724          2674
     40        2           264          1235          5580          3903
     41        2           180           554          1674          1505
     42        2           182          1289          3329          3258
     43        2           276           784          1979          3979
     44        2           271          1338          4084          2568
     45        2           260           552          1883          2067
     46        2           163           456          1321          2339
     47        2           138           926          5178          1971
     48        2           446           987          2081          2723
     49        2           164          1327          4207          2676
