Attempt Distance          Time         TTime
      0        2           987          1773
      1        2           236          1258
      2        2           168           967
      3        2           139           966
      4        2           360          1195
      5        2           295          1320
      6        2           310          1381
      7        3           878          1025
      8        1            22          1398
      9        2           287          1312
     10        2           103           959
     11        2           177          1439
     12        2           224          1238
     13        1            30          1337
     14        2           186          1339
     15        2           318          1618
     16        1            37          1649
     17        2           243          1603
     18        1            34          1544
     19        2           268          1775
     20        2           385          1662
     21        2           185          1300
     22        2           251          1434
     23        2           276          1265
     24        2           308          1713
     25        3          1193          1267
     26        2           238          1962
     27        2           230          1271
     28        2           181          1230
     29        2           231          1042
     30        1            24          1001
     31        2           157          1013
     32        2           133          1124
     33        2           142           892
     34        2           113           790
     35        2           220           933
     36        2           149          1369
     37        2           276          1398
     38        2           238          1432
     39        3          1304          1458
     40        2           203          1497
     41        2           228          1443
     42        2           305          1523
     43        2           279          1000
     44        1            15          1012
     45        2           149           911
     46        3           862          1259
     47        2           953          1947
     48        2           221          2163
     49        2           334          3440
Attempt Distance          Time         TTime
      0        2         45303        108169
      1        2         54845        128936
      2        2         50800        134646
      3        2         25220         93627
      4        2         24298         77533
      5        2         22582        157837
      6        2         47361        103410
      7        3        112335         65171
      8        1           788         69987
      9        2         41531        118158
     10        2         14259         62617
     11        2         18671         52370
     12        2         16857        110411
     13        1           818         72952
     14        2         22366         88792
     15        2         16457         53001
     16        1           475         53453
     17        2          9779         50762
     18        1           604         74594
     19        2         10737         51444
     20        2         13239         52962
     21        2         12460         62604
     22        2         12544         88665
     23        2         12978         76000
     24        2         10993         58255
     25        3         67361         59719
     26        2          8494         72204
     27        2          8450         63071
     28        2         10005         59941
     29        2         11823         58311
     30        1           422         63727
     31        2          9944         85400
     32        2          8260         59307
     33        2         43787         58860
     34        2         10477         60765
     35        2         10439         90640
     36        2         12055         63836
     37        2         14278         69354
     38        2         12340         67864
     39        3         68800         79817
     40        2         10587         67757
     41        2          8523         54468
     42        2          8005         60061
     43        2          7362         73164
     44        1           486         66142
     45        2         11208         59055
     46        3         53121         55680
     47        2         14680         55655
     48        2          6236        107088
     49        2         10731         61812
