Attempt Distance          Time         TTime
      0        3           502          1365
      1        2           214          1137
      2        3           635           799
      3        2           117          1113
      4        2           189          2022
      5        1            38          1419
      6        3           510          1560
      7        2           152          1079
      8        2            74           906
      9        3           893           916
     10        2           111          3924
     11        3           659           966
     12        3           550           963
     13        3           793          1556
     14        2           532          1153
     15        2           113          1028
     16        3           426          1250
     17        2           131          1302
     18        2           117          1550
     19        3           628           914
     20        3           423           919
     21        2            63           884
     22        3           349           780
     23        3           397           803
     24        2            60           739
     25        3           247           695
     26        3           259           757
     27        2            87           756
     28        2           104           862
     29        3           376          1265
     30        1            44           897
     31        2            85           936
     32        2           106          1021
     33        3           333           814
     34        2            97          1008
     35        2           113           923
     36        3           411          1533
     37        3           448          1126
     38        3           623          1419
     39        3           294           676
     40        2           196           768
     41        3           218           655
     42        2            53           748
     43        3           516           785
     44        2            57          1108
     45        2           143          1346
     46        2           128          1334
     47        3           518           992
     48        3          4827           810
     49        1            46          3653
Attempt Distance          Time         TTime
      0        3         89672         59173
      1        2         20825         72610
      2        3        103566         78858
      3        2         11133         76721
      4        2          8808         64817
      5        1          1035         65233
      6        3         31946         89137
      7        2          5305         68097
      8        2          3824         47306
      9        3         37546         53576
     10        2          5703         56858
     11        3         44702         46895
     12        3         34525         53470
     13        3         27828         44911
     14        2          5286         52637
     15        2          4416         38877
     16        3         19208         45588
     17        2          3844         48508
     18        2          5519         59680
     19        3         26338         62697
     20        3         27527         48390
     21        2          2496         49054
     22        3         27132         61325
     23        3         26491         44160
     24        2          3234         38869
     25        3         19865         42050
     26        3         17912         35632
     27        2          6253         43681
     28        2          4983         42029
     29        3         16197         48543
     30        1           393         41794
     31        2          3804         42237
     32        2          4708         37953
     33        3         21038         42935
     34        2          9866         41523
     35        2          5280         38706
     36        3         19622         35055
     37        3         17833         50567
     38        3         25106         52919
     39        3         19334         36130
     40        2          5193         45075
     41        3         18093         38217
     42        2          1621         36102
     43        3         33523         40692
     44        2          2850         37922
     45        2          4025         63244
     46        2          3526         38793
     47        3         26472         35109
     48        3         17560         39073
     49        1           465         48617
Attempt Distance          Time         TTime
      0        3         16998         38677
      1        2          4590         40853
      2        3         23474         55184
      3        2          2901         51030
      4        2          5537         43600
      5        1           642         52074
      6        3         16920         44073
      7        2          1853         41963
      8        2          2947         55305
      9        3         22674         64907
     10        2          3959         55225
     11        3         24227         60892
     12        3         32069         52543
     13        3         21522         52681
     14        2          5721         55835
     15        2          4872         83445
     16        3         17680         63630
     17        2          3898         47708
     18        2          5113         44887
     19        3         24251         46652
     20        3         21203         55684
     21        2          3241         61589
     22        3         26218         57647
     23        3         21413         51223
     24        2          4932         50839
     25        3         15738         43740
     26        3         17158         45025
     27        2          4659         39416
     28        2          4943         49837
     29        3         28096         54184
     30        1           557         48940
     31        2          4329         45050
     32        2          4236         48537
     33        3         17491         42709
     34        2          3290         37350
     35        2          3709         53327
     36        3         16832         37264
     37        3         19223         51081
     38        3         24743         39429
     39        3         15829         36086
     40        2          4652         56779
     41        3         16649         68556
     42        2          2837         56487
     43        3         31621         42782
     44        2          3152         39279
     45        2          5029         48685
     46        2          3742         38368
     47        3         21295         41489
     48        3         24567         47660
     49        1           625         39678
