Attempt Distance          Time         TTime
      0        2          1036          1783
      1        2           580          1394
      2        2           578          1366
      3        2           390          1322
      4        2           729          1346
      5        2           407          1264
      6        1            23          1256
      7        2           439          1340
      8        1            51          1701
      9        2           515          1244
     10        2           356          1138
     11        2           345          1078
     12        2           436           981
     13        2           285          1046
     14        2           365           948
     15        1            27          1144
     16        1            15           960
     17        1            15          1016
     18        1            36          1156
     19        2           424          1219
     20        2           414          1197
     21        1            16           975
     22        1            13          1040
     23        2           363          1142
     24        1            12           790
     25        2           265           869
     26        2           227           877
     27        2           223          1081
     28        1            23          1686
     29        2           603          1226
     30        1            31          1369
     31        2           537          1309
     32        2           324          1048
     33        2           194           686
     34        2           277           776
     35        2           545          1305
     36        2           501          1285
     37        1            25           878
     38        2           232           935
     39        2           287           869
     40        2           218           973
     41        2           347           916
     42        2           363          1005
     43        2           237           834
     44        2           252           843
     45        1            20           939
     46        2           184          1021
     47        2           245           921
     48        2           182           797
     49        2           182           761
Attempt Distance          Time         TTime
      0        2         85403         96003
      1        2         61766         89348
      2        2         40384         91368
      3        2         40932         85605
      4        2         59164         93558
      5        2         42992        101897
      6        1           993         66199
      7        2         26081         86234
      8        1           590         91702
      9        2         30203         72627
     10        2         23684         92952
     11        2         25878         89215
     12        2         29968         76470
     13        2         21131         96877
     14        2         32635         94593
     15        1           669         99855
     16        1           645         87924
     17        1           493        101822
     18        1          1086        104941
     19        2         25156         99748
     20        2         22228         85819
     21        1           597         79231
     22        1           563         89994
     23        2         28582         85864
     24        1           733         99506
     25        2         76703         84158
     26        2         22899         94708
     27        2         22271         93882
     28        1           552         85229
     29        2         27756         89821
     30        1           509         91337
     31        2         25372         89471
     32        2         22098         74967
     33        2         27349         92061
     34        2         28888         92641
     35        2         24240         76680
     36        2         33740         83301
     37        1           521         93895
     38        2         26845         87108
     39        2         32269         82438
     40        2         21737         85389
     41        2         24648         90307
     42        2         26998         86157
     43        2         62004         86477
     44        2         24695         87683
     45        1           543         93829
     46        2         23373         89132
     47        2         26451         89977
     48        2         19404        101298
     49        2         21118        107138
Attempt Distance          Time         TTime
      0        2         31476         82335
      1        2         37119         76265
      2        2         20677         94845
      3        2         22174         92361
      4        2         26111         90864
      5        2         23446         91830
      6        1           812         81053
      7        2         36852         78386
      8        1           974        102591
      9        2         24912         88349
     10        2         21501         88293
     11        2         24389         87133
     12        2         29147         91710
     13        2         23638         97700
     14        2         30064         88274
     15        1           806         78550
     16        1           717         91013
     17        1          1038         90308
     18        1           773         94901
     19        2         22496         77522
     20        2         28982         86352
     21        1           941         90141
     22        1           720         90570
     23        2         30753         88197
     24        1           835         91226
     25        2         35245         79090
     26        2         40739         78262
     27        2         30040         78731
     28        1          1364        114586
     29        2         30107         90963
     30        1           828         87973
     31        2         25924         89181
     32        2         21242         80856
     33        2         35186         85518
     34        2         38989         85221
     35        2         35762         81039
     36        2         29666        101133
     37        1           816         87804
     38        2         24076        100241
     39        2         29031         91415
     40        2         22011         88057
     41        2         25872         81496
     42        2         28031         94546
     43        2         24204         94785
     44        2         25219         71962
     45        1           719         86109
     46        2         20731         82255
     47        2         20866         81299
     48        2         20382         81143
     49        2         24716         87118
