Attempt Distance          Time         TTime
      0        2          1437          3340
      1        2           859          2613
      2        1            51          1979
      3        1            44          1408
      4        2           750          1523
      5        2           813          1893
      6        2           722          1842
      7        2           864          1519
      8        2           580          1123
      9        2           369          1010
     10        2           357           837
     11        2           332           923
     12        2           321           914
     13        2           317           651
     14        2           307           771
     15        2           321           691
     16        1            18           744
     17        2           214           674
     18        1            16           633
     19        1            17           649
     20        2           280           878
     21        1            20           763
     22        2           333           989
     23        1            29          1107
     24        2           343           802
     25        1            30          1664
     26        2           414          1029
     27        1            32           990
     28        1            42           914
     29        2           244           605
     30        2           353           749
     31        2           184           628
     32        1            12           548
     33        1            14           683
     34        1            12           675
     35        2           200           602
     36        2           211           572
     37        1            12           543
     38        2           220           600
     39        2           251           752
     40        2           193           601
     41        1            14           552
     42        2           316           616
     43        2           235           579
     44        1            27           819
     45        1            14           740
     46        2           175           513
     47        1            16           537
     48        2           200           525
     49        1            25           596
Attempt Distance          Time         TTime
      0        2         97075        134599
      1        2         71895        107537
      2        1          1113        138554
      3        1          2364        111741
      4        2        109575        101456
      5        2         73811        125639
      6        2         33179         87431
      7        2         42817         91527
      8        2        110901        132372
      9        2         54288        209201
     10        2         28755         79226
     11        2         36104         99539
     12        2         47928        115150
     13        2         56664        155920
     14        2         36616         91276
     15        2         33999         93218
     16        1           915         98146
     17        2         39288        166489
     18        1           804         99956
     19        1           528         88684
     20        2         35050         99222
     21        1           688        152829
     22        2         80627         91228
     23        1           647         90358
     24        2         39480        128404
     25        1          1119        124518
     26        2         30610         80727
     27        1           476         85059
     28        1           451         88411
     29        2         39248        120365
     30        2         35682        100496
     31        2         36006        108760
     32        1           612         91489
     33        1           503        136342
     34        1           822        116004
     35        2         37906         93257
     36        2         35007         85425
     37        1           607        123267
     38        2         60360        154870
     39        2         36835        107162
     40        2         29498        102838
     41        1          1047        105924
     42        2         95910        100688
     43        2         24867        112164
     44        1          1071        122723
     45        1           655        118878
     46        2         45087        157773
     47        1           537        114245
     48        2         47630        121718
     49        1           713        123164
