Attempt Distance          Time         TTime
      0        4           537           871
      1        3           199           563
      2        3           238           452
      3        3            69           231
      4        3           174           470
      5        3           147           318
      6        2            45           435
      7        4           614           640
      8        4           437           448
      9       -1            14            11
     10        4           584           524
     11        3           153           532
     12        4           562           551
     13        2            55           516
     14        3           185           391
     15        3           117           369
     16        3           160           560
     17        2           107           551
     18        3           227           562
     19        2           155           827
     20        3           110           503
     21        3           151           434
     22        4           702           500
     23        4           438           560
     24        3           201           427
     25        3           206           486
     26        3           128           402
     27        2            60           515
     28        4           454           366
     29        5           229         30241
     30        1            16           350
     31        3           170           418
     32        4           485           265
     33        3           149           421
     34        3           113           281
     35        4           342           295
     36        1            24           427
     37        2           113           742
     38        3           263           475
     39        3           193           511
     40        4           487           282
     41        4           382           380
     42        3           151           331
     43        2            81           398
     44        3           167           319
     45        4           275           268
     46        2            23           260
     47        4           336           270
     48        4           254           248
     49        4           290           675
Attempt Distance          Time         TTime
      0        4        160046         34760
      1        3         25495         52433
      2        3         38172         40462
      3        3          8966         22524
      4        3         23354         44000
      5        3         18812         32654
      6        2          6173         37223
      7        4         47465         31045
      8        4         54193         46683
      9       -1           670           520
     10        4         77062         42842
     11        3         17777         35827
     12        4         67938         35223
     13        2          1912         30159
     14        3         18133         36129
     15        3         16534         32456
     16        3         21901         46678
     17        2          3426         35554
     18        3         13768         35627
     19        2          4018         35580
     20        3          6213         26109
     21        3         13037         30590
     22        4         42461         29235
     23        4         36379         29724
     24        3         14404         29377
     25        3         16895         38986
     26        3         14765         40316
     27        2          2982         44390
     28        4         50850         80298
     29        5         50455       3054238
     30        1           420         36719
     31        3         12086         40395
     32        4        118124         35629
     33        3         17078         27904
     34        3          8854         31276
     35        4         44192         36171
     36        1           409         37860
     37        2          4007         38064
     38        3          7973         25807
     39        3          6165         31536
     40        4         37462         28025
     41        4         57891         31901
     42        3         12834         56245
     43        2          5083         55473
     44        3         23748         52884
     45        4         47495         33897
     46        2          3321         42374
     47        4         43039         34885
     48        4         38771         33692
     49        4         32001         33589
