Attempt Distance          Time         TTime         RTime        RTTime
      0        4          1084           669         31836          8598
      1        5           828         15483          3796          7134
      2        2           147           396          3172          1779
      3        5           340         22439          3241          5176
      4        5           412          8640          3910          4869
      5        4           337           228          5894          2575
      6       -1           471         14769          2551          7690
      7        4           104           113          1796          1301
      8        6           225          8439          2629          6407
      9        6           559         13656          4273         10497
     10       -1           299         11074          2042          8256
     11        4           166           128          2793          4651
     12        7           350          3963          2701         10719
     13        4           294           141          3483          3733
     14        5           192          4684          1880          6448
     15        7           263           910          3057          2030
     16        5           180          8558          1909          7461
     17        5           206          3732          2678          4753
     18        4            69            74          1384          1797
     19        2            79           121          2028          2873
     20        2            47           127          3394          3339
     21        4            89            97          1727          3525
     22        4           338           185          7054          1917
     23        4           105           149          2391          2014
     24        4           135           227          3268          4622
     25        4           110           121          3633          4663
     26        4            98           161          2543          4643
     27        4           174           138          2076          3672
     28        7          6255         16394          2870          5408
     29        6          1053          2622          8198         10790
     30       -1            18            14          1681          2005
     31        4           142            73          2031          1905
     32        6           197          2474          7912          3479
     33        4           151            98          2416          7357
     34        6           239          4135          3326          8614
     35        3            62            76          1309          1722
     36        4            90            66          1959          4293
     37        3           128           110          5133          1643
     38       -1           249         10866          2452          9069
     39        3            81           104          5686          6434
     40        4           126            88          8707          2768
     41        5           197          4801          2425         10508
     42        3            56           110          5237          3586
     43        5            97          1217          2675          3100
     44        3            52           130          2099          4637
     45        4           164            92          3357          3122
     46        6           274          8995          4456         10127
     47        3            68           132          2734          2058
     48        4           103           101          1896         10424
     49        2            22            75          1706          1535
