Attempt Distance          Time         TTime         RTime        RTTime
      0        2          1783          2426         25498          6790
      1        1            40          1815          7348          5243
      2        2           781          1413          9542          9071
      3        2           696          2820          5332          8043
      4        1            62           854          4919          2545
      5        2          1151           768          3487          4716
      6        2           554           686          2210          7893
      7        2          2174          4612          4136          4944
      8        2           570          1014          3524         10304
      9        1            45          1402          3472          6886
     10        2           562          1017          3494          2764
     11        2           346          1814          5411          4223
     12        2           459          1792          3160          6881
     13        2           473           772          2648          2572
     14        1            29          5354          3561          4094
     15        1            88           640          1876          3735
     16        1            38           743          2080          2784
     17        2           279           618          1858          2256
     18        2           383          1820          3506          3402
     19        2           313           911          2093          3720
     20        2           290          1287          5673          3860
     21        2           337           674          2478          5018
     22        1            83          1000          3852          3750
     23        2           408          1449          2849          5427
     24        1            38          1395          5451          6197
     25        2           686           853          3051          3563
     26        1            26           609          1722          3296
     27        2           673          1456          2466          3691
     28        1            25           627          2036          6945
     29        2           699          1012          3562          3678
     30        2           391          1513          5521          4772
     31        2           417          1317          2983          6016
     32        2           352           836          3697          3628
     33        2           563           950          4053          3014
     34        2           312           728          2113          3748
     35        2           348          2116          3460          4814
     36        0             4          1008          2218          3286
     37        2          1354          1648          4903          4093
     38        1            29          1705          5459          2795
     39        1            37           719          3041          2071
     40        2           252          1043          5270          3915
     41        2           789           747          4568          5599
     42        2           455           976          2156          3589
     43        2           576          1940          4263          2471
     44        1            22           938          2004          3229
     45        1            34          1987          6349          4230
     46        2           704           671          3391          2745
     47        2           540          1161          3236          2657
     48        2           350           620          1914          2392
     49        2           925           776          4548          3108
