Attempt Distance          Time         TTime
      0        2           842          2796
      1        1            51          2315
      2        0             5          2071
      3        2           428          1804
      4        2           452          1832
      5        1            30          1939
      6        1            40          1583
      7        2           443          1504
      8        2           460          1270
      9        2           527          1799
     10        1            32          1638
     11        1            38          1514
     12        2           429          1555
     13        2           375          1385
     14        2           343          1433
     15        2           327          1438
     16        2           332          1301
     17        1            26          1372
     18        2           480          1749
     19        1            52          1736
     20        1            95          1240
     21        1            14           830
     22        1            17           713
     23        1            13           715
     24        1            13           770
     25        2           153           946
     26        2           369           991
     27        1            24          1069
     28        2           291          1000
     29        2           197           867
     30        1            10           572
     31        2           169           645
     32        2           142           640
     33        1            21           854
     34        2           194           789
     35        2           187           609
     36        2           153           582
     37        1            10           517
     38        1            10           597
     39        2           134           581
     40        1             9           519
     41        2           108           481
     42        2           154           566
     43        2           173           622
     44        2           143           605
     45        2           118           627
     46        2           105           650
     47        2           132           547
     48        2           164           747
     49        2           152           646
Attempt Distance          Time         TTime
      0        2         38798         77868
      1        1          1035         77895
Standard and transitive algorithms inconsistent (0 != 2)
      3        2         32141         96089
      4        2         40689         83123
      5        1           969         84904
      6        1          1090         70778
      7        2         32979         83045
      8        2         32657         71931
      9        2         21112         74835
     10        1           521         69312
     11        1           547         78780
     12        2         18367         69765
     13        2         16609         64210
     14        2         17796         82892
     15        2         37176         66877
     16        2         18392         77608
     17        1           523         66774
     18        2         15922         79155
     19        1           625         73015
     20        1           547         87560
     21        1           624         74019
     22        1           452         81944
     23        1           600         71795
     24        1           453         80269
     25        2         13418         73455
     26        2         13778         71909
     27        1           539         87420
     28        2         14303         67499
     29        2         17746         82551
     30        1           594         73892
     31        2         24423         83742
     32        2         22625         91146
     33        1           545         94811
     34        2         21302         76895
     35        2         20714         92742
     36        2         19344         72707
     37        1           559         96774
     38        1           902         94006
     39        2         23168         76749
     40        1           970         75027
     41        2         19061        101454
     42        2         22993         82791
     43        2         20022         72405
     44        2         17276         82827
     45        2         18201         81331
     46        2         14318         82756
     47        2         15281         75617
     48        2         19935         94242
     49        2         19673         81403
Attempt Distance          Time         TTime
      0        2         18037        104820
      1        1           843         76045
Standard and transitive algorithms inconsistent (0 != 2)
      3        2         16131         72657
      4        2         15884         81067
      5        1          1036         74707
      6        1          1023         82363
      7        2         17155         73142
      8        2         26851         82237
      9        2         19795         81257
     10        1           788         76032
     11        1           666         80403
     12        2         27536         86097
     13        2         16294         80411
     14        2         19643         67900
     15        2         13563         83373
     16        2         15954         69704
     17        1           937         81495
     18        2         16643         85128
     19        1           902         92793
     20        1           737         74646
     21        1           768         83623
     22        1           773         76165
     23        1           871         84718
     24        1           836         72421
     25        2         13155         84851
     26        2         12936         69873
     27        1           778         83133
     28        2         15224         69349
     29        2         15420        108797
     30        1           883         76626
     31        2         18256         85458
     32        2         15686         72629
     33        1           810         84811
     34        2         19690         79585
     35        2         17932         71831
     36        2         21066        102274
     37        1           797         73238
     38        1           832         84507
     39        2         17355         72504
     40        1          1068         84381
     41        2         15111         68168
     42        2         20612         81385
     43        2         18738         66172
     44        2         29071         76303
     45        2         15276         91667
     46        2         16477         76027
     47        2         13923         76724
     48        2         14232         62523
     49        2         15048         90499
