Attempt Distance          Time         TTime
      0        2          1124          2631
      1        1            23          1703
      2        2           389          1310
      3        2           389          1447
      4        2           519          1705
      5        2           387          1891
      6        2           626          1645
      7        1            26          1869
      8        2           733          1340
      9        2           382          1118
     10        1            48          1049
     11        1            15           990
     12        1            23          1126
     13        2           344          1067
     14        2           348          1056
     15        2           261           957
     16        2           240           823
     17        2           199           877
     18        2           232          1163
     19        2           329          1105
     20        2           276           909
     21        2           185           929
     22        2           249           930
     23        1            30          1207
     24        2           303          1177
     25        2           401          1298
     26        2           408          1558
     27        2           336           942
     28        2           221           895
     29        2           256           828
     30        2           119          1000
     31        2           181           674
     32        2           159           690
     33        2           211           657
     34        2           176           599
     35        2           204           605
     36        2           142           763
     37        2           158           703
     38        2           166           745
     39        2           203           657
     40        2           202           830
     41        2           306          1294
     42        2           254           969
     43        2           212           980
     44        2           216           876
     45        2           209           916
     46        2           326           981
     47        2           189          1025
     48        2           167           635
     49        2           214           827
Attempt Distance          Time         TTime
      0        2         50362         97423
      1        1          1075         88409
      2        2         44327         84693
      3        2         33407         88413
      4        2         61333         83313
      5        2         30431         93524
      6        2         43101         81067
      7        1           704         91684
      8        2         22885         80025
      9        2         26084         78606
     10        1           798         87895
     11        1           777         72546
     12        1           750         85398
     13        2         27308         94355
     14        2         22028         88459
     15        2         21117         83761
     16        2         20766         73877
     17        2         27605        105067
     18        2         18912         75530
     19        2         30992        113665
     20        2         24673         91068
     21        2         24658         86179
     22        2         19788         88504
     23        1           540         77990
     24        2         27690         87272
     25        2         24619         72348
     26        2         29300         86858
     27        2         21578         86827
     28        2         17232         76198
     29        2         24825         87829
     30        2         15498         95690
     31        2         41385        123381
     32        2         29003         97172
     33        2         20435         82541
     34        2         21485         83363
     35        2         23475         74546
     36        2         17411         84488
     37        2         16096         87060
     38        2         17952         76896
     39        2         21961         88231
     40        2         20829         74088
     41        2         22911         86696
     42        2         20400         88052
     43        2         17557         78639
     44        2         19172         89466
     45        2         20919         89028
     46        2         31880         82441
     47        2         19015         89766
     48        2         18295         72663
     49        2         18972         88739
Attempt Distance          Time         TTime
      0        2         22239         86305
      1        1           922         83322
      2        2         29679         76632
      3        2         17492         77792
      4        2         19220         79815
      5        2         15547         68613
      6        2         21815         79498
      7        1           813         92835
      8        2         29443         73458
      9        2         31479         68624
     10        1           842         79696
     11        1           875         64331
     12        1           725         77796
     13        2         24998         94954
     14        2         21787         60536
     15        2         27186         62682
     16        2         19320         81337
     17        2         18593         81933
     18        2         16581         80014
     19        2         21678        104505
     20        2         25549         82469
     21        2         19758         83674
     22        2         16338         80931
     23        1          1038         89140
     24        2         24679         94823
     25        2         21617         75322
     26        2         19444         74400
     27        2         19021         99381
     28        2         18089         78818
     29        2         20479         74005
     30        2         20500         81974
     31        2         42630         90989
     32        2         23813        108069
     33        2         20628         75710
     34        2         20682         99568
     35        2         24642         77908
     36        2         17865         73759
     37        2         15910         85988
     38        2         36930         76019
     39        2         19254         75419
     40        2         20234         75804
     41        2         22871         97738
     42        2         21572         75149
     43        2         17148         74312
     44        2         18792         79973
     45        2         29263         87867
     46        2         23639         68297
     47        2         20135         70628
     48        2         16817         99078
     49        2         19028         78551
