Attempt Distance          Time         TTime         RTime        RTTime
      0        2          2149          1324         27033          5065
      1        2           241          1132         10668          4867
      2        3           683          1318          4447          3702
      3        3           750           993          6564          9093
      4        2           223          1081          4567          4384
      5        1            29          1352          2925          3673
      6        2           170          1852          8480          3529
      7        3          1211          2065          5364          5738
      8        2           271           622         26579          4864
      9        2           188           633          5353          9946
     10        2           164           778          6366          4316
     11        2           235          5315          3688          4385
     12        2           233           721         11838          3086
     13        2           130          1093          8598          4416
     14        1            36           769          2737         12122
     15        2           129           621          2719          4574
     16        2           160           467          4130          7475
     17        2           159           912          2634          4417
     18        3           378          1283          9907         24139
     19        2           115           621          6417         18710
     20        2           116           778          3891         12830
     21        2           151          2681          3817          8970
     22        2           326          1067          7985          7902
     23        2           129           734          4870          3411
     24        2           172           608         11079          3022
     25        2            97           999          3331          7095
     26        2           276           829          2720          2728
     27        2           110           719          2046          8870
     28        2            86           573          2013          3311
     29        2           192          1009          9256          2707
     30        2           109           804          6653          3655
     31        2           760           661          2940          2501
     32        2           199           313          2700          1485
     33        3           232           297          1079          1580
     34        1            29           295          1291          2893
     35        2           900           479          6934          1256
     36        2            70           324          1122          1762
     37        2            63          2878          5980          2033
     38        2           112           287          1877          1490
     39        2           164          1560          3214          5551
     40        2           124          1938          3123          8527
     41        2           112           378          2098          2436
     42        2           101          2341          2131          6738
     43        2            85           390          2191          1644
     44        3           474          1075          4142          2267
     45        3           420           347          1729          1627
     46        3           176           841          1988          1988
     47        2           184           621          3646          2431
     48        2           131           280          1165          1254
     49        2           120           401          1872          1561
