Attempt Distance          Time         TTime
      0        2           809          2087
      1        2           370          1326
      2        2           392          1417
      3        1            36          1548
      4        1            25          1283
      5        2           577          1867
      6        2           604          1949
      7        1            26          1736
      8        2           670          1368
      9        1            32          1521
     10        1            27          1277
     11        2           454          1032
     12        2           226          1058
     13        2           278           852
     14        2           213           793
     15        2           180           734
     16        2           202           689
     17        2           209           688
     18        2           199           707
     19        2           278           816
     20        2           190          1001
     21        1            14           948
     22        2           285          1429
     23        2           607          1781
     24        2           348          1262
     25        2           286          1051
     26        2           215           806
     27        2           296           958
     28        2           188           891
     29        2           283           811
     30        1            14           899
     31        2           151           814
     32        2           232           763
     33        2           302           839
     34        2           259           758
     35        2           201           713
     36        2           238           786
     37        2           236           817
     38        2           191           820
     39        2           186           728
     40        2           167           662
     41        2           171           561
     42        2           161           627
     43        2           235           769
     44        2           184           628
     45        2           129           582
     46        2           160           563
     47        2           140           537
     48        2           156           807
     49        2           246           702
Attempt Distance          Time         TTime
      0        2         51312         96575
      1        2         42166         97453
      2        2         39371        106401
      3        1          1238         86980
      4        1           870         96359
      5        2         51236         77960
      6        2         37168         90723
      7        1           701         72293
      8        2         42394         76183
      9        1           495         92779
     10        1           715         84694
     11        2         28112         86405
     12        2         23492         80083
     13        2         21183         89976
     14        2         24079         74357
     15        2         22026         87564
     16        2         21766         87479
     17        2         27463         77553
     18        2         24397         86680
     19        2         24903         74820
     20        2         21554         93688
     21        1           622         71832
     22        2         16698         71507
     23        2         29124         82715
     24        2         21900         78377
     25        2         24175         82940
     26        2         23709         75164
     27        2         26890        114831
     28        2         24399         73153
     29        2         69449         79549
     30        1           706         77323
     31        2         15478         72282
     32        2         25608         78107
     33        2         22367         64014
     34        2         21811         89135
     35        2         23553         79276
     36        2         22911         82703
     37        2         20674         67227
     38        2         20339         70748
     39        2         22224        102464
     40        2         21572         73439
     41        2         24616         95017
     42        2         20278         77973
     43        2         27392         93677
     44        2         23875         74309
     45        2         19978         88932
     46        2         27336         78371
     47        2         21818         84798
     48        2         22674         85010
     49        2         27254         93350
