Attempt Distance          Time         TTime
      0        3           829          1013
      1        3           537           751
      2        3           446          1018
      3        2           101           544
      4        3           305           722
      5        3           431           967
      6        3           431           922
      7        3           430           915
      8        3           399           886
      9        3           412           892
     10        3           452          1045
     11        2           259          1069
     12        3           284           839
     13        3           468           847
     14        1            22           943
     15        3           548           784
     16        2            79          1019
     17        4          1001          1090
     18        4           954           958
     19        3           410           778
     20        2            79           857
     21        3           427           732
     22        3           389           717
     23        3           375           600
     24        3           405          1392
     25        2            73          1137
     26        3           426          1232
     27        3           802           775
     28        3           372           663
     29        2            86           650
     30        3           497           980
     31        2           166          1136
     32        3           415           955
     33        3           315           895
     34        2           147          1181
     35        3           817          1011
     36        2           117          1073
     37        3           624          1079
     38        2           125           718
     39        3           334           579
     40        3           227           642
     41        3           206           659
     42        3           469           656
     43        3           301           579
     44        2            44           580
     45        1            43           586
     46        3           253         10822
     47        1            28           267
     48        3            78           216
     49        3            68           188
Attempt Distance          Time         TTime
      0        3         90317         78454
      1        3         66600         56309
      2        3         44315         56553
      3        2          6587         57896
      4        3         37099         50357
      5        3         29205         55533
      6        3         35440         58358
      7        3         54007         48825
      8        3         28546         47868
      9        3         27772         50421
     10        3         27313         46683
     11        2          6551         48311
     12        3         17183         41554
     13        3         23876         47455
     14        1           425         61481
     15        3         33830         52906
     16        2          3655         46687
     17        4         70210         41373
     18        4         50738         44075
     19        3         24667         51326
     20        2          3024         66060
     21        3         32623         47163
     22        3         28793         46799
     23        3         24576         40492
     24        3         24373         45611
     25        2          2852         49674
     26        3         24338         45035
     27        3         33295         62281
     28        3         22665         49617
     29        2          4663         40586
     30        3         33643         42795
     31        2          4048         46807
     32        3         22018         41015
     33        3         51178         65040
     34        2          4599         48028
     35        3         31099         51596
     36        2          4605         40538
     37        3         26883         42874
     38        2          4458         50551
     39        3         18791         42856
     40        3         19398         57519
     41        3         20817         53830
     42        3         28431         49738
     43        3         20183         43118
     44        2          1680         49105
     45        1           338         46690
     46        3         21754         49029
     47        1           339         59813
     48        3         19913         50063
     49        3         12083         38284
Attempt Distance          Time         TTime
      0        3         32818         52878
      1        3         22164         40971
      2        3         23760         58292
      3        2          4045         48400
      4        3         23450         40137
      5        3         19578         39820
      6        3         16285         38026
      7        3         22117         50668
      8        3         18769         42709
      9        3         15740         44161
     10        3         21878         42159
     11        2          4898         34399
     12        3         15770         51251
     13        3         37810         52137
     14        1           610         58557
     15        3         25571         49509
     16        2          4024         55099
     17        4         61077         77301
     18        4         61855         46310
     19        3         22386         58900
     20        2          3156         56464
     21        3         29845         49830
     22        3         26259         60920
     23        3         32793         71599
     24        3         26287         49186
     25        2          2231         47134
     26        3         26477         56956
     27        3         39856         58794
     28        3         25879         83440
     29        2          6055         59835
     30        3         27524         64258
     31        2          4907         64080
     32        3         19251         66597
     33        3         27478         74052
     34        2          9843         52240
     35        3         30660         47850
     36        2          4300         46852
     37        3         28367         59334
     38        2          9373         74664
     39        3         21485         63045
     40        3         20175         54520
     41        3         21424         50888
     42        3         32761         55160
     43        3         38851         60155
     44        2          2679         66184
     45        1           477         52501
     46        3         21166         46691
     47        1           706         46693
     48        3         23470         48316
     49        3         12427         37921
