Attempt Distance          Time         TTime         RTime        RTTime
      0        2          2926          2795         42616          8577
      1        2           569          1157         11738          4275
      2        2           473          1141          4051          3775
      3        2           274          1470          7095          5417
      4        2           519          1421          5046          7298
      5        2           485          1282          3305          4818
      6        2           241           743          3358          5474
      7        2           212          1137          4397          4297
      8        2           293          1162          7496          5840
      9        2           300          1736          7325          6399
     10        2           307          1461          5408          5381
     11        2           340          1322          4744          3439
     12        2           246           797          3213          4226
     13        1            44          1157          3801          7335
     14        1            35           949          3460          4897
     15        2           194           617          2036          2488
     16        2           154           748          1764          4860
     17        2           334           869          3951          2537
     18        2           218           674          3235          5156
     19        2           235          1112          3053          5802
     20        2           409           783          6621          3016
     21        2           275           869          3310          5091
     22        2           208           525          2347          2470
     23        1            34          1351          2616          5024
     24        2           255          1091          3035          2919
     25        2           200           601          2348          2491
     26        1            37           528          2333          1895
     27        2           345           606          1738          2564
     28        2           250          1533          5710          4696
     29        2           376          1077          2642          3424
     30        1            37           466          2190          1675
     31        2           142           443          1997          1733
     32        2           155           496          2296          2637
     33        2           382           621          2829          2133
     34        2           252           474          2060          2335
     35        1            19           620          2237          3653
     36        2           281           852          2143          2787
     37        2           184           532          1643          9966
     38        2           351           660          2670          2468
     39        2           197           434          1644          6024
     40        2           180           492          1793          1983
     41        2           193           443          1630          1651
     42        2           161          1785          4710          3799
     43        2           684          1002          2980          3340
     44        2           427           972          3784          2795
     45        2           237           731          2310          5342
     46        2           456           481          4032          1723
     47        2           122           458          1769          1781
     48        0             3          1556          1249          5165
     49        1            19           484          1505          1851
