Attempt Distance          Time         TTime
      0        1           150          1875
      1        2           214          1012
      2        2           353          1145
      3        2           259          1075
      4        2           265           903
      5        2           192           748
      6        2           269           781
      7        2           222          1002
      8        2           468          1291
      9        2           335          1375
     10        2           270          1114
     11        1            23          1336
     12        2           248           780
     13        2           156           659
     14        2           104           493
     15        2            95           432
     16        2           181           472
     17        2           159           620
     18        1            13           584
     19        2           153           778
     20        2           152           635
     21        2           150           654
     22        2           100           497
     23        2           129           437
     24        2            69           428
     25        2           132           578
     26        2           136           684
     27        2           158           638
     28        2           109           584
     29        2           111           489
     30        2            75           450
     31        2           124           532
     32        2           113           462
     33        2           103           419
     34        2            68           418
     35        1             6           441
     36        2            87           427
     37        1            10           617
     38        2           142           908
     39        2           146           850
     40        1            21           813
     41        2           146           706
     42        1            18           764
     43        2           124           626
     44        2            89           507
     45        2           110          1018
     46        2           165           689
     47        2           126           554
     48        2            95           445
     49        2           107           477
Attempt Distance          Time         TTime
      0        1          3824         68841
      1        2         32313         81745
      2        2         26641         80332
      3        2         25366         86771
      4        2         30869         81983
      5        2         24347         70046
      6        2         33331         73307
      7        2         17244         72950
      8        2         20758         72546
      9        2         16657         65073
     10        2         15416         70714
     11        1           549         79392
     12        2         15936         63613
     13        2         11979         74062
     14        2         12884         71892
     15        2         12927         69637
     16        2         13808         76578
     17        2         14919         66122
     18        1           570         77930
     19        2         14412         96776
     20        2         17960         71820
     21        2         13359         73926
     22        2         13549         73630
     23        2         13971         66454
     24        2         11508         89642
     25        2         17998         80762
     26        2         15041         70113
     27        2         12317         79566
     28        2         12526         81000
     29        2         17925         77569
     30        2         12172         76012
     31        2         12190         72764
     32        2         18648         65760
     33        2         19413         70456
     34        2         10990         72890
     35        1           377         71951
     36        2         18281         69712
     37        1           676         78198
     38        2         10822         70372
     39        2         13573         83881
     40        1           690         89729
     41        2         13273         70357
     42        1           623         71107
     43        2         10759         70840
     44        2         12201         74514
     45        2         15255         68436
     46        2         13655         72450
     47        2         10892         74834
     48        2         14110         63426
     49        2         12026         68542
Attempt Distance          Time         TTime
      0        1          1287         86468
      1        2         14666         76920
      2        2         12551         84632
      3        2         14258         83467
      4        2         15852         81586
      5        2         12934         67721
      6        2         25575         67185
      7        2         11459         73955
      8        2         16182         71061
      9        2         15332         70236
     10        2         14986         81794
     11        1           670         75364
     12        2         17731         80849
     13        2         11854         71238
     14        2         12811         71267
     15        2         13036         72010
     16        2         13731         66590
     17        2         20945         63198
     18        1           751         76428
     19        2         12560         70971
     20        2         15624         71410
     21        2         12484         74076
     22        2         16854         94076
     23        2         14845         90367
     24        2         10991         61640
     25        2         16167         63546
     26        2         13446         67835
     27        2         11063         77256
     28        2         13106         67521
     29        2         13469         69197
     30        2          9613         66721
     31        2         12868         84193
     32        2         18420         66647
     33        2         15866         72158
     34        2         10506         69467
     35        1           738         70610
     36        2         32821         67623
     37        1           751         67860
     38        2          9596         68665
     39        2          9325         66238
     40        1           857         86960
     41        2         13386         67734
     42        1           720         64241
     43        2         10803         61037
     44        2         12570         88579
     45        2         15597         65693
     46        2         12016         60717
     47        2         10138         64929
     48        2         17207         77741
     49        2         11936         83560
