Attempt Distance          Time         TTime
      0        1           143          2936
      1        2           453          1966
      2        2           542          1810
      3        2           513          2226
      4        2           677          2500
      5        2           790          2213
      6        2           753          2520
      7        2           575          2311
      8        2           415          1858
      9        0             5          1672
     10        2           521          1470
     11        1            30          1220
     12        2           476          1670
     13        2           338          1361
     14        2           368          1571
     15        1            15          1011
     16        2           265           875
     17        1            18          1286
     18        2           520          1217
     19        2           511          1362
     20        2           376          1347
     21        1            18          1202
     22        1            33           997
     23        2           195           934
     24        2           246          1010
     25        2           182           814
     26        2           264           894
     27        2           251           836
     28        2           286          1090
     29        2           270           931
     30        2           236           818
     31        2           190           794
     32        2           274           964
     33        2           189          1911
     34        1            15          1127
     35        2           384          1221
     36        2           350          1067
     37        2           297          1220
     38        2           426          1048
     39        1            10          1139
     40        2           207           904
     41        1            11           967
     42        2           502          1162
     43        2           301          1468
     44        2           337          1012
     45        2           281           853
     46        1            12          1681
     47        1            26          1563
     48        2           548          1320
     49        2           471          1291
Attempt Distance          Time         TTime
      0        1          5461         89269
      1        2         53762         99450
      2        2         59952        112960
      3        2         34122         87732
      4        2         39405        103166
      5        2         65879         76202
      6        2         44935         78395
      7        2         24971         87775
      8        2         22140         74361
Standard and transitive algorithms inconsistent (0 != 2)
     10        2         25000         83591
     11        1           690         79845
     12        2         23285         90539
     13        2         22559         92663
     14        2         21298         91595
     15        1           610         88038
     16        2         26723         74843
     17        1           589         95928
     18        2         38058        103146
     19        2         30118        103232
     20        2         29025         77189
     21        1           628         77208
     22        1           728         96265
     23        2         19776         75412
     24        2         24345         88190
     25        2         24036         91016
     26        2         32835        133703
     27        2         23020         95881
     28        2         23639         74969
     29        2         21977         92133
     30        2         26174         75579
     31        2         21825         85650
     32        2         25089         91081
     33        2         18196         76497
     34        1           558         93185
     35        2         22471         81590
     36        2         23943         75081
     37        2         23689         98231
     38        2         21080         85180
     39        1           623         76322
     40        2         24648         90507
     41        1           567         78105
     42        2         26336         90351
     43        2         17703         80934
     44        2         20192         83521
     45        2         24126         71301
     46        1          1021         77001
     47        1           588         87897
     48        2         25254         74047
     49        2         62881         92825
Attempt Distance          Time         TTime
      0        1          1683         76368
      1        2         20430         84237
      2        2         31271         76985
      3        2         20671         71451
      4        2         20313         93081
      5        2         21796         68748
      6        2         30779        124163
      7        2         16862         79021
      8        2         20395         94461
Standard and transitive algorithms inconsistent (0 != 2)
     10        2         22302         99453
     11        1          1042         96435
     12        2         24406         94927
     13        2         19738         79685
     14        2         18886         93050
     15        1           722         87679
     16        2         24132         82836
     17        1          1259        107355
     18        2         28264         74702
     19        2         38796         73331
     20        2         23059         71857
     21        1           798         96520
     22        1           881         90550
     23        2         20496         95356
     24        2         20927         72223
     25        2         20312         92434
     26        2         21554         69991
     27        2         21456         99931
     28        2         21377         74455
     29        2         20158         88904
     30        2         23279         73506
     31        2         20861         85408
     32        2         22985         75061
     33        2         23618         89365
     34        1           737         76696
     35        2         17989         85492
     36        2         23443         70218
     37        2         23153         90227
     38        2         22478         84789
     39        1           900         93695
     40        2         18928        101317
     41        1           864         77005
     42        2         39838         79957
     43        2         17371         83127
     44        2         32543         78641
     45        2         25519         75248
     46        1           796         95917
     47        1           962         89192
     48        2         27733         99580
     49        2         28313         82374
