Attempt Distance          Time         TTime
      0        2           989          1681
      1        2           580          1340
      2        2           864          1871
      3        2           723          1761
      4        1            39          1970
      5        2           597          1383
      6        2           468          1959
      7        1            38          1386
      8        2           533          1623
      9        1            77          1806
     10        1            51          1979
     11        1            40          1605
     12        2           318          1116
     13        2           310           986
     14        1            19           905
     15        2           262          1393
     16        2           607          1028
     17        2           310           897
     18        2           265           728
     19        1            14           783
     20        1            32          1253
     21        1            54          1387
     22        1            35          1363
     23        1            27           993
     24        2           528           904
     25        1            20           813
     26        1            22           844
     27        2           233           755
     28        2           280           623
     29        2           193           553
     30        1            13           629
     31        1            14           628
     32        1            12           521
     33        2           196           529
     34        1            11           506
     35        2           175           507
     36        2           239           510
     37        2           285           623
     38        1            37           710
     39        2           329           856
     40        2           271           673
     41        2           155           522
     42        2           199           524
     43        1            21           603
     44        1            12           541
     45        2           178           532
     46        2           137           517
     47        2           194           499
     48        1            11           481
     49        2           190           481
Attempt Distance          Time         TTime
      0        2         92417        113689
      1        2         84068        103992
      2        2         77946        108366
      3        2         67615        110200
      4        1           937         83458
      5        2         27312         81380
      6        2         27905         74979
      7        1           568        115606
      8        2         35248        119721
      9        1          1233        138363
     10        1           580         95687
     11        1           836         93032
     12        2         32996        116768
     13        2         76811        102078
     14        1           604         94878
     15        2         28069        130694
     16        2         41511         92354
     17        2         33802         91684
     18        2         32255         93382
     19        1           652         86113
     20        1          1092         95519
     21        1           592        130991
     22        1           649         83567
     23        1           572         86113
     24        2         23831         82553
     25        1           638         88305
     26        1           471         82095
     27        2         28359        122276
     28        2         41479         95485
     29        2         33046         93703
     30        1           832         81603
     31        1           622         98327
     32        1           570        125299
     33        2         45333         80720
     34        1           621         82268
     35        2         26534         84524
     36        2         37809        135960
     37        2         37146         85725
     38        1           659        131249
     39        2         39530         94041
     40        2         37917         97238
     41        2         34664        113828
     42        2         52639        112631
     43        1           738        101073
     44        1           722        125731
     45        2         34197         90252
     46        2         25619         97249
     47        2         43115         84306
     48        1           676        102288
     49        2         43585        110951
