Attempt Distance          Time         TTime
      0        2           434          1783
      1        2           466          1438
      2        2           342          1446
      3        2           389          1473
      4        2           215          1071
      5        2           281          1068
      6        2           300          1004
      7        1            24           965
      8        1            21          1264
      9        1            22          1229
     10        2           304          1245
     11        2           256          1104
     12        2           265          1145
     13        2           281          1083
     14        2           203          1011
     15        1            29          1059
     16        1            20           713
     17        2           152           594
     18        2           111           838
     19        2           148           768
     20        1            13           674
     21        2           225           691
     22        2           193           651
     23        2           117           542
     24        2           111           513
     25        2           158           763
     26        1            12           797
     27        2           208           840
     28        2           167           720
     29        2           197           741
     30        2           128           635
     31        2           123           623
     32        2           133           646
     33        1            16           988
     34        2           192           954
     35        2           202           931
     36        2           165           839
     37        2           152           577
     38        2           158           606
     39        2            78           419
     40        2            82           357
     41        2            76           348
     42        2           107           409
     43        2           117           487
     44        2           188           676
     45        2           148           635
     46        2           108           515
     47        2           117           530
     48        2           118           553
     49        2           115           550
Attempt Distance          Time         TTime
      0        2         39690         68201
      1        2         58997         84211
      2        2         27462         74776
      3        2         24067         73515
      4        2         30889        144775
      5        2         52227        129497
      6        2         22958         69820
      7        1           938         76446
      8        1           907         70008
      9        1          1487         71361
     10        2         20767         67296
     11        2         20462         64491
     12        2         18331         91281
     13        2         12207         59847
     14        2         10588         52316
     15        1           444         67542
     16        1           493         76560
     17        2         19925         70572
     18        2         16309        103918
     19        2         15997        105312
     20        1           565         96117
     21        2         17660         79287
     22        2         22216         78339
     23        2         15997         80904
     24        2         18837        116148
     25        2         70483        117593
     26        1           736         65708
     27        2         11311         57644
     28        2         15002         67388
     29        2         20408         86794
     30        2         18424         94149
     31        2         10311         71612
     32        2         16729         82125
     33        1           769         74220
     34        2         11398         60940
     35        2         18582         80701
     36        2         15817        120095
     37        2         23063         89004
     38        2         17199         67970
     39        2         11053         85471
     40        2         22416         90238
     41        2         13716         64452
     42        2         13420         83732
     43        2         18430         78139
     44        2         14323         62428
     45        2         14169         60270
     46        2         13928         55708
     47        2         15277         62242
     48        2         14419        111990
     49        2         18342         85287
