Attempt Distance          Time         TTime
      0        1           127          2223
      1        1            32          1421
      2        2           506          1741
      3        2           459          1415
      4        2           315          1122
      5        2           741          2027
      6        1            56          1696
      7        1            17          1369
      8        1            30          1323
      9        2           446          1693
     10        1            16          1476
     11        2           541          2013
     12        1            25          1552
     13        2           347          1412
     14        1            28          1476
     15        2           297          1019
     16        2           626          1129
     17        2           255          1124
     18        1            24          1403
     19        2           414          1113
     20        1            35          1375
     21        1            12          1266
     22        1            33          1034
     23        1            13           970
     24        2           206           774
     25        1            21          1545
     26        2           611          2403
     27        2           565          1737
     28        2           384          1659
     29        2           525          1320
     30        1            17          1167
     31        2           371          1195
     32        2           307          1165
     33        2           521          1203
     34        2           513          1659
     35        2           367           973
     36        2           351          1192
     37        2           288           988
     38        2           224          1112
     39        2           320          1086
     40        2           191           872
     41        2           187           771
     42        2           349           997
     43        2           326          1287
     44        1            29          1469
     45        2           576          1246
     46        2           287           936
     47        2           196           825
     48        2           203           769
     49        2           282          1030
Attempt Distance          Time         TTime
      0        1          4204         87252
      1        1          2100         98375
      2        2         50149        122211
      3        2         75014        101864
      4        2         43198        117872
      5        2         87675        125636
      6        1          1175        115792
      7        1          1205        146646
      8        1           909         96010
      9        2         39475         80399
     10        1           752         80789
     11        2         24794         77099
     12        1           677         76703
     13        2         25422         85355
     14        1           523         76434
     15        2         24177        100329
     16        2         30935         69745
     17        2         23757         67770
     18        1           548         90177
     19        2         24408         68769
     20        1           551         75119
     21        1           485         84659
     22        1           539         75418
     23        1           508         86680
     24        2         22380         73319
     25        1           678         73350
     26        2         19558         86183
     27        2         30657         75381
     28        2         21532         85844
     29        2         31825         77074
     30        1           684         80259
     31        2         24487         90417
     32        2         23166         72337
     33        2         32441         87379
     34        2         26625         72039
     35        2         14820         76545
     36        2         24612         95226
     37        2         65785         74257
     38        2         21046         89459
     39        2         35910         89012
     40        2         18239         78291
     41        2         20667         90607
     42        2         21178         73546
     43        2         23417         79102
     44        1           477         88779
     45        2         20113         73674
     46        2         29164         92150
     47        2         21102         69823
     48        2         20259         70871
     49        2         19440         92074
