Attempt Distance          Time         TTime
      0        2           622          2063
      1        1            31          1861
      2        1            25          1171
      3        2           470          1437
      4        2           378          1869
      5        2           269          1317
      6        2           479          1316
      7        2           351          1467
      8        2           448          1848
      9        2           377          1155
     10        2           464          1375
     11        2           304          1056
     12        2           375          1119
     13        2           376          1108
     14        2           306          1322
     15        2           345           940
     16        1            23          1091
     17        2           266          1170
     18        2           277           974
     19        2           168           833
     20        2           174           799
     21        2           332           938
     22        2           220           797
     23        1            21          1049
     24        2           249          1162
     25        2           251          1196
     26        2           357          1952
     27        1            19          1296
     28        2           171           736
     29        1            11           728
     30        2           178           725
     31        2           199           802
     32        2           161           629
     33        2           100           889
     34        2           141           720
     35        2           178           717
     36        2           210           902
     37        2           150           787
     38        2           288           878
     39        1            34          1050
     40        2           247           797
     41        2           182           829
     42        1            17          1149
     43        2           194           699
     44        2           169          1211
     45        1            16          1057
     46        1            11           912
     47        2           218           879
     48        2           146           700
     49        2           151           873
Attempt Distance          Time         TTime
      0        2         56229         79552
      1        1           907         84836
      2        1          1224        111384
      3        2         26290         80372
      4        2         33169        115012
      5        2         28139         81317
      6        2         22745        112784
      7        2         26561         69511
      8        2         17449         77223
      9        2         50652         96178
     10        2         18231         76488
     11        2         15725         79242
     12        2         16657         63923
     13        2         17172         76359
     14        2         15420         70530
     15        2         45888         71031
     16        1           441         63054
     17        2         12855         82280
     18        2         12163         68634
     19        2         14881         66877
     20        2         17024         76580
     21        2         14311         94523
     22        2         16011         71433
     23        1           552         78400
     24        2         12450         89123
     25        2         15587         72356
     26        2         18784         75205
     27        1           482         69987
     28        2         13179         82245
     29        1           561         71069
     30        2         14638         77512
     31        2         18866         82314
     32        2         18491         83816
     33        2         13222         69473
     34        2         13422         67904
     35        2         15371         68936
     36        2         17487         78863
     37        2         11674         70198
     38        2         17037         81976
     39        1           513         82836
     40        2         14936         63486
     41        2         19845         66071
     42        1           550         68183
     43        2         14091         76529
     44        2         10919         57039
     45        1           435         53301
     46        1           772         66270
     47        2         15991         88562
     48        2         17496         68370
     49        2         13188         66287
Attempt Distance          Time         TTime
      0        2         15499         70742
      1        1          1048        117999
      2        1           725         71819
      3        2         12000         68327
      4        2         16395         79783
      5        2         14189         73990
      6        2         11640         71266
      7        2         13195         86072
      8        2         13519         65309
      9        2         13747         66532
     10        2         19402         86991
     11        2         15538         71140
     12        2         16649         65672
     13        2         17198         65817
     14        2         30201         73784
     15        2         16997         71278
     16        1           634         66307
     17        2         14012         86500
     18        2         11687         68852
     19        2         15748         67970
     20        2         13991         98514
     21        2         15637         92351
     22        2         15851         64361
     23        1           773         91059
     24        2         13297         84757
     25        2         17783         73081
     26        2         15348         74099
     27        1          1550         89336
     28        2         13550         70869
     29        1           710         82499
     30        2         17152         98496
     31        2         15072         68609
     32        2         16585         71538
     33        2         12425         87039
     34        2         14698         97377
     35        2         15021         80978
     36        2         11725         70161
     37        2         11103         84590
     38        2         12027         68346
     39        1           879         73229
     40        2         16784        109603
     41        2         21503         81718
     42        1           822         74996
     43        2         18504        118008
     44        2         10861         60758
     45        1           795         84621
     46        1           779         73321
     47        2         17481         91945
     48        2         16259         81386
     49        2         16219         68278
