Attempt Distance          Time         TTime         RTime        RTTime
      0        2          2782          6935         31725          6693
      1        2           577          3803          8181          9254
      2        2           417          1554          6645         12352
      3        1            94          3104          7331          6980
      4        2           815          1886          5628          5125
      5        2           675          1949          4405          4824
      6        2           287          1409          2742          6040
      7        2           614          1059          5880          7281
      8        1            34          1020          5306          2446
      9        2           240          2133          6827          3869
     10        2           578          2829          2363          4727
     11        2           414          1351          3213          3118
     12        2          2545          1343          5787          2962
     13        2           249          1849          7486          3017
     14        1            24           491          1865          2185
     15        2           260          3622          4816          4716
     16        2           774          1486          3432          4627
     17        2           375          1064          3768          4502
     18        2           466          1350          4167          3620
     19        2           471          1197          6516          3726
     20        2           545           997          2397          4758
     21        2           438          1081          3498          2676
     22        1            27           899          4621          2292
     23        2           168          1088          2444          3708
     24        2           398          1252          8227          3784
     25        2           464           701          6262          4133
     26        1            25           823          2101          4119
     27        2          1028          1183          3951          4476
     28        2           200          1104          2878          3084
     29        1            32          1257          2555          3550
     30        2           443          1343          7215          2653
     31        2           523           833          2194          5023
     32        2           527          1430          3893          5594
     33        2           284          1483          2757          4085
     34        2           274          1043          2698          3518
     35        2          1105           663          2771          2940
     36        1            61          1034          2774          3235
     37        2           488           870          5290          2795
     38        2           361           487          1801          1788
     39        1            49          1376          5483          3421
     40        2           352          1264          4384          3657
     41        1            31          1241          3096          2858
     42        2           368           755          2337          5987
     43        2           225           957          2503          3308
     44        2           344          1350          2362          7445
     45        1            63          1225          3062          3128
     46        2           398           796          5548          2991
     47        2           434           814          2987          2664
     48        1            88          1164          5049          3899
     49        2           337           905          3985          4903
