Attempt Distance          Time         TTime         RTime        RTTime
      0        1           189          2841         31390          9924
      1        2           912          4677          6449          6668
      2        2           719          3093          5424          5384
      3        1            43          2448          6029          6152
      4        2           610          3174          7823          5689
      5        1            67          2274          4668          4180
      6        2           424           664          2385          3540
      7        2           674           731          4812          3109
      8        2           618           871          8066          3995
      9        2           552          3668          5112          5220
     10        2           751          2631          4551          5925
     11        2           913          1604          4025          7374
     12        2           579          1209          3996          5870
     13        1            33          1297          2873          3113
     14        2           381           819          2108          9614
     15        2           353           722          3427          5602
     16        1            81           716          3776          2941
     17        2           423          3128          3726          5461
     18        2           685          1257          3626          5828
     19        2           342          1035          2178          3997
     20        2           500          4449          2331          4604
     21        1            31           930          2790          4466
     22        1            61          1504          4433          2716
     23        2           320          1138          2159          4246
     24        1            45           634          2031          2650
     25        1            35           720          2100          2597
     26        2           435          2535          4233          5135
     27        1            47          1182          3721          5398
     28        2           444           778          3853          2097
     29        2           197           628          1912          6265
     30        2           982           962          2663          2255
     31        1            19           617          2158          6530
     32        2           486           653          3750          2130
     33        2           386          1617          4133          4894
     34        2           322          1016          3751          6478
     35        1            77          1976          2321          3075
     36        1            23           751          2396          8699
     37        2           442           708          1906          2169
     38        1            24          2317          1877          4055
     39        2          1325           892          2319          2368
     40        2           224          2421          2701          5862
     41        2           363          1388          3555          5759
     42        2           416           995          1984          2074
     43        2           269           860          3145          3941
     44        1            31           717          2341          2386
     45        2           516           694          2427          4524
     46        2           389           637          2115          2173
     47        1            19           708          1605          2392
     48        1            31           602          1645          3809
     49        2           708           744          3147          2084
