Attempt Distance          Time         TTime         RTime        RTTime
      0        2           863          2150         31951          9611
      1        2           351          2329          8209          8189
      2        1           117          1078         10871          4782
      3        2           229           971         11362          3640
      4        1            28           751          8983          2307
      5        1            53           672          2980          6114
      6        2           264           735          2497          4455
      7        2           448           621          3019          1892
      8        2           121           676          2172          2181
      9        2           199           651          5530          4245
     10        2           226           512          3083          3807
     11        2           439           752          3412          2909
     12        2           244           671          3202          4012
     13        1            32           941          4573          4975
     14        2           314           995          2696          3105
     15        1            22           547          2338          2851
     16        2           116           431          2259          5559
     17        2           155           610          3792          3111
     18        2           208          2328          2878          4166
     19        2           150           734          3725          5892
     20        2           373           736          3169          3211
     21        2           175           728          2924          3124
     22        2           298           749          3166          2032
     23        2            89           683          1735          2725
     24        2           125           437          1582          2984
     25        2           172           514          1627          1674
     26        2           162           359          1108          2091
     27        2           161           772          2041          2643
     28        2           262           472          2445          1603
     29        2           100           390          1368          1846
     30        2            85           314          1110          1302
     31        2            70           310           994          2727
     32        2           132           327          1304          1105
     33        2            80           318           970          1039
     34        2           139           314          1054          1219
     35        2            82           386          1369          1119
     36        2           112           764          2367          1562
     37        1            14           355          1156          1162
     38        2            81           332          1110          1116
     39        2           100           358          1135          1108
     40        2           100           457          1254          2100
     41        2           115           347          1446          1117
     42        2            89           315          1202          1423
     43        2           146           383          1841          1550
     44        2           180           576          1612          2310
     45        2           203           344          1468          1139
     46        2            61           509           893          2286
     47        2           208           457          2422          1366
     48        2            91           599          1566          1858
     49        0             3           358           978          1162
