Attempt Distance          Time         TTime
      0        2           849          1853
      1        1            21          1421
      2        1            61          1149
      3        2           396          1569
      4        2           517          1577
      5        1            39          1017
      6        1            25          1000
      7        1            41          1240
      8        2           628          1728
      9        2           561          1545
     10        2           373          1074
     11        2           455           988
     12        1            37          1756
     13        2           688          1678
     14        2           489          1540
     15        1            33           863
     16        1            27          1040
     17        2           298           797
     18        2           258           718
     19        2           155           626
     20        2           326           684
     21        2           204           590
     22        2           402          1135
     23        2           315           761
     24        2           327           741
     25        2           399           959
     26        2           306           674
     27        2           209           723
     28        2           249           643
     29        1            14           625
     30        1            14           717
     31        1            14           641
     32        1            13           617
     33        2           185           526
     34        2           210           593
     35        2           491           806
     36        2           332           871
     37        2           229           580
     38        1            15           597
     39        2           320           651
     40        1            12           531
     41        2           124           500
     42        1            15           623
     43        2           226           567
     44        2           177           513
     45        2           168           510
     46        2           191           505
     47        2           177           501
     48        2           169           521
     49        2           184           524
Attempt Distance          Time         TTime
      0        2         81115        128356
      1        1          1454        119925
      2        1          1227        106418
      3        2         71670        132749
      4        2         61349         98872
      5        1          1429         87579
      6        1          1033         84119
      7        1           778         90326
      8        2         36123         90492
      9        2         34093        122823
     10        2         35694         83439
     11        2         43078         89884
     12        1           669         97076
     13        2         35115         88729
     14        2         64676        119751
     15        1           994         96679
     16        1           879         90160
     17        2         30136         88523
     18        2         38240         93068
     19        2         42928        148728
     20        2         34119         94597
     21        2         34916         84395
     22        2         32123         85308
     23        2         36189         90208
     24        2         45877        124530
     25        2         32248         97806
     26        2         32332         91666
     27        2         75055         87534
     28        2         35156         82356
     29        1           599         93544
     30        1           530        119295
     31        1           606         79833
     32        1           562         80567
     33        2         30159         80954
     34        2         29109         77046
     35        2         35693        122687
     36        2         32445         90314
     37        2         34978         90164
     38        1           760         93354
     39        2         35516         92473
     40        1           579         90716
     41        2         34057        104069
     42        1           565        106528
     43        2         35901         75310
     44        2         31913         79862
     45        2         37641        115416
     46        2         67548        112563
     47        2         32593         90569
     48        2         30184         90056
     49        2         24666         88734
