Attempt Distance          Time         TTime
      0        2           644          2849
      1        2           447          1707
      2        2           379          1527
      3        2           629          1371
      4        2           270          1209
      5        2           404          1049
      6        2           305          1158
      7        1            18          1336
      8        2           312          1250
      9        2           358          1114
     10        1            17          1025
     11        2           222           883
     12        2           280           950
     13        2           182           737
     14        2           180           684
     15        1            15           791
     16        2           229           697
     17        1            11           765
     18        2           236           893
     19        1            14           688
     20        2           200           728
     21        2           148           584
     22        2           129           589
     23        2           171           606
     24        2           164           634
     25        2           164           839
     26        2           229           815
     27        1            25           795
     28        2           118           615
     29        1            10          1085
     30        2           299          1142
     31        2           250          1152
     32        2           189          1107
     33        2           303           965
     34        1            11           954
     35        2           214           765
     36        2           180           706
     37        2           152           716
     38        1            15          1226
     39        2           484          1398
     40        2           269           861
     41        2           191           661
     42        2           242           793
     43        2           171           870
     44        2           189           689
     45        2           174           641
     46        2           229           633
     47        2           123           597
     48        2           155           562
     49        1             9           755
Attempt Distance          Time         TTime
      0        2         53976         86968
      1        2         35446         85980
      2        2         33964         99506
      3        2         36086         69693
      4        2         36699         88935
      5        2         47360         82279
      6        2         34502         70887
      7        1           803         90689
      8        2         48551         81665
      9        2         18891         65764
     10        1           584         71861
     11        2         22964         94273
     12        2         22960         81479
     13        2         17896         68892
     14        2         18962         71423
     15        1           506         73344
     16        2         22860         91497
     17        1           460         75919
     18        2         17909         71509
     19        1           541         83333
     20        2         23429         72195
     21        2         22364        112705
     22        2         20891         96336
     23        2         20932         66658
     24        2         16427         60495
     25        2         16956         68985
     26        2         16542         91939
     27        1           496         75105
     28        2         18984         70487
     29        1           605         75837
     30        2         27754         78197
     31        2         23805         87943
     32        2         19814         85276
     33        2         21161         69822
     34        1           557         78011
     35        2         22213         97416
     36        2         23599         75054
     37        2         20058         71234
     38        1           834         73797
     39        2         20867         69118
     40        2         59864        105819
     41        2         20419         87210
     42        2         18602         69093
     43        2         15649         70597
     44        2         16304         71645
     45        2         29152         81062
     46        2         19910         69722
     47        2         18833         69989
     48        2         21126         74066
     49        1           451        100288
