Attempt Distance          Time         TTime
      0        1           153          2556
      1        1            67          2743
      2        1            40          1847
      3        2           738          1401
      4        2           469          1891
      5        2           891          2103
      6        2          1024          3198
      7        2          1167          2172
      8        0            11          2959
      9        2          1009          2402
     10        1            43          2141
     11        1           100          2562
     12        2           899          2500
     13        1            79          2856
     14        2           775          1567
     15        1            22          1320
     16        1            27          1417
     17        2           361           891
     18        1            25           898
     19        1            18           851
     20        1            20           991
     21        1            21           856
     22        1            14           850
     23        1            16           942
     24        2           298           726
     25        1            21           931
     26        2           363           840
     27        2           381           861
     28        2           393          1172
     29        2           362           770
     30        2           308           773
     31        1            21          1162
     32        2           387           866
     33        2           838          1459
     34        1            18          1258
     35        1            18           854
     36        2           337           755
     37        2           268           698
     38        1            18           817
     39        2           323           808
     40        2           360          1093
     41        1            20           820
     42        2           339           810
     43        2           480          1465
     44        1            30           969
     45        1            19           881
     46        2           286           851
     47        1            16           711
     48        2           220           731
     49        1            21           850
Attempt Distance          Time         TTime
      0        1          4328        108349
      1        1          2901        112793
      2        1          1743        119002
      3        2         99475        111295
      4        2         66962        101375
      5        2         75463        106752
      6        2         82005        123178
      7        2         52753         86500
Standard and transitive algorithms inconsistent (0 != 2)
      9        2         38955         93458
     10        1           723         97516
     11        1           642         80265
     12        2         32871         84999
     13        1           774         87745
     14        2         29761        102055
     15        1           708         92068
     16        1           833        109728
     17        2         39725        118716
     18        1           766        125007
     19        1           669         90095
     20        1           742        105624
     21        1           628         95986
     22        1           730         87910
     23        1           550        111805
     24        2         44498        143079
     25        1           752        105949
     26        2         38915        124534
     27        2         42966         96913
     28        2         74711         98789
     29        2         41406        106356
     30        2         36466        100760
     31        1           641         95759
     32        2         44635         96226
     33        2         47547         96305
     34        1           668        107015
     35        1           704        108635
     36        2         42887         85403
     37        2         39087         99127
     38        1           712        108067
     39        2         37013        109311
     40        2         34681         98746
     41        1           621        113796
     42        2         73452        105677
     43        2         39463        104335
     44        1           601        108888
     45        1           606         92502
     46        2         42231        112304
     47        1           691        115161
     48        2         35304        106680
     49        1           765        103385
Attempt Distance          Time         TTime
      0        1          2824        119206
      1        1          1258        115537
      2        1          1250        112866
      3        2         35403        101475
      4        2         31848        105418
      5        2         42351        102139
      6        2         35365        109320
      7        2         38015        102285
Standard and transitive algorithms inconsistent (0 != 2)
      9        2         53882         94900
     10        1          1028        111729
     11        1           939        108025
     12        2         38447        119332
     13        1          1340        113496
     14        2         40523        101360
     15        1          1031         98832
     16        1         13329         90116
     17        2         47663         99675
     18        1          1027        104180
     19        1           889        107768
     20        1          1011        109017
     21        1           913         93058
     22        1           797        107862
     23        1           968        117835
     24        2         40327        115192
     25        1          1066        109818
     26        2         39374        106508
     27        2         45142        109363
     28        2         35170        101899
     29        2         38013        100716
     30        2         36954        108786
     31        1           889        118411
     32        2         35108         99873
     33        2         36148        109624
     34        1           985        108143
     35        1          1223         94911
     36        2         54092        106145
     37        2         38585        104735
     38        1          1272         95266
     39        2         50369        103046
     40        2         50368         88343
     41        1           925        109919
     42        2         47579         87084
     43        2         52336        101090
     44        1           954        113052
     45        1          1078        114845
     46        2         39230        110135
     47        1           962        121346
     48        2         40377        108735
     49        1           897         86532
