Attempt Distance          Time         TTime         RTime        RTTime
      0        2          1341          3620         31335          6717
      1        1           133           743          6507          6515
      2        1            53           657          3053          3013
      3        1            56          2359          3218          6052
      4        2           225          1499          3512          9946
      5        2           356          3700          7739          7079
      6        2           491           592          5100          3901
      7        2           210           867          2320          4002
      8        2           231           817          4505          2775
      9        2           316          1109          3896          3915
     10        2           267           989          2829          4382
     11        1            65           870          3902          2538
     12        2           200           792          2379          5988
     13        2           213           434          2505          2191
     14        2           282           900          2336          3155
     15        2           344          2584          3798          3410
     16        2           162           878          2015          4333
     17        2           259           469          3653          2329
     18        2           291          1108          6590          4423
     19        2           276           604          2132          2574
     20        2           291           863          4897          3008
     21        2           241           681          3154          3777
     22        2           275           567          4320          2373
     23        1            19           569          1560          2298
     24        2           145          1111          3434          3143
     25        1            41           820          2216          3044
     26        1            29          1316          3709          3969
     27        2           242           614          2365          1549
     28        2           225           951          2152          5107
     29        2           410           585          2403          2240
     30        2           102           372          1380          1443
     31        2            64          1117          5119          1615
     32        2           107           371          1221          1584
     33        2           157           359          1172          1770
     34        2           168          1106          2746          2872
     35        2           133           411          1196          1269
     36        1            22           398          1366          1349
     37        1            21           396          1255          3234
     38        1            26           402          1677          1384
     39        2           117           408          1346          2241
     40        2           136           373          1294          1251
     41        2            99          1233          2108          2315
     42        2           158           363          1141          1378
     43        2           117           407          1445          1428
     44        2            95           532          1877          1375
     45        2           188           753          2672          1650
     46        2            95           371          1564          2039
     47        2           115           520          1861          1908
     48        2           119           668          1709          1712
     49        2            92           413          1053          1578
