Attempt Distance          Time         TTime         RTime        RTTime
      0        2           791          2155         41289          4888
      1        1            91          8625          8411          4711
      2        2           276           785          7886          3105
      3        2           108           788          2391          8172
      4        3           952           828          4611          3865
      5        2           131           718          3475          2676
      6        2           198           982          9554          4323
      7        2           187           585         10987          2769
      8        2           194           869          9209          4045
      9        3          1946           976         11668          4005
     10        2           176          3349          6181          4392
     11        3           974           770          8528          4838
     12        2           152           787          8978          3844
     13        3           417           812         10518          3323
     14        2           225           452          8615          2646
     15        2            63          1150          2085          7903
     16        3          1426           898          7190          3808
     17        1            29           600          5325          2641
     18        3           381           902          3890          3144
     19        2           125           591          2216          3156
     20        2           154          1021          5018          3619
     21        3           537          1696          2767          7104
     22        3           395           502          2209         15483
     23        2           167           589          2192          3379
     24        3           599           894          4272          3613
     25        2           109           402          1647          2847
     26        2           138          1232          2462          8719
     27        3           510           838          3141          3822
     28        3           609          1044          5787          7171
     29        3           786           796          3381          3227
     30        2           112           968          2580          6912
     31        2           144           702          2236          2116
     32        3          1006           646          2707          2319
     33        1            22           461          1588         12549
     34        2           139           477          2093         13869
     35        2           109           546          4142         11225
     36        2           142           644         11751          2965
     37        3           861           684         13283          2850
     38        3           604          2461          3499          8013
     39        2            83           558          3466          8709
     40        3           471           688          2447         12170
     41        2           150          1168          3083         11241
     42        2            93           609          1850          2657
     43        3           731           844          7445          3201
     44        2           116           550          1473          5507
     45        2            80           426          1937          1718
     46        2            81           680          1258          1751
     47        2            74          1108          3618          2977
     48        3           272           464          1621          1869
     49        2            93           513          1938          1613
