Attempt Distance          Time         TTime         RTime        RTTime
      0        2          1871          4240         29366         14519
      1        2          1307          1903         11460         13705
      2        1            73          2097          4547         14524
      3        2          1185           880         13292          6401
      4        1            42           597          2705          2278
      5        2           222          1482          2146          6273
      6        1            52           531          1819          2645
      7        2           310           903          4407          2523
      8        2           333          1047          3578          5478
      9        1            58           776          5028          3158
     10        2           405          1424          3595          2793
     11        2           404          1476          2365          3905
     12        1            40          1443          3479          3795
     13        2           221           669          2454          3142
     14        2           193           979          2743          3000
     15        2           334           582          2540          2911
     16        1            36           850          2720          5576
     17        2           320           607          2435          2473
     18        2           320           541          2136          4542
     19        1            39           901          2541          2993
     20        2           322           532          2073          2067
     21        2           679           641          3451          3188
     22        2           215           513          1619          2002
     23        2           223           795          1571          2799
     24        1            45           952          2983          1919
     25        1            17           503          1315          1716
     26        2           176           552          1398          3981
     27        2           346           557          1997          1732
     28        2           316           516          2580          2533
     29        1            41          1216          2941          2549
     30        2           146           522          1502          1743
     31        2           168           486          1472          1892
     32        2           209          1183          2496          2315
     33        2           172           532          1505          1787
     34        2           213           472          1341          1737
     35        1            18           571          1398          3036
     36        1            34           621          1794          1841
     37        2           195           492          1495          1794
     38        1            18           484          1386          1798
     39        1            69          1522          3029          2489
     40        2           208           942          1812          3390
     41        1            29          1445          3558          2369
     42        2           302           864          2139          2245
     43        2           285           756          2060          6419
     44        1            22           595          1992          2138
     45        2           284           679          1806          3819
     46        2           587           574          2973          1965
     47        1            22           597          2172          2033
     48        2           295          1218          1992          3324
     49        2           437           781          2483          2295
