Attempt Distance          Time         TTime         RTime        RTTime
      0        1           274          4335         26724          5324
      1        1            53          1776          8262          4755
      2        2           531          2164          7607          3881
      3        2           383          2247          3646          5273
      4        2           350          1121          4710          5756
      5        2           416          1083          2743          4433
      6        2           784           884          6331          4717
      7        2           327          1248          6536          3500
      8        2           349          1421          6728          5855
      9        2           341          2221          7268          4192
     10        1            38          2077          5902          8427
     11        1            41           687          2414          6573
     12        2           465           973          4082          3478
     13        2           213          1215          8276          3583
     14        2           364           982          2682         10604
     15        2           305          1002          2730          5516
     16        2           851          1143          3782          4022
     17        2           271          1766          5727          3323
     18        2           221           728          4661          5764
     19        1            31           672          4937          4089
     20        2           198          1079          8379          3905
     21        2           159          1188          6515          5953
     22        2           374          1236          3593          7300
     23        1            47          1780          4465          8691
     24        2           350           983          5791          8316
     25        2           447           580          4157          7065
     26        2           507           648          3286          2895
     27        2           423           943          2288          6516
     28        2           385           726          2545          2451
     29        1            47          2868          2355          7792
     30        2           275           485          2474          6830
     31        2           240           546          3147          1982
     32        2           179           878          1803         10188
     33        2           270           576          2862          2231
     34        2           162          1034          3954          3034
     35        2           287           833          2592          2593
     36        2           290          1279          3442          4162
     37        2           306           571          2572          2552
     38        2           279          1078          2320          2958
     39        2           228           938          4761          3111
     40        2           519          1027          4102          3036
     41        2           254          1076          3846          3360
     42        2           372           639          3323          3907
     43        2           209           522          2291          2826
     44        2           638          1239          3589          2148
     45        2           127           752          1849          7728
     46        1            30           741          2839          2773
     47        2           173           417          1514          2344
     48        2           286           797          3989          3192
     49        2           175           442          1637          1478
