Attempt Distance          Time         TTime         RTime        RTTime
      0        2          1742          2813         18501          8126
      1        1            60          1145          5267          4156
      2        2          1052          1844          4569          4498
      3        1            45          1870          8646          4288
      4        2           531          1997          3971          4611
      5        2           360           654          3054          7275
      6        2           482           733          3175          3431
      7        2           374           582          5476          3145
      8        2           420          1100          3243          5113
      9        2           708          1415          3496          3452
     10        1           114           777          6256          4057
     11        2           462          1602          2560          4593
     12        2           768          1427          3490          4148
     13        2           269           760          4489          2776
     14        2           401           647          2914          3266
     15        2           372          1155          4425          3061
     16        2           349           735          2886          3779
     17        2           374          1139          5306          2968
     18        2           491          1224          3110          5979
     19        1            33          1170          2634          2545
     20        2           372           760          2161          3697
     21        2           372          2882          4156          4042
     22        2           222          1406          4049          3541
     23        2           438          1058          3114          4636
     24        1            62          1026          2822          3796
     25        2           392           789          2557          3563
     26        2           440          1425          3015          2899
     27        2           553           552          1847          1910
     28        1            18           889          3897          2717
     29        1            49           830          3583          2470
     30        2           181          1133          2549          3418
     31        2           286           655          2786          2359
     32        2           159           545          2498          3571
     33        1            31           913          2620          2254
     34        2           172           540          1927          1915
     35        2           311          1302          3964          3416
     36        2           496          1635          2849          2037
     37        1            15           927          4190          3117
     38        2           281           551          2058          1811
     39        2           227           538          1722          3337
     40        2           253           642          2122          2050
     41        2           225           578          1765          1874
     42        1            14           530          1388          3188
     43        2           374           636          1824          2109
     44        2           173           534          2263          1822
     45        2           218          1502          2792          4139
     46        2           349           526          1743          1811
     47        2           175           601          1594          1944
     48        2           214          1042          2177          2025
     49        2           166           561          1656          3394
