Attempt Distance          Time         TTime
      0        2           286          1398
      1        3           644           915
      2        1            24           604
      3        3           293           395
      4        2            69           401
      5        2            64           511
      6        3           351           420
      7        2            68           406
      8        0            11          1610
      9        3           504           654
     10        2            98           649
     11        2            84           396
     12        2           119           611
     13        2           104           609
     14        3           344           796
     15        2            88           615
     16        2            64           556
     17        3          1398           769
     18        3           345           462
     19        3           288           448
     20        3           225           362
     21        2            46           351
     22        3           190           352
     23        2            51           361
     24        2            38           318
     25        2            59           409
     26        2            52           360
     27        2            43           365
     28        1            16           350
     29        3           238           403
     30        2            32           316
     31        3           216           322
     32        1             5           383
     33        2            42           318
     34        2            27           359
     35        2            86           668
     36        2            74           586
     37        2           138           600
     38        2            70           505
     39        3           302           484
     40        3           309           475
     41        2            58           485
     42        2            71           494
     43        2            83           519
     44        2            88           488
     45        2            61           518
     46        3           277           605
     47        2            71           861
     48        2           135           693
     49        3           371           671
Attempt Distance          Time         TTime
      0        2         19857         67561
      1        3         76202         68370
      2        1          1756         82579
      3        3        115580        175797
      4        2         15654         85634
      5        2          8732         58005
      6        3         53065         49089
      7        2         10305         62892
Standard and transitive algorithms inconsistent (0 != 3)
      9        3         84774         81636
     10        2         15106         81627
     11        2         13428         65662
     12        2          5490         45789
     13        2          3524         56853
     14        3         32077         68792
     15        2         16898         72202
     16        2          4119         45042
     17        3         44526         63523
     18        3         37379         55217
     19        3         33034         47592
     20        3         49999         70628
     21        2         10287         46326
     22        3         38640         48091
     23        2          5638         46717
     24        2          3789         58440
     25        2          7066        101900
     26        2         13488         71241
     27        2          5098         48581
     28        1           618         47604
     29        3         30531         48477
     30        2          4456         64501
     31        3         38160         46166
     32        1           429         64085
     33        2          5302         44715
     34        2          4172         47979
     35        2          5080         66722
     36        2          5200         49464
     37        2          5826         45036
     38        2          4817         55183
     39        3         35271         44052
     40        3         39587         61385
     41        2          5240         60973
     42        2          6681         52842
     43        2          6687         55916
     44        2          7135         56307
     45        2         43872         66921
     46        3         65740         83808
     47        2          8984         70002
     48        2          1560         51069
     49        3         39566         53830
