Attempt Distance          Time         TTime         RTime        RTTime
      0        2          1505          3274         27256         11527
      1        1            72           934          4986          8060
      2        2           503           913          3993          7002
      3        2           743          2262          9445          4957
      4        2           480           740          4170          7884
      5        2           603          2179          5045          4219
      6        2           498           865          4966          4713
      7        2           455          1387          4457          3522
      8        2           222          1647          5149          4117
      9        2           538           820          3671          5973
     10        2           552          1469          5189          5959
     11        2           382          1887          2843          5084
     12        2           314           917          5839          3165
     13        2           211           749          2560          2066
     14        2           202           644          3419          2338
     15        2           316           837          1971          2747
     16        1            23           969          2140          5552
     17        2           397           744          4019          1916
     18        2           191          1283          2663          3087
     19        2           240           943          1658          2934
     20        2           236           601          1579          2004
     21        2           755          1132          3135          3595
     22        2           297           711          2667          2041
     23        2           196          1008          3134          2031
     24        1            16           519          2391          2314
     25        1            20           539          1766          2969
     26        1            46          1019          3770          3058
     27        2           240           586          1813          3150
     28        1            22           625          2670          2090
     29        1            21           717          1541          1817
     30        1            16           471          1287          1568
     31        1            14           522          1216          3031
     32        2           574           515          2160          1700
     33        2           197           541          1478          1700
     34        2           172           504          1346          1725
     35        2           334           995          2997          1929
     36        2           171           776          1715          2462
     37        2           283           640          2588          3065
     38        2           321           489          1727          1771
     39        2           214           610          1522          1751
     40        2           121           537          1383          1876
     41        1            31           636          2256          1771
     42        2           209           715          1368          1960
     43        2           242           588          2223          1860
     44        2           281           553          3099          2137
     45        2           269           550          1728          1969
     46        1            25           797          2408          3909
     47        2           351           634          2380          1957
     48        2           156           499          1393          1783
     49        2           178           479          1641          2942
