Attempt Distance          Time         TTime
      0        1           130          1683
      1        2           401          1046
      2        2           405           904
      3        1            27           894
      4        2           237           809
      5        2           357          1055
      6        2           400          1183
      7        2           467          1377
      8        2           498          1432
      9        2           544          1678
     10        2           361          1577
     11        1            54          1418
     12        2           760          1519
     13        2           425          1241
     14        2           458          1185
     15        2           242           837
     16        2           383           699
     17        2           327           878
     18        2           296           791
     19        1            17           819
     20        2           235           745
     21        1            18           744
     22        1            18           728
     23        2           294           718
     24        1            18           719
     25        2           230           877
     26        1            25           768
     27        1            16           690
     28        2           238           661
     29        2           182           769
     30        2           240           644
     31        2           275           750
     32        2           238           567
     33        2           223           653
     34        1            14           590
     35        2           287           707
     36        2           195           495
     37        1            10           443
     38        1            12           451
     39        2           121           476
     40        2           126           532
     41        1            12           462
     42        2           234           902
     43        2           210           579
     44        2           169           508
     45        2           260           634
     46        1            18           549
     47        2           144           445
     48        2           230           682
     49        2           175           490
Attempt Distance          Time         TTime
      0        1          5586         96178
      1        2         66089        118410
      2        2         86208        105325
      3        1          1165        114161
      4        2         66537        104106
      5        2         49215         97605
      6        2         47444        108229
      7        2         45094        133159
      8        2         25797         88843
      9        2         26067         89208
     10        2         25758         97616
     11        1           681         95816
     12        2         37192        106425
     13        2         32398        120528
     14        2         72686        129256
     15        2         39749         88579
     16        2         29363         77933
     17        2         35351        115974
     18        2         34109         95776
     19        1           519         98652
     20        2         28157         86322
     21        1           609         94937
     22        1           552         85423
     23        2         32928        115803
     24        1           554        116630
     25        2         29050         88698
     26        1           530        109457
     27        1           623         99241
     28        2         27983         96368
     29        2         24260         79055
     30        2         31463         88503
     31        2         24116         91324
     32        2         31136         94154
     33        2         72039         85467
     34        1           566         93281
     35        2         29489         91475
     36        2         25687         79645
     37        1           477        102085
     38        1           637         95117
     39        2         20721         84418
     40        2         28926        128032
     41        1           765         82579
     42        2         27819         72443
     43        2         23067         71761
     44        2         24529         83143
     45        2         34265         95675
     46        1           700         95802
     47        2         27820         83545
     48        2         24463         85214
     49        2         21061         74571
Attempt Distance          Time         TTime
      0        1          1614         73591
      1        2         29098         69400
      2        2         39830         81849
      3        1           987         88490
      4        2         33399         70204
      5        2         35187         97042
      6        2         30812         96838
      7        2         27740         91476
      8        2         29999         95152
      9        2         28906        104014
     10        2         27367        101679
     11        1          1076        112468
     12        2         28539         88433
     13        2         24253         91286
     14        2         33029         94332
     15        2         25795         94602
     16        2         24722         91145
     17        2         31408         93249
     18        2         26171        109298
     19        1          1029        100857
     20        2         24809         90850
     21        1           872         92867
     22        1           815        103481
     23        2         30717         94616
     24        1           886         95809
     25        2         27463         90371
     26        1           903        102317
     27        1           756         79958
     28        2         34180         80381
     29        2         31682         80736
     30        2         41057         91630
     31        2         23401         91780
     32        2         37109        111935
     33        2         31727         96298
     34        1           888         90530
     35        2         37798         98754
     36        2         26727         85848
     37        1           831         88694
     38        1           815         81597
     39        2         30234         89158
     40        2         24015         88439
     41        1           921         87317
     42        2         40182         79744
     43        2         37515         82095
     44        2         32703         98056
     45        2         31757         95271
     46        1           733         93545
     47        2         41516        107153
     48        2         26989         86243
     49        2         23922         93057
