Attempt Distance          Time         TTime         RTime        RTTime
      0        2           969          1206         21443          7977
      1        3          1680           691          7754          3287
      2        2           234           713          2845          3282
      3        2           199           528          3382          2769
      4        3           717          1319          5622          4321
      5        2           235           833          3129          7019
      6        1            88          5514          4490          4327
      7        2           193           641          3140          4071
      8        2           228           584          4654          2721
      9        3           550           706          7783          2985
     10        1            39           623          3407          7020
     11        2           187           522          3841          4005
     12        3          1158           815          4132          4616
     13        3           667          3140          3637          4766
     14        1            24           390          1890          1987
     15        2            71           389          1962          2377
     16        1            28           452          1984          2799
     17        2           103           786          1443          1689
     18        2           125           521          2154          5264
     19        3           275           555          2261          3734
     20        2           268           326          2652          4204
     21        2            95           425          1576          1884
     22        2            82           456          1719          1981
     23        2            73           480          1645          3831
     24        2           223           367          2117          1763
     25        2           156           470          1366          1591
     26        2            86           291          1527          1346
     27        2           172           471          1980          2106
     28        2            65           542          1687          1662
     29        2           141           366          1926          1994
     30        1            43           345          1913          1383
     31        2            54           420           916          1107
     32        1            14           269          1080          1196
     33        2            67           280          1072          1140
     34        2           109           272          1075          1782
     35        3           438           334          1361          1219
     36        2            69           310          1139          1386
     37        1            14           295           995          1120
     38        1            15           305          1458          1623
     39        2            67           402          1833          1887
     40        3           524           348          1653          1368
     41        2            76           297          1045          1162
     42        2            77           270          1163          1253
     43        2            96           914          1596          3357
     44        2           106           619          1688          1754
     45        2            61           272           931           965
     46        2            50           263           796           947
     47        2            45           325           932          1027
     48        1            29           480          1720          1240
     49        2            54           364           987          1294
