Attempt Distance          Time         TTime
      0        2           327          1394
      1        2           227          1119
      2        2           273          1135
      3        2           257          1069
      4        2           193          1035
      5        2           184          1035
      6        2           183           680
      7        2           160           667
      8        2           127           634
      9        1            21           695
     10        2           141          1040
     11        2           353          1015
     12        2           313          1065
     13        1            41          1466
     14        1            30          3707
     15        2           275           994
     16        2           245           770
     17        2           152           724
     18        2           169           933
     19        2           179           740
     20        2           123           557
     21        2           110           549
     22        2           118           537
     23        2           113          1283
     24        2           358          2321
     25        2           233          1144
     26        1            29          1068
     27        1            36          1073
     28        2           219           590
     29        2           176           791
     30        1            22          1180
     31        2           160           812
     32        2            82           701
     33        2           109          1228
     34        2           159           503
     35        2           130           563
     36        1            11           526
     37        1             9           464
     38        2            70           401
     39        2            67           426
     40        2            72           354
     41        2            59           306
     42        2            55           366
     43        1             9           431
     44        2            52           392
     45        2            70           311
     46        2            60           320
     47        1             5           316
     48        2            67           369
     49        2            62           367
Attempt Distance          Time         TTime
      0        2         38188         77521
      1        2         32112         64779
      2        2         30359         43248
      3        2         19948         68566
      4        2         17441         65564
      5        2         18830         85759
      6        2         13262         64638
      7        2         21301         84174
      8        2         12803         61394
      9        1           699         56359
     10        2         19261         64127
     11        2         15144         72267
     12        2         16173         57935
     13        1           382         71990
     14        1           466         61436
     15        2         10182         62539
     16        2         12515         63903
     17        2         10309         66144
     18        2          7805         61579
     19        2         11848         59900
     20        2         14385         67164
     21        2         12688         65353
     22        2         23341        101587
     23        2         11812         62274
     24        2         13224         72554
     25        2         17379         75102
     26        1           466         50403
     27        1           411         52356
     28        2         10584         55579
     29        2          8202         50149
     30        1           483         51134
     31        2         11025         75171
     32        2          7581         55441
     33        2         12564         59662
     34        2         14239         59496
     35        2         10370         62049
     36        1           428         63156
     37        1           576         89696
     38        2         14046         61305
     39        2          7455         53744
     40        2         11973         74264
     41        2          8749         52185
     42        2         40720         69085
     43        1           591         65974
     44        2          7885         66528
     45        2         14394         60608
     46        2         10285         64058
     47        1           599        105465
     48        2         14332         72483
     49        2          8831         89990
