Attempt Distance          Time         TTime         RTime        RTTime
      0        3          1813          1332         29646          5471
      1        3           259          1108          8792          6068
      2        3           948          1105          4400          4280
      3        4          1932           783          2813          3290
      4        3           206           506          2329          1785
      5        3           196           507          2638          2908
      6        4           741           432          5114          3374
      7        4           487          2096          2720          3156
      8        4           349           396          2946          5622
      9        4           215           309          7396          3402
     10        3           311           372          3710         10883
     11        2            95         11722          8849          4616
     12        3           177           346          2943          2270
     13        5           455         38750          5371         23069
     14        4           325           312          2882          4704
     15        3           155           480          4761          3544
     16        2            58           405          4523          2377
     17        5           230         33334          3565         18211
     18       -1           446         75055          3153         25405
     19        5          1621         32051          6841         22076
     20        4           194           291          4066          2969
     21        3           113           270          2368          5590
     22        4           278           272          3893          2490
     23        4           109           114          3035          8220
     24        4           231           323          2806          6060
     25        3           177           303          3155          3387
     26        2            39           295          2743          3584
     27        3           157           220          3055          1575
     28        2            50           987          6508          2981
     29        3            95           217          1540          1552
     30        5           362         57132          2023         17773
     31        4           271           172          1702          1799
     32        4           194           435          2163          2323
     33        4           171           151          3225          2180
     34        4           257           173          2147          2327
     35        5           176         23969          1676         23200
     36        3            96           226          2192          2162
     37        4           214           167          2387         12910
     38        4          1481           196          2104          7490
     39        2            40           189          1618          1600
     40        3           175           207          7563          6489
     41        4           529           166          2704          1665
     42        4           247           231          2706         10343
     43        4           219           210          1893          1953
     44        3            75          1074          2956         10658
     45        5           423         69076          4732         37850
     46        3            89           223          3361          4046
     47        3           189           186          7280          3465
     48        3           112           312          2779          5743
     49        3            91           621          8911          4417
