Attempt Distance          Time         TTime
      0        2           825          2166
      1        2           353          1350
      2        2           319          1457
      3        2           335          1425
      4        2           258          1474
      5        2           406          1509
      6        2           446          1342
      7        1            29          1496
      8        2           389          1088
      9        2           192           853
     10        2           250           989
     11        3           926           886
     12        2           189           967
     13        2           261          1101
     14        2           238          1035
     15        2           330           894
     16        2           171          1167
     17        1            16           910
     18        2           207           664
     19        2           122           703
     20        2           175           610
     21        2           157           602
     22        1            12           636
     23        2           115           565
     24        2            83           609
     25        2           117           522
     26        2           102           484
     27        2            87           711
     28        2           125           737
     29        2           158           681
     30        2           141           775
     31        1            14           864
     32        2           288          1077
     33        2           233           980
     34        2           241          1438
     35        1            34          1947
     36        2           189           858
     37        2           190           768
     38        2           150           783
     39        2           158           795
     40        2           174           854
     41        2           167          1022
     42        2           233          1175
     43        2           158           658
     44        2           106           599
     45        1            17           738
     46        2           161          1251
     47        2           360           911
     48        2           191           806
     49        2           189           840
Attempt Distance          Time         TTime
      0        2         37254         99134
      1        2         35474         64926
      2        2         27859         65766
      3        2         23226         64700
      4        2         19135         66776
      5        2         18961         66154
      6        2         21581         70031
      7        1          1193         75441
      8        2         23189         82156
      9        2         20351         62420
     10        2         25110         68961
     11        3         70054         48716
     12        2         11805         56227
     13        2          8675         61889
     14        2         15635         59769
     15        2         15199         89284
     16        2         10491         75197
     17        1           506         56131
     18        2         13511         61187
     19        2         12297         75727
     20        2         14883         77533
     21        2         20797         68068
     22        1           435         54968
     23        2         16793         77614
     24        2         40267         59101
     25        2         17800         55476
     26        2         15051         51891
     27        2          6766         53001
     28        2         12581         65104
     29        2         14772         59870
     30        2         10149         58056
     31        1           418         90959
     32        2         13189         73995
     33        2         11592         55287
     34        2         15252         64295
     35        1           410         67184
     36        2         15536         68841
     37        2         21685         75076
     38        2         13919         79951
     39        2         13513         97716
     40        2         16658         79046
     41        2          9697         67715
     42        2         13047         61239
     43        2         13320         65896
     44        2         10909         53992
     45        1           518         54904
     46        2         15043         84868
     47        2         13213         59924
     48        2          8827         50403
     49        2          9832         49014
