Attempt Distance          Time         TTime
      0        1           412          6092
      1        2           645          1819
      2        1            41          1615
      3        2           602          1829
      4        2           455          1083
      5        1            39          1870
      6        1            46          1425
      7        1            36          1399
      8        2           400          1262
      9        1            37          1661
     10        2           512          1554
     11        2           615          1507
     12        2           587          1554
     13        1            34          2096
     14        2           572          1459
     15        1            31          1523
     16        2           332           983
     17        2           370           857
     18        2           263           565
     19        2           239           611
     20        2           210           613
     21        1            17           619
     22        2           393          1057
     23        1            69          1393
     24        2           419          1151
     25        1            26          1008
     26        2           256           918
     27        2           322           631
     28        1            22           597
     29        2           296           738
     30        2           172           671
     31        2           241          1000
     32        2           199           629
     33        2           215           598
     34        2           259           767
     35        2           264           653
     36        2           231           620
     37        2           219           578
     38        2           248           714
     39        2           181           626
     40        2           264           605
     41        2           213           607
     42        2           219           668
     43        1            19           658
     44        2           262          1433
     45        2           207           586
     46        1            18           582
     47        2           153           481
     48        1            14           574
     49        2           179           551
Attempt Distance          Time         TTime
      0        1          4178         87595
      1        2         92475        101461
      2        1          1443        103379
      3        2         59790         97765
      4        2         86457        115690
      5        1          1055        117848
      6        1           978         74107
      7        1           626         81601
      8        2         36847         77891
      9        1           550         90813
     10        2         29329        116887
     11        2         34513         82454
     12        2         31283         84323
     13        1           555         86993
     14        2         29902         81773
     15        1           730         88195
     16        2         89233         79678
     17        2         37364         86502
     18        2         27573         81520
     19        2         33995         86052
     20        2         30082         89458
     21        1           617        119195
     22        2         28695         85440
     23        1           673         82570
     24        2         30281         80279
     25        1           611         98078
     26        2         40929         86961
     27        2         29984        116696
     28        1           828         91649
     29        2         36674         88089
     30        2         25664         96325
     31        2         31423         84850
     32        2         25608        115738
     33        2         80345         76451
     34        2         30961         85629
     35        2         29625         84862
     36        2         28480         84954
     37        2         26722         79198
     38        2         32544        115793
     39        2         30322         84876
     40        2         31598         76478
     41        2         31409         75844
     42        2         32347         75943
     43        1           524        108326
     44        2         27250         82722
     45        2         29459         88071
     46        1           652         86262
     47        2         58840         84652
     48        1           555         77939
     49        2         28611        124233
Attempt Distance          Time         TTime
      0        1          1717         81722
      1        2         31330         82012
      2        1           785         75364
      3        2         25155         75233
      4        2         28196        111217
      5        1           849         73329
      6        1           718         68433
      7        1           587         70563
      8        2         26592         86580
      9        1           877        105736
     10        2         24003         69049
     11        2         27571         78409
     12        2         29113         79295
     13        1           894         86944
     14        2         29214        121404
     15        1           772         87451
     16        2         29327         78905
     17        2         32043         78283
     18        2         25606        113335
     19        2         29831         76437
     20        2         30422         85980
     21        1           845         96998
     22        2         36619         94241
     23        1          1031        126769
     24        2         32200         88766
     25        1           839         85143
     26        2         23487         77592
     27        2         29722         82179
     28        1          1063        109998
     29        2         32456         73852
     30        2         24643         74702
     31        2         25883         74712
     32        2         25889         82618
     33        2         86966         83463
     34        2         30676         86182
     35        2         25141         79323
     36        2         32161         85204
     37        2         25749        115972
     38        2         31334         81898
     39        2         28294         83313
     40        2         28226         81927
     41        2         32082        126639
     42        2         28094         83382
     43        1           732         86181
     44        2         29252         86506
     45        2         28730         85607
     46        1           815        124330
     47        2         28603         84496
     48        1           935         87056
     49        2         27774         81869
