Attempt Distance          Time         TTime
      0        2          1413          3676
      1        1            48          2108
      2        2           875          2165
      3        1            46          1832
      4        1            24          1563
      5        2           698          2504
      6        2          1492          2713
      7        1            64          2942
      8        2           614          1666
      9        2           511          1346
     10        2           443          1371
     11        2           409          1019
     12        2           534          1745
     13        2           869          1548
     14        2           628          1992
     15        2           545          1843
     16        1            34          1576
     17        2           485         10689
     18        2           306           586
     19        1            42          1024
     20        2           220           791
     21        2           244           683
     22        2           223           655
     23        2           192           869
     24        1            20           717
     25        2           226           733
     26        2           221           849
     27        2           217           691
     28        1            20           723
     29        2           203           784
     30        1            22           914
     31        2           212           775
     32        2           188           734
     33        2           205           793
     34        1            18           671
     35        2           180           869
     36        2           264           721
     37        2           227           678
     38        2           251           710
     39        2           208           702
     40        1            33           751
     41        1            16           665
     42        2           204           759
     43        2           251           755
     44        2           209           742
     45        1            15           678
     46        2           210           715
     47        2           264           727
     48        1            23           498
     49        1            21           527
Attempt Distance          Time         TTime
      0        2         74991        103253
      1        1          1525         95204
      2        2         53068        112199
      3        1          1401         89593
      4        1          1139        115198
      5        2         51094         86518
      6        2         64455         89297
      7        1          1251         90572
      8        2         40141         93054
      9        2         33562        101284
     10        2         41114         93252
     11        2         31817         76403
     12        2         38049         92685
     13        2         30162        105952
     14        2         31441        103795
     15        2         28495        105740
     16        1           575         89986
     17        2         36296        113872
     18        2         31729         84296
     19        1           565         84014
     20        2         22917         82026
     21        2         78962         95748
     22        2         28427         88852
     23        2         31730        104300
     24        1           537         72482
     25        2         22123         77237
     26        2         19559         67525
     27        2         22028         95978
     28        1           535         85865
     29        2         30615         83658
     30        1           581         87215
     31        2         25548         75097
     32        2         23953         91148
     33        2         24334         79105
     34        1           515         87436
     35        2         28079         76762
     36        2         27772         95539
     37        2         25617         76142
     38        2         30051         96506
     39        2         28381         76163
     40        1           575         93218
     41        1           643        104197
     42        2         62600         80389
     43        2         28115         94338
     44        2         26241         90976
     45        1           531        104908
     46        2         25231         76580
     47        2         26700         78313
     48        1           545         76675
     49        1           459         98890
