Attempt Distance          Time         TTime         RTime        RTTime
      0        2          1866          2951         32164         12587
      1        1            48          5525          7668          7432
      2        2           776          1553         11158          7879
      3        2          1092          3087          8779          7662
      4        2           691          4792          4468          5379
      5        1            44           885          3063         10222
      6        2           717          3104          6753          8945
      7        1            48          1938          8640          9567
      8        2           954          1914          8172         11152
      9        2           723          2389          7253          7700
     10        2           785          1863         11794          8771
     11        1            70          1576          5453         10057
     12        1            50          5006          7365          9413
     13        1            55          1432         10667         11000
     14        1            58          1171          9332         11158
     15        1            51           899          5009         10216
     16        1            40          2295          4574         15401
     17        1           254          2777          6646          5386
     18        2           691          1409          9060          4670
     19        2           450          1510          6949          4825
     20        2           757          1511          9733          3929
     21        1            30          1092          2329          6131
     22        2           418           986          2650          4206
     23        1            47          1175          6243          6311
     24        2           381          1803          3058          4139
     25        2           563          1172          4269          4231
     26        2           756           862          4644          2757
     27        2           423           662          2269          3263
     28        1           125          1105          3834          3516
     29        2           442           711          3382          4754
     30        1            44           689          2463          2501
     31        2           442           661          2329          2170
     32        2           342          1296          4326          3090
     33        2           413           645          1941          2108
     34        1            31          1606          2125          3442
     35        2           349           745          2006          2072
     36        1            30           705          1770          2113
     37        2           302           729          3314          2140
     38        2           364           711          2304          2258
     39        2           365           646          1894          3372
     40        1            35          1127          2697          2773
     41        2           356          1142          3091          4263
     42        2           540           674          2039          2317
     43        2           348           889          3090          2996
     44        2          1372           864          3643          3740
     45        2           463           765          2169          2417
     46        2           720           796          3205          2071
     47        2           250           661          1700          2021
     48        1            16           733          1786          3268
     49        2          1516          1028          2232          3395
