Attempt Distance          Time         TTime
      0        2          1053          2230
      1        2           656          2941
      2        1            71          2967
      3        2           690          2121
      4        2           555          1547
      5        2           813          2010
      6        1            47          2272
      7        2           411          1049
      8        2           428          1105
      9        2           395          1632
     10        1            34          2166
     11        1            38          1628
     12        1            41          1866
     13        1            43          1798
     14        1           102          2453
     15        1            66          1572
     16        1            35           859
     17        2           222           690
     18        2           296           659
     19        2           286           622
     20        2           281           742
     21        1            54           881
     22        2           353           765
     23        2           254           805
     24        2           242           689
     25        2           409          1023
     26        2           469           711
     27        1            30           827
     28        2           209           573
     29        2           182           707
     30        2           187           556
     31        1            14           802
     32        1            15           617
     33        2           605          1068
     34        2           645           833
     35        2           350          1399
     36        2           742          1282
     37        2           419          1027
     38        2           345           791
     39        1            16           636
     40        2           170           624
     41        1            15           612
     42        1            24           914
     43        1            22           699
     44        2           177           554
     45        2           155           848
     46        1            18          1098
     47        2          4752          1372
     48        2           353          1116
     49        2           387          1113
Attempt Distance          Time         TTime
      0        2        104235        145876
      1        2        118427        138768
      2        1          1481        172832
      3        2        115449        140196
      4        2         79924        136902
      5        2         74466        110674
      6        1           805        138083
      7        2         46456        118017
      8        2         34866         99507
      9        2         41595        104192
     10        1           828        100990
     11        1           710         88501
     12        1           801        134182
     13        1          1246        107688
     14        1           698         96372
     15        1           698        101353
     16        1           653         92578
     17        2         67484         85567
     18        2         27145        122968
     19        2         35935         86319
     20        2         33783         91929
     21        1           627         86458
     22        2         36323         90538
     23        2         31178        103275
     24        2         39575        143649
     25        2         36578         99591
     26        2         38917         93850
     27        1           680         89566
     28        2         38854        103896
     29        2         25542         80371
     30        2         25878        117011
     31        1           592         96859
     32        1           601         95742
     33        2         75166         83245
     34        2         31261         87599
     35        2         35884         95646
     36        2         26529        116807
     37        2         34916         88167
     38        2         31628         81170
     39        1           623         83502
     40        2         27163         84081
     41        1           556         84394
     42        1           709         88270
     43        1           589        119908
     44        2         31115         98217
     45        2         34673         88722
     46        1           671        102205
     47        2         34123         93170
     48        2         39070         99917
     49        2         30103        108452
