Attempt Distance          Time         TTime         RTime        RTTime
      0        2          2907          1989         26696          9076
      1        2           598          1262          5243         10119
      2        1            42          2564          5819         12030
      3        2           540          1860          9306          6406
      4        2          2518          1840          5328          4206
      5        2          1678           776          4675          3329
      6        1            44          1175          6455          4786
      7        2           402          2138          3456          9459
      8        2          1398          2542          8104          6745
      9        1            95          2129          8357          4570
     10        2           521          1891          7281          4556
     11        2           401          1679          8465          4317
     12        2           600          1909          6479          5453
     13        2           487           813          3508         10128
     14        2           492          1451          2598          6441
     15        2           588           804          3740          3592
     16        2           390          1990          5037          5115
     17        2           596          2011          3919          5630
     18        1            35           974          3140          3694
     19        2           835          1087          7232          5039
     20        2           550           688          5210          3412
     21        2           354           820          2058          2676
     22        1            21          1627          2041          4090
     23        1            62           817          2888          2178
     24        2           446          1631          2282          3345
     25        2           294           705          1933          2485
     26        2           276           680          1813          2085
     27        2          1627          1004          3175          3638
     28        2           405           632          2743          2055
     29        2           273           808          3684          2447
     30        2           236          1054          2337          2870
     31        2           398          1652          2065          3739
     32        1            29          1133          1968          2519
     33        2           281           627          1780          2105
     34        2           637           629          2119          2219
     35        2           333           653          1963          2288
     36        2           280           675          2317          4632
     37        1            27           677          2701          2072
     38        2           262           641          1781          2196
     39        2          1777           847          3350          3049
     40        2           246           983          1857          2184
     41        1            23          1546          3413          2424
     42        2           299           621          3098          3213
     43        2           371          1070          3473          3075
     44        1            18           648          1744          2371
     45        1            23           669          1889          2511
     46        1            23          1229          3492          2539
     47        1            39           932          2517          4098
     48        2           658           738          3860          2084
     49        2           292          1087          1789          2882
