Attempt Distance          Time         TTime
      0       -1           122           109
      1       -1            19            29
      2       -1             7             7
      3       -1             7             7
      4       -1             8             8
      5       -1             6             6
      6       -1             7             7
      7       -1             6             7
      8       -1             6             7
      9       -1             5             7
     10       -1            10             9
     11       -1            30            85
     12       -1             7             7
     13       -1             7            10
     14       -1             5             6
     15       -1            11            32
     16       -1             4             5
     17       -1             8             7
     18       -1            13            10
     19       -1            12            10
     20       -1            13            17
     21       -1             8             9
     22       -1             8             9
     23       -1            10             9
     24       -1            35           412
     25       -1            17           169
     26       -1            20            12
     27       -1            27            28
     28       -1            17            23
     29       -1            10             9
     30       -1            10            10
     31       -1            10            11
     32       -1            16            11
     33       -1            15            11
     34       -1            16            21
     35       -1             7             6
     36       -1             9             7
     37       -1             5             6
     38       -1            12            13
     39       -1            21            18
     40       -1            12             9
     41       -1             5            20
     42       -1            14            17
     43       -1            19            14
     44       -1            25            69
     45       -1             8            13
     46       -1            49            10
     47       -1            11             9
     48       -1            14            17
     49       -1            83            43
Attempt Distance          Time         TTime
      0       -1          5854         12155
      1       -1          4950         12438
      2       -1           776          1357
      3       -1           685           917
      4       -1          1309           809
      5       -1           763           725
      6       -1           632          1029
      7       -1          1177           965
      8       -1           742           820
      9       -1           420           406
     10       -1           403           500
     11       -1          5862         36942
     12       -1           699           842
     13       -1          2847          3139
     14       -1           554           641
     15       -1          3583         12262
     16       -1           458           474
     17       -1           404           497
     18       -1           447           476
     19       -1           408           455
     20       -1          1295          3180
     21       -1           744           586
     22       -1           467           424
     23       -1           438           653
     24       -1           499           508
     25       -1           411           507
     26       -1           566           515
     27       -1          1995          7032
     28       -1          2434          8041
     29       -1           359           393
     30       -1           367           340
     31       -1          1441          2617
     32       -1           476           507
     33       -1           424           352
     34       -1          1775          5349
     35       -1           344           382
     36       -1           314           376
     37       -1           382           900
     38       -1           827          2455
     39       -1          1427          2634
     40       -1           587           671
     41       -1           629           635
     42       -1           548           683
     43       -1           530           437
     44       -1          4079         14020
     45       -1          2226          5699
     46       -1           403           646
     47       -1           430           560
     48       -1          1273          2856
     49       -1          4113         13320
Attempt Distance          Time         TTime
      0       -1          1891          1756
      1       -1          3234          7670
      2       -1          1934          1223
      3       -1          1625          1455
      4       -1          2425          1871
      5       -1          2439          1520
      6       -1          1503          1392
      7       -1          1571          1075
      8       -1          1377           961
      9       -1          1145           979
     10       -1          1989          1123
     11       -1          7004         38522
     12       -1          1835          2715
     13       -1          2592          2873
     14       -1          1419           728
     15       -1          3145          8704
     16       -1          1580          1344
     17       -1          2089          1057
     18       -1          1667          1073
     19       -1           927          1105
     20       -1          2178          2023
     21       -1          1852          1173
     22       -1          1882          1371
     23       -1          1940          1087
     24       -1          2094          1502
     25       -1          2199          1248
     26       -1          1442           861
     27       -1          2632          4951
     28       -1          3034          5055
     29       -1          1799          1269
     30       -1          2362          1499
     31       -1          2827          2203
     32       -1           868           890
     33       -1          1605          1426
     34       -1          3048          4140
     35       -1          2022          1015
     36       -1          1598          1710
     37       -1          2128          1410
     38       -1          1928          2123
     39       -1          3693          2342
     40       -1           879          1016
     41       -1           957           922
     42       -1           768          1825
     43       -1          1946          2779
     44       -1          4690          8421
     45       -1          1818          5107
     46       -1           907          1060
     47       -1          1141          1069
     48       -1          1889          3728
     49       -1          6612         12780
