Attempt Distance          Time         TTime         RTime        RTTime
      0        1           220          2833         32345         16840
      1        2           304          1323          5774         12605
      2        2           205          1340         27555          4398
      3        1           465           847          4334          6402
      4        3          4310          1389          2929          8794
      5        2           454          1067          3087          5282
      6        1            44           831          2723          3168
      7        2           195          1188          3467         10633
      8        1            43          1018         12590          2957
      9        2           320          1118          3442          6051
     10        2           136           715          3990          8647
     11        2           130           907         19653          3378
     12        2           173           680         10773          9760
     13        2           263           659          3003          3052
     14        1            48          1443          7648         10360
     15        2           207           769          3445          4958
     16        2          1001           667         10364         13721
     17        2           201          1257          3778          3643
     18        2           507          3560          7975         13950
     19        1            45          1041          2818          5644
     20        2           371          1317          7991          6068
     21        2           294           919         10261          4413
     22        2           130          1421          3348         11039
     23        2           240          2376          4757         10592
     24        3           767           710          8275          4435
     25        2           158          1075          8460          3491
     26        1            27          5199          2818          6929
     27        2           156           688          6267          6107
     28        2           187          7724          4723          4146
     29        2           127          1190          5202          4829
     30        3          2563          3960          3710          7127
     31        2           337           735          2241          2324
     32        2          2296          1593          5602          3195
     33        2           110           570         10029          2282
     34        2           124           655          1859          4059
     35        2           170           564          2424          1547
     36        2           133           594          1839          1828
     37        2            78          2048          2575          5616
     38        2           124           338          1179          1692
     39        2           130           595          1925          2747
     40        2           114           357          1795          1586
     41        2           167           422          1597          2036
     42        2            89           533          1353          1885
     43        2           225           733          2338          2419
     44        0             3           310          1108          1003
     45        2            45           354           917          1033
     46        2            48           267           809          1040
     47        1             9           430           768          2435
     48        2            81           308          1050          1040
     49        1             7           293           779           873
