Attempt Distance          Time         TTime
      0        1           140          2234
      1        2           503          1448
      2        2           504          1556
      3        2           746          2084
      4        2           459          1349
      5        2           970          1921
      6        2           656          1705
      7        2           429          1142
      8        2           239          1024
      9        1            12           896
     10        2           234           854
     11        2           244          1117
     12        1            19          1890
     13        1            21          1053
     14        2           142           777
     15        2           190           802
     16        2           336          1024
     17        1            18          1025
     18        2           180           760
     19        2           270           970
     20        2           453          1686
     21        2           325          1097
     22        2           259          1031
     23        2           211          1058
     24        2           190           739
     25        2           186           837
     26        2           206           680
     27        2           205           720
     28        2           154           687
     29        1            12           657
     30        2           141           532
     31        2           111           615
     32        2           161           654
     33        1            10           875
     34        2           227           762
     35        2           254           637
     36        2           188           836
     37        2           219           689
     38        2           216          1058
     39        2           272           836
     40        2           132           624
     41        1            12           700
     42        2           135           613
     43        2           211           663
     44        2           200           609
     45        2           134           608
     46        2           151           568
     47        1            17           589
     48        1             9           660
     49        2           164           524
Attempt Distance          Time         TTime
      0        1          5634         87095
      1        2         39250         96099
      2        2         47829        102120
      3        2         46164         88483
      4        2         31208         94314
      5        2         39058         89181
      6        2         35320         88200
      7        2         34604        106871
      8        2         41451         70858
      9        1           632         67059
     10        2         19367         79351
     11        2         21549         76443
     12        1           502         79561
     13        1           467         78432
     14        2         15690         77134
     15        2         22461         71508
     16        2         14629         77909
     17        1           485         75799
     18        2         16736         74443
     19        2         16496         78224
     20        2         21615         84746
     21        2         25301         94322
     22        2         23868         89877
     23        2         16905         76922
     24        2         16503         78140
     25        2         16392         89938
     26        2         19347         82281
     27        2         22387         90999
     28        2         14988         80676
     29        1           724         82425
     30        2         17076         79970
     31        2         20138         90645
     32        2         20036         82732
     33        1           492         80178
     34        2         15124         76223
     35        2         23310         81493
     36        2         19459         84486
     37        2         17893         77453
     38        2         52177         75823
     39        2         16980         74850
     40        2         20940         69607
     41        1           564         83249
     42        2         21061         84538
     43        2         18021         79571
     44        2         21957         74292
     45        2         15578         71773
     46        2         20320         73006
     47        1           488         76272
     48        1           963         84171
     49        2         19847         75063
Attempt Distance          Time         TTime
      0        1          1686         75689
      1        2         15981         66610
      2        2         18177         68506
      3        2         21259         66598
      4        2         14082         74250
      5        2         25189         63230
      6        2         18489         79165
      7        2         16766         81148
      8        2         13808         77047
      9        1           772         86135
     10        2         20999        108270
     11        2         16271         84963
     12        1           785         78590
     13        1           954         80832
     14        2         16000        309076
     15        2         20532         77109
     16        2         14447         77724
     17        1           867         99347
     18        2         16895         70254
     19        2         15468         70603
     20        2         22255         87267
     21        2         19973         64248
     22        2         16248         65287
     23        2         15774         86649
     24        2         15069         70419
     25        2         15523         72744
     26        2         19454         72971
     27        2         35414         72988
     28        2         13491         72493
     29        1           792         74126
     30        2         14783         93657
     31        2         15630         71346
     32        2         18465         71151
     33        1           729         95937
     34        2         14356         71280
     35        2         19496         74832
     36        2         17138         88254
     37        2         17284         70608
     38        2         21322         72798
     39        2         17702         71683
     40        2         33609         72847
     41        1           843         73065
     42        2         16440         92500
     43        2         21764         99972
     44        2         21961         72061
     45        2         16627         68062
     46        2         20246         92196
     47        1           854         76195
     48        1           720         73115
     49        2         21670         78486
