Attempt Distance          Time         TTime
      0        2           366          2160
      1        2            96           605
      2        2           168           706
      3        3           350           515
      4        2           226           924
      5        2           114           860
      6        3           824           982
      7        2           149           860
      8        3           689           754
      9        2           124           772
     10        2            99           846
     11        2           128           795
     12        3           439           515
     13        2            70           464
     14        2            61           545
     15        2            52           540
     16        3           347           481
     17        2            66           973
     18        2           103           832
     19        2           131           844
     20        3           397           679
     21        2            88           816
     22        2           115           688
     23        2           104           674
     24        3           338           668
     25        2            57           771
     26        3           687           751
     27        3           771           740
     28        3           493           721
     29        2           111           705
     30        2           141           735
     31        2            94           530
     32        3           335           637
     33        2           105           493
     34        3           395           593
     35        3           377           686
     36        1            29           739
     37        3           449           640
     38        2           130           729
     39        2           450          2270
     40        3           453           559
     41        2            80           465
     42        2           116           679
     43        2           115           663
     44        2           598           954
     45        2            80           509
     46        2            42           370
     47        2            58           338
     48        2            43           290
     49        3           277           302
Attempt Distance          Time         TTime
      0        2         34142         88438
      1        2         11764         56927
      2        2         16088         55247
      3        3         78874         79285
      4        2         31751         92055
      5        2          7558         58382
      6        3         56777         80779
      7        2          9183         40971
      8        3         88040         66506
      9        2          9228         59215
     10        2          7833         49149
     11        2          8905         51571
     12        3         66310         89250
     13        2          8847         61946
     14        2          6342         46858
     15        2          3191         51051
     16        3         60839         52333
     17        2          4404         53070
     18        2          5223         59703
     19        2          8887         47600
     20        3         41857         48603
     21        2          5529         47749
     22        2          8734         57766
     23        2          5957         46049
     24        3         42972         70568
     25        2          4799         75958
     26        3         58837         54845
     27        3         47228         57599
     28        3         37981         57151
     29        2          7549         54579
     30        2          7055         62152
     31        2          7559         62818
     32        3         73999         40874
     33        2          7010         56686
     34        3         37494         47972
     35        3         36168         55509
     36        1           412         68280
     37        3         37465         45536
     38        2          4111         50501
     39        2          7210         52634
     40        3         38203         54139
     41        2          4085         54000
     42        2          6741         64380
     43        2          7062         41154
     44        2          4221         44666
     45        2          6421         42937
     46        2          5442         57991
     47        2          6525         57382
     48        2          5898         66270
     49        3         40632         45632
