Attempt Distance          Time         TTime         RTime        RTTime
      0        3          6657         11484         63151         21438
      1        2           283         11672         27873         48395
      2        3          1558          8401         36352         30637
      3        3           571         11667         49178         22305
      4        2          6433         14469         15197         18230
      5        2           556          4523         46877         30565
      6        2           147          2769         43400         30707
      7        1           173          1023         46992          3547
      8        3           628          1581         19895         30605
      9        3          1710          2508         20630         10818
     10        2           191          1003          4546          5017
     11        2            96          1221          6932          3744
     12        2           111          2060         17434         35123
     13        2           261           837         15623          4229
     14        2           635           667         17062          8489
     15        2            72           837         18799         14246
     16        2            92          1709          5681         11195
     17        2           123          1936          5712          5080
     18        2            81           962          2386          4364
     19        1            46           627          3600          6208
     20        2           117           630         13682          2878
     21        2           134           671          8053          2745
     22        3           488           771         12047          4151
     23        3           445           603         14825          3309
     24        3           313           918          2994         13681
     25        2           129           525          2398         12772
     26        2           154           717          2745          6465
     27        2            70          1945         14196          5024
     28        3           525           618          2760          4829
     29        2           166           647          9100          3903
     30        2           382           601          4441          2595
     31        1            27           750          8504          2643
     32        3           267           725          2172          5137
     33        2            70           451          1745          2023
     34        2           113           587          3120          8304
     35        2            98           529          2428          4487
     36        1            22          2177          2576          3630
     37        3           347           706          1814          3306
     38        3           821           577          5842          3098
     39        3           310           488          2595          7778
     40        3           246           522          2014          2844
     41        2           109           599         10048          4833
     42        3           416           569          9026          2118
     43        2            95           469          2388          1952
     44        2            90          2016          3819          3716
     45        2            85           467          1720          1635
     46        3           364           557          7511          2103
     47        3           267           348          1335          2279
     48        3           287          2015          6543          2417
     49        2           109           456          2004          2103
