Attempt Distance          Time         TTime
      0        2           482          1520
      1        2           209           832
      2        1            22          1179
      3        2           263          1200
      4        2           195          1066
      5        2           221           980
      6        2           283          1101
      7        2           279           991
      8        2           251          1081
      9        1            31          1058
     10        2           254          1109
     11        2           252           840
     12        2           177           775
     13        2           126           758
     14        2           153           722
     15        2           222           686
     16        2           148          1108
     17        2           153           728
     18        2           129           655
     19        2            96           543
     20        2           100           505
     21        2            86           518
     22        2           115           392
     23        2            94           419
     24        1             6           357
     25        2            75           455
     26        2           111           566
     27        2           105           427
     28        2            77           424
     29        2            97           480
     30        2            91           472
     31        2            75           409
     32        2            59           379
     33        2           102           445
     34        2           147           917
     35        2           128           679
     36        2           237           773
     37        2           124           746
     38        2           142           634
     39        2           105           424
     40        2            76           369
     41        2            52           336
     42        2            85           385
     43        1            13           435
     44        2            83           442
     45        2            71           375
     46        2            61           381
     47        2            68           343
     48        3           390           393
     49        2            88           406
Attempt Distance          Time         TTime
      0        2         29609         69931
      1        2         25803         65964
      2        1          1103         80896
      3        2         23812         73494
      4        2         17416         89364
      5        2         25073         74867
      6        2         15771         72763
      7        2         30196         62563
      8        2         19398         71686
      9        1           796         75061
     10        2         18432         66277
     11        2         16168         72296
     12        2         15898         78546
     13        2          8769         81395
     14        2         10464         77912
     15        2         14012         62369
     16        2         10125         60126
     17        2         10917         64161
     18        2         11405         82706
     19        2         10379         67203
     20        2         10257         61835
     21        2         12011         63586
     22        2         13286         75904
     23        2         11437         64875
     24        1           490         67107
     25        2         13162         61096
     26        2         14332         80152
     27        2         16323         71994
     28        2         13042         72183
     29        2         21154         78967
     30        2         51375         89425
     31        2          9852         69647
     32        2         10667         62787
     33        2         14486         68315
     34        2         14293         86639
     35        2         11777         63011
     36        2         14008         64733
     37        2         12039         66306
     38        2         15653         82869
     39        2         14162         64578
     40        2         10260         64552
     41        2          8970         70506
     42        2         10645         92898
     43        1           396         63303
     44        2         10010         61231
     45        2         11706         78855
     46        2         10399         83667
     47        2         10770         69294
     48        3         70710         63020
     49        2          8845         71478
Attempt Distance          Time         TTime
      0        2         12583         84173
      1        2         12358         65375
      2        1           819         67447
      3        2         11353         72525
      4        2         11943         81794
      5        2         10491         62754
      6        2          9988         60855
      7        2         12740         76638
      8        2         10737         62660
      9        1           669         66366
     10        2         13622         60091
     11        2         14099         79253
     12        2          9755         61720
     13        2          7599         81890
     14        2          9899         71241
     15        2         12648         75786
     16        2          9833         69185
     17        2         10068         59820
     18        2          8359         72826
     19        2          8327         64926
     20        2          9206         66408
     21        2         11148         62902
     22        2         14592         81098
     23        2         10846         67264
     24        1           633         68927
     25        2         10420         81438
     26        2         13461         91149
     27        2         13452         65494
     28        2         12011         72117
     29        2         13620         88617
     30        2         12603         65786
     31        2         10638         61449
     32        2          9012         78997
     33        2         14827         87214
     34        2         11698         79579
     35        2         11873         59533
     36        2         12439         78556
     37        2         10477         62903
     38        2         13500         62447
     39        2         12955         80079
     40        2         10113         78976
     41        2         11108         82305
     42        2          9058         70793
     43        1           795         90187
     44        2         14703         77319
     45        2         11720         66118
     46        2         10326         76332
     47        2         10424         64098
     48        3         56474         62036
     49        2         10680         80627
