Attempt Distance          Time         TTime
      0        2           957          1741
      1        2           273          1221
      2        2           190          1097
      3        3           629          1089
      4        2           298          1454
      5        2            96           886
      6        2           132          1620
      7        1            15           777
      8        2           123           688
      9        2           116           704
     10        2           141          1125
     11        2           142           948
     12        2           212          1123
     13        2           137          1130
     14        1            29          1063
     15        2           118          1026
     16        2           121           878
     17        3           776           808
     18        1            24           760
     19        2           148           971
     20        2           123           624
     21        2           104           635
     22        3           470           591
     23        2           121           665
     24        1            16           731
     25        2           190          3922
     26        2           154          1090
     27        2           131           779
     28        3           538           601
     29        3          1614           787
     30        1            19           662
     31        2           230          1067
     32        3           378           565
     33        2            76           570
     34        1            16           654
     35        2           132           671
     36        2            83           603
     37        3           395           527
     38        3           400           575
     39        2            91           526
     40        2            99           560
     41        2           111           415
     42        2            74           491
     43        2            65           369
     44        2            49           304
     45        2           107           315
     46        2            62           310
     47        2            53           343
     48        2            47           321
     49        2            63           360
Attempt Distance          Time         TTime
      0        2         33810         83480
      1        2         21313         59612
      2        2         16349         72709
      3        3         74762         79619
      4        2         18450         73164
      5        2          9377         75776
      6        2          6767         64385
      7        1           884         66321
      8        2          5931         58129
      9        2         12804         67825
     10        2          9436         60673
     11        2         13997         71879
     12        2         12832         62187
     13        2          5504         48180
     14        1           655         65577
     15        2          7089         62683
     16        2          4143         83866
     17        3         77724         53223
     18        1           508         65045
     19        2          5523         59349
     20        2          8862         57894
     21        2         11325         71069
     22        3         87250         73138
     23        2         11077         57044
     24        1           467         59009
     25        2          8348         62742
     26        2          7161         69352
     27        2          8428         58407
     28        3         58347         66816
     29        3         57112         73940
     30        1           577         56596
     31        2          7075         76609
     32        3         51904         61468
     33        2          7787         73157
     34        1           524         81416
     35        2         24534         61842
     36        2          5889         77825
     37        3         46437         50912
     38        3         49475         49431
     39        2          6760         51849
     40        2          7725         69512
     41        2          4991         57613
     42        2          6445         56823
     43        2          7904         61781
     44        2          7811         61473
     45        2          7815         56197
     46        2         10303         70459
     47        2          6990         50099
     48        2          7842         60589
     49        2          6841         56460
Attempt Distance          Time         TTime
      0        2          9945         59038
      1        2         21821         56560
      2        2          8750         56309
      3        3         30204         60175
      4        2         11567         63581
      5        2          4669         73872
      6        2          5212         56498
      7        1           658         56548
      8        2          4730         56499
      9        2          7383         76917
     10        2          7613         73282
     11        2          6668         56043
     12        2          7679         58762
     13        2          4998         61230
     14        1           579         59248
     15        2         21542         62916
     16        2          3990         59486
     17        3         49289         56836
     18        1           716         55554
     19        2          5025         77558
     20        2          9537         61615
     21        2          9702         65705
     22        3         56088         56504
     23        2         20455         59685
     24        1           647         61987
     25        2          7329         60755
     26        2          7106         61544
     27        2          6903         69378
     28        3         52471         56205
     29        3         47292         60209
     30        1           651         61324
     31        2          6761         71863
     32        3         45156         56925
     33        2          6240         60842
     34        1           818         59242
     35        2          8378         69672
     36        2          5241         60562
     37        3         40253         57995
     38        3         47822         56797
     39        2          7179         78093
     40        2          7977         56250
     41        2          4699         57671
     42        2          6219         59025
     43        2          7325         71144
     44        2          8375         59053
     45        2          7367         69245
     46        2         11645         61805
     47        2          7111         62959
     48        2          7526         74921
     49        2          6710         58329
