Attempt Distance          Time         TTime         RTime        RTTime
      0        2          2421          2856         44516          9623
      1        2           618          2659         11738          5216
      2        2           800          1621          8517          6234
      3        2          1308          2025         11347         13987
      4        2           867          1926         11912         11029
      5        1            43          2464          9470          8204
      6        2           942          1333          9813          4976
      7        1           338          1125          7091          4170
      8        2           460          1251          6755          4251
      9        2           459          1580          5342          9111
     10        2           568          1211          5674          3984
     11        2           481          1279          4181          6132
     12        2           553          1084          4461          4921
     13        2           810          1098          5146          6384
     14        2           486          1773          6326          5284
     15        2           636          1363          4897          6093
     16        2           381           729          3135          4961
     17        2           439          1044          2596          3224
     18        2           362           925          2962          5174
     19        2           361          1238          3278          4822
     20        2           512          1100          5421          3756
     21        2           397          1143          3597          5397
     22        1            24           661          2560          2608
     23        2           456           939          3121          4013
     24        2           732           899          3410          2917
     25        2           397          1154          3081          5080
     26        1            37           618          3182          4037
     27        2           506          1932          3533          2811
     28        2           643           825          2964          2877
     29        2           279           982          3095          3191
     30        2           356           848          2779          2923
     31        2           256           984          2344          4847
     32        2           572          1088          4157          3145
     33        2           403           720          3529          3027
     34        2           256           598          1876          2839
     35        1            25           632          2062          4710
     36        2           371           735          2901          2100
     37        1            21           635          1873          2952
     38        2           581          1087          3232          3106
     39        2           396           900          2392          5640
     40        2           565           895          2948          2310
     41        1            39           685          3152          3351
     42        2           316          1012          2439          3284
     43        1            25          1346          3008          4294
     44        1           101          2088          3905          4722
     45        2           433          1571          4725          4386
     46        2           305           789          3426          2052
     47        2           228           748          6040          3399
     48        1            26           615          2080          2844
     49        1            29           759          5853          3469
