Attempt Distance          Time         TTime
      0        2          1385          1764
      1        2           775          1419
      2        2           448          1243
      3        2           470          1043
      4        2           511          1261
      5        1            79          1279
      6        1            27          1122
      7        2           770          1474
      8        2           457          1661
      9        1            35          1811
     10        2           731          1615
     11        2           632          1674
     12        2           845          1928
     13        2           590          1603
     14        1            35          1363
     15        1            27           816
     16        2           297           720
     17        2           298           745
     18        1            17           697
     19        1            18           937
     20        2           337           701
     21        2           250           868
     22        2           264           678
     23        2           268           607
     24        2           201           570
     25        1            26          1073
     26        2           521          1200
     27        1            23          1295
     28        2           425           921
     29        1            17           704
     30        2           211           541
     31        2           180           581
     32        2           190           559
     33        2           171           531
     34        1            12           577
     35        2           232           631
     36        2           232           624
     37        2           277           738
     38        1            17           689
     39        1            15           638
     40        1            17           638
     41        2           194           616
     42        1            24           675
     43        2           250           669
     44        1            15           858
     45        2           224           721
     46        2           246           659
     47        2           232           595
     48        1            14           534
     49        1            14           574
Attempt Distance          Time         TTime
      0        2        112235        123371
      1        2         87840        109279
      2        2         79755         91966
      3        2         88256         97161
      4        2         58902         95945
      5        1           936        129029
      6        1           852        110017
      7        2         46478        102958
      8        2         33404         96440
      9        1           538        101219
     10        2         39437         99707
     11        2         33911        100851
     12        2         45263        104337
     13        2         40187        133245
     14        1           965         96461
     15        1           605        114535
     16        2         41989        104626
     17        2         39653        103448
     18        1           688         93990
     19        1           695         98936
     20        2         42063        116575
     21        2         89879        102409
     22        2         39440         98710
     23        2         45233        109379
     24        2         34582         98250
     25        1           747        114666
     26        2         35003         96823
     27        1           592         98406
     28        2         39497         91036
     29        1           678        116943
     30        2         40873        121774
     31        2         32851        123658
     32        2         43675        101651
     33        2         39246        104726
     34        1           520        104378
     35        2         37765        101179
     36        2         35308        102407
     37        2         36524        114085
     38        1           658        101753
     39        1           606        124791
     40        1           991        118339
     41        2         32222         96592
     42        1           666        108944
     43        2         37524        100781
     44        1           624        105176
     45        2         30868         97085
     46        2         41290        110027
     47        2         38200         97898
     48        1           558        102314
     49        1           596         90975
Attempt Distance          Time         TTime
      0        2         48664        100168
      1        2         37942        100877
      2        2         34890        109733
      3        2         56899         99991
      4        2         43839         99021
      5        1           991        106345
      6        1          1057        107264
      7        2         42301        103998
      8        2         30912        101448
      9        1           743        102804
     10        2         38674        103646
     11        2         40731         96489
     12        2         51283        104662
     13        2         29186        111131
     14        1          1383        114926
     15        1           926        106435
     16        2         39062        100934
     17        2         48549        107160
     18        1           852        103210
     19        1          1003        110842
     20        2         49739        103144
     21        2         37986        102478
     22        2         37857         91671
     23        2         52243         99513
     24        2         35356        107208
     25        1           933        112417
     26        2         35700        111235
     27        1           861        114175
     28        2         55026        107294
     29        1          1027        118270
     30        2         38655         99174
     31        2         30049        107089
     32        2         45582         97307
     33        2         38951         99311
     34        1           852        101306
     35        2         38601         85343
     36        2         33139         86063
     37        2         38547         95491
     38        1           902         95855
     39        1          1314        116165
     40        1           864        100711
     41        2         31321         99190
     42        1           825        107058
     43        2         40807        113462
     44        1          1252        133038
     45        2         31914         84157
     46        2         43666         81808
     47        2         35817         85046
     48        1           830         96147
     49        1          1017         95542
