Attempt Distance          Time         TTime         RTime        RTTime
      0        2          1125          2266         28074         10861
      1        2           905          1116          5578          5854
      2        1            66          1683          4707          6196
      3        2           556          1604          4372         12591
      4        2           373          1000          3194          4701
      5        2           520           787          3193          4703
      6        2          1007           582          3385          3310
      7        1            28          1238          9688          3600
      8        2           319           896          8861          3679
      9        1            27           777          2586          5578
     10        2           929           601          4034          3447
     11        2           270           805          4585          3203
     12        2           323          1639          2313          3296
     13        2          1059          2211          3811          3619
     14        1           326           783          3426          3955
     15        2           302           886          2947          4358
     16        2           171           622          1306          3826
     17        2          1011           591          3848          4100
     18        2           320          1433          6260          3046
     19        2           217           647          2320          2086
     20        1            39          1406          3166          4735
     21        2           298           571          2957          3574
     22        2           231           702          3178          2562
     23        2           178           719          1841          2595
     24        2           461           522          3734          2714
     25        2           342           478          2170          4655
     26        1            19           681          2033          1840
     27        2           261           732          1626          1870
     28        1            19           645          1543          3004
     29        2           280           465          1920          1734
     30        2           136           702          1421          1601
     31        2           128           400          1260          1397
     32        2           128           636          2744          1592
     33        2           105           383          1137          1416
     34        2           148           457          1501          2211
     35        2           246           883          1818          3198
     36        2           242           440          1527          1572
     37        2           155           436          1420          1364
     38        2           115           392          1212          1757
     39        2           119           504          3002          1430
     40        2           144           612          1355          1707
     41        2           114           511          1913          1427
     42        1            26           417          1447          1798
     43        2           436           453          2859          1671
     44        2           104           463          1440          1607
     45        2           214           527          1756          2325
     46        2           325           833          2844          1944
     47        2           202           421          1437          1330
     48        2           115           410          1250          1383
     49        1            13           445          1148          2665
