Attempt Distance          Time         TTime
      0        2          1216          2467
      1        2           710          1797
      2        2           537          1543
      3        2           866          1763
      4        2           756          1679
      5        1            38          1612
      6        1            36          1767
      7        2           818          1659
      8        1            48          1827
      9        2           615          1756
     10        2           665          1333
     11        1            23          1298
     12        2           508          1222
     13        1            24           985
     14        1            17          1022
     15        2           241           624
     16        1            22           940
     17        2           917          1449
     18        2           540          1416
     19        2           708          1745
     20        1            34          1526
     21        2           482          1493
     22        2           554          1102
     23        1            29          1253
     24        2           317           837
     25        2           224           709
     26        1            13           615
     27        2           327           757
     28        2           354           836
     29        2           342           684
     30        2           312           808
     31        1            14           727
     32        2           224           660
     33        1            13           630
     34        2           194           602
     35        2           254           690
     36        2           262           968
     37        1            25           985
     38        2           397           901
     39        1            12           573
     40        2           189           580
     41        2           161           545
     42        2           231           632
     43        2           206           643
     44        1            14           584
     45        1            13           533
     46        2           231           544
     47        1            13           792
     48        2           226           685
     49        2           291           735
Attempt Distance          Time         TTime
      0        2        142502        147671
      1        2        119980        173625
      2        2         82855        131864
      3        2         78055        137385
      4        2         39309         79438
      5        1           881        107326
      6        1           794        105409
      7        2         86155        111000
      8        1           599         91078
      9        2         41814         95825
     10        2         41988        125434
     11        1           712        106769
     12        2         44051        113801
     13        1           586        128195
     14        1           705        105471
     15        2         56343        114979
     16        1          1320        159732
     17        2         77389        138266
     18        2         46341        102576
     19        2         38590         87746
     20        1           852        131815
     21        2         45330        113240
     22        2         41689        116604
     23        1          1186        170665
     24        2         79353        115684
     25        2         34009         99603
     26        1           910        153470
     27        2         28524         84518
     28        2         37526         93447
     29        2         34805        127568
     30        2         36403        101837
     31        1          1011         94986
     32        2         36947        112437
     33        1           653         88861
     34        2         43232        130169
     35        2         34075        113609
     36        2         30180         91290
     37        1           742        102657
     38        2         46880        106308
     39        1           694        119345
     40        2         91048         93478
     41        2         28784         97255
     42        2         43686        127155
     43        2         40569        103474
     44        1           759        104207
     45        1           607        127074
     46        2         50635        102175
     47        1           597         98708
     48        2         44653        118254
     49        2         43338         94652
