Attempt Distance          Time         TTime
      0        2           804          1829
      1        1            18          1111
      2        2           757          1788
      3        2           657          2060
      4        1            30          1573
      5        1            33          1555
      6        1            31          1526
      7        2           683          1555
      8        2           573          1734
      9        2           477          1193
     10        1            28          1137
     11        1            20          1169
     12        2           359          1109
     13        1            34          1620
     14        2           286           673
     15        2           278           844
     16        2           197           644
     17        1            17           576
     18        1            13           551
     19        2           220           803
     20        1            24           881
     21        2           225           790
     22        1            23           720
     23        1            24           826
     24        2           210           759
     25        2           381           888
     26        2           448           850
     27        1            28          1054
     28        2           325           810
     29        1            33           844
     30        2           210           754
     31        2           203           604
     32        2           184           577
     33        1            12           517
     34        2           146           510
     35        2           267           767
     36        2           282           790
     37        2           194           700
     38        2           268           669
     39        2           168           711
     40        1            14           616
     41        2           228           551
     42        2           177           557
     43        2           174           536
     44        2           164           629
     45        2           187           555
     46        2           178           750
     47        2           286           728
     48        2           203           612
     49        1            14           552
Attempt Distance          Time         TTime
      0        2         90327        101349
      1        1          1228        129316
      2        2         77469         89994
      3        2         72740        113141
      4        1          1681         94452
      5        1          1540        125996
      6        1          1582         94548
      7        2         40787         92153
      8        2         35531         89413
      9        2         32875         87669
     10        1           689        121181
     11        1           651         86219
     12        2         32393         87148
     13        1           864        119625
     14        2         66575        114882
     15        2         35300         78945
     16        2         29612         92037
     17        1           650         85505
     18        1           543        112920
     19        2         36606         85013
     20        1           878         98411
     21        2         28298         77652
     22        1           580        110015
     23        1           628         87463
     24        2         28712         86924
     25        2         33699         79688
     26        2         36096        116926
     27        1           661         82019
     28        2         30283         74065
     29        1           615         76615
     30        2         29279         95397
     31        2         33021         82425
     32        2         74083         85395
     33        1           640         84316
     34        2         26526         78079
     35        2         45592         90444
     36        2         33092         71345
     37        2         22724         69268
     38        2         28066         68583
     39        2         25622        111190
     40        1           548         96898
     41        2         30857         84130
     42        2         28563         86637
     43        2         29133        106732
     44        2         31086         87443
     45        2         27154         82868
     46        2         60760         88010
     47        2         35406        108890
     48        2         31729         94749
     49        1           571         95347
Attempt Distance          Time         TTime
      0        2         38867        107258
      1        1          1079        114104
      2        2         33988         82390
      3        2         29099         88187
      4        1           888        122373
      5        1           949         87155
      6        1           843         91752
      7        2         34387         82545
      8        2         31789        119019
      9        2         29829         86031
     10        1           837         91632
     11        1           817         88696
     12        2         59679         87157
     13        1           904         90832
     14        2         29416         86649
     15        2         37561        119902
     16        2         29665         89369
     17        1           842         94431
     18        1           885         90197
     19        2         59261         84004
     20        1          1277         89157
     21        2         26813         84663
     22        1           785         86823
     23        1          1011        118768
     24        2         27792         90795
     25        2         36637         89677
     26        2         36000        120021
     27        1          1135         94391
     28        2         29917         83916
     29        1           835         85476
     30        2         58101         88697
     31        2         31863         89030
     32        2         26104         84895
     33        1           927        122389
     34        2         26972         83201
     35        2         36884         78471
     36        2         32847        110348
     37        2         24051         82370
     38        2         29853         89626
     39        2         26285         86195
     40        1           957        117925
     41        2         31136         86887
     42        2         28984         89479
     43        2         39133        142766
     44        2         29793         85925
     45        2         26054         82625
     46        2         28856         89397
     47        2         66226         83276
     48        2         29241         86018
     49        1           884         89502
