Attempt Distance          Time         TTime
      0        2           692          1652
      1        2           377          1118
      2        1            23          1430
      3        2           486          1431
      4        1            37          1534
      5        1            28          1723
      6        1            26          1344
      7        2           469          1724
      8        2           350          1185
      9        1            25          1501
     10        2           323          1141
     11        1            22          1331
     12        2           274           822
     13        2           205           714
     14        2           182           662
     15        2           207           776
     16        1            16          1113
     17        2           221           785
     18        1            30           721
     19        2           116           582
     20        2           220           680
     21        2           182           610
     22        2           180           556
     23        2           127           603
     24        1             8           548
     25        2           131           700
     26        1            11           659
     27        2           209           734
     28        2           167           997
     29        2           211          1060
     30        2           443           880
     31        2           282          1624
     32        2           216           925
     33        2            91           592
     34        2           124           710
     35        1            11           589
     36        2           138           838
     37        1            11           775
     38        2           144           535
     39        2           164           492
     40        2           115           517
     41        1             9           479
     42        2           148           786
     43        1            20          1139
     44        2           163           957
     45        2           240          1159
     46        2           392           884
     47        2           115           613
     48        1             8           492
     49        2           171           440
Attempt Distance          Time         TTime
      0        2         38125         77935
      1        2         25886         90191
      2        1          1292         85313
      3        2         35549         77416
      4        1          1778         87289
      5        1          1103         63246
      6        1           922         71160
      7        2         24285         82307
      8        2         27138         60923
      9        1           458         70124
     10        2         14777         71809
     11        1           646         97621
     12        2         23349         78667
     13        2         14334         69191
     14        2         19365         81695
     15        2         18517         69093
     16        1           607         73546
     17        2         16919         80566
     18        1           626         70082
     19        2         14375         68738
     20        2         49979         72198
     21        2         17135         82697
     22        2         17719         75864
     23        2         14030         67744
     24        1           558         91156
     25        2         15083         74462
     26        1           452         70560
     27        2         16735         71993
     28        2         13192         99958
     29        2         17898         74790
     30        2         17781         66396
     31        2         17091         82754
     32        2         15380         68251
     33        2         14373         72977
     34        2         16311         88160
     35        1           525         71852
     36        2         17968         98046
     37        1           687         87336
     38        2         15788         81456
     39        2         15582         64079
     40        2         15755         68371
     41        1           490        105639
     42        2         15202         70103
     43        1           591         77057
     44        2         16652         89299
     45        2         19696         69349
     46        2         20531         71377
     47        2         14466         68175
     48        1           556         93104
     49        2         18855         69156
Attempt Distance          Time         TTime
      0        2         15435         68779
      1        2         14184         84761
      2        1           819         70430
      3        2         16856         68823
      4        1           724         89083
      5        1           699         72834
      6        1           717         72696
      7        2         13321         85991
      8        2         15813         74611
      9        1           742         90393
     10        2         13480         89629
     11        1           718         69522
     12        2         13484         67375
     13        2         13728         85001
     14        2         17357         67027
     15        2         17750         69018
     16        1           711         89729
     17        2         18113         68693
     18        1           748         71071
     19        2         13631         84691
     20        2         20019         68373
     21        2         16065         69802
     22        2         28972         70034
     23        2         17673         68719
     24        1           699         69381
     25        2         26717         70908
     26        1           819         68671
     27        2         15936         67597
     28        2         24940         74084
     29        2         14694         70372
     30        2         17185         89341
     31        2         21664         76134
     32        2         13899         72688
     33        2         14233         86067
     34        2         14488         80773
     35        1           824         71737
     36        2         15064         80808
     37        1           762         72290
     38        2         14836         67760
     39        2         17213         87008
     40        2         17990         76974
     41        1           791         71854
     42        2         13718         79555
     43        1           856         66813
     44        2         16191         69185
     45        2         19966         78463
     46        2         19778         64304
     47        2         12566         64847
     48        1           921         87199
     49        2         18691         68672
