Attempt Distance          Time         TTime
      0        3          1230         13132
      1        3           393           517
      2        2            77           499
      3        3           281           441
      4        3           415           749
      5        3           484           805
      6        3           266           416
      7        3           198           548
      8        2           130           794
      9        2            96           763
     10        3           406           782
     11        3           393           593
     12        1            20           442
     13        2            64           644
     14        2           151           868
     15        3           357           926
     16        3           275           401
     17        3           254           382
     18        3           257           801
     19        3           269           459
     20        2            78           676
     21        3           238           471
     22        2            52           466
     23        2            37           469
     24        2            36           384
     25        2            81           707
     26        2            80           879
     27        2           171          1741
     28        3           288           415
     29        2            77           769
     30        3           392           756
     31        3           583           814
     32        2            54           712
     33        3           466           808
     34        3           529           673
     35        3           557           828
     36        3           576          1140
     37        3           487           755
     38        2            72           811
     39        3           363           680
     40        2            86           704
     41        3           353           533
     42        2            67           462
     43        1            15           489
     44        2            62           524
     45        0             3           480
     46        2            62           462
     47        3           258           508
     48        2            54           464
     49        3           199           465
Attempt Distance          Time         TTime
      0        3        107687         55674
      1        3         77929         53537
      2        2         10514         68187
      3        3         50302         59892
      4        3         40630         50680
      5        3         41684         53833
      6        3         38257         51118
      7        3         23698         60433
      8        2         12671         66520
      9        2          4053         44681
     10        3         24649         43369
     11        3         30948         53586
     12        1           560         81814
     13        2          8279         59080
     14        2          6019         43620
     15        3         36586         52601
     16        3         38496         53617
     17        3         37285         65407
     18        3         25804         70515
     19        3         33364         42765
     20        2          4121         44125
     21        3         28593         49485
     22        2          4872         51820
     23        2          4275         52186
     24        2          4755         46330
     25        2          6181         54116
     26        2          3404         67076
     27        2          4959         63037
     28        3         30831         49850
     29        2          4029         40781
     30        3         36865         56291
     31        3         42126         81093
     32        2          3238         65618
     33        3         83447         63451
     34        3         53141         62726
     35        3         49199        104468
     36        3         73348         54139
     37        3         35970         53036
     38        2          4194         50567
     39        3         32000         55682
     40        2          4699         68951
     41        3         41943         54216
     42        2          4078         44751
     43        1           258         44361
     44        2          3812         47573
Standard and transitive algorithms inconsistent (0 != 2)
     46        2          5994         51446
     47        3         28750         53851
     48        2          4519         59945
     49        3         27687         72340
Attempt Distance          Time         TTime
      0        3         42875         59192
      1        3         48252         74010
      2        2          7085         62532
      3        3         50069         72057
      4        3         47591         59258
      5        3         25880         48941
      6        3         28583         66456
      7        3         21641         62370
      8        2          6183         59220
      9        2          3167         65542
     10        3         40052         93257
     11        3         27527         49152
     12        1           493         48886
     13        2          4312         69914
     14        2          5917         63772
     15        3         29339         64235
     16        3         38302         55160
     17        3         56072         74152
     18        3         22892         66669
     19        3         30227         64808
     20        2          4769         69892
     21        3         32536         58101
     22        2          5131         59729
     23        2          3659         61517
     24        2          3876         76853
     25        2          5073         62768
     26        2          6298         68754
     27        2          3371         64761
     28        3         42625         67621
     29        2          2544         50370
     30        3         27087         47200
     31        3         39398         67884
     32        2          2900         57775
     33        3         31281         60754
     34        3         46389         52792
     35        3         31537         44726
     36        3         35369         44729
     37        3         39073         87460
     38        2          5385         56325
     39        3         33010         50225
     40        2          4636         52639
     41        3         34461         69436
     42        2          6230         57743
     43        1           631         56407
     44        2          4902         50847
Standard and transitive algorithms inconsistent (0 != 2)
     46        2          3856         61032
     47        3         27790         48781
     48        2          4817         49953
     49        3         21442         48147
