Attempt Distance          Time         TTime         RTime        RTTime
      0        2          1603          1962         28225         10826
      1        1           200          1363          6062         10344
      2        2           584          2034          4250          7394
      3        2           319          1228          2906          7553
      4        2           358          1022          3468          3539
      5        2           443           601          5776          3692
      6        2           401           600          2943          3113
      7        2           189           573          3328          4248
      8        2           632           987          3797          3528
      9        2           355          1066          8930          3334
     10        2           328          1382          6970          3536
     11        1            41           688          2411          4705
     12        2           323           618          3262          2987
     13        2           180           727          2407         10056
     14        1            36          2077          3781          6638
     15        2           944           803          2566          3762
     16        2           214          2927          2844          4863
     17        2           401           588          3018          2236
     18        2           287           934          5276          3545
     19        2           155          1420          2453          4154
     20        2           624           907          4207          4622
     21        2           253          2280          1717          4422
     22        2           150           640          2085          2062
     23        1            21           454          1351          6339
     24        2          1011           514          1733          2399
     25        2           331           741          3842          4604
     26        1            28           542          1837          2863
     27        2           197           408          1511          2110
     28        1            23          1396          1870          3771
     29        2           154           704          1531          2307
     30        2           164           407          1509          1384
     31        1            11          1254          2868          2819
     32        2           171           477          1725          1728
     33        2           113           402          1337          2082
     34        2           259           972          2981          3300
     35        2           184           416          1470          1463
     36        2           164           445          1414          1540
     37        1            14           471          1201          2908
     38        1            24           441          1271          1583
     39        2           114           423          1258          1449
     40        2           130           463          1481          1719
     41        1            15          1702          1339          3074
     42        2           201           412          1536          1604
     43        2           167           464          1613          1714
     44        2           177           428          1908          3274
     45        2           332           482          1607          1683
     46        2           176           479          2141          1770
     47        1            35           588          1503          3155
     48        2           238           835          2369          1718
     49        2           117           471          1634          1591
