Attempt Distance          Time         TTime         RTime        RTTime
      0        1           170          1314         25470          5084
      1        2           324          1459          9582          5856
      2        2           828          1605          5991          9338
      3        2           311           957          2988          3389
      4        2           170          2891          5102          3231
      5        2           242          1099          2969          6186
      6        2           260           988          3107          2607
      7        1            37           815          7075          2498
      8        2           155          1033          2905          4971
      9        2           308           999          3288          2676
     10        2           294          1067          3119          4677
     11        2           147           573          1685          2256
     12        2           261          1689          4334          2235
     13        1            21           764          2368          3075
     14        2           169          5719          4529          2703
     15        2           304           840          1832          4905
     16        2           216           848          2781          2959
     17        1            18           440          1627          1346
     18        1            20          1364          5998          2189
     19        2           218           792          2275          2309
     20        1            17          2149          4441          3615
     21        2           134           729          2292          2276
     22        2           170          1250          4595          4152
     23        2           178           610          2392          2596
     24        2           549           462          3089          2367
     25        2           146           476          1248          1439
     26        1            15          1613          1662          5079
     27        2           126           896          2402          2553
     28        2           199           677          5063          2404
     29        1            20           552          1570          1637
     30        2           173           586          1625          2977
     31        2           421           436          3154          1330
     32        2            73           414          1068          1340
     33        2            82           365          1068          1350
     34        2            99           344          1034          3682
     35        2           143           381          1264          1250
     36        2           109           412          1156          1230
     37        2            91           553          1033          1277
     38        2            96           369          1371          2176
     39        2           165           387          1402          1250
     40        2            72           495          1483          1661
     41        2           180           667          1924          1994
     42        2           176           527          2548          2540
     43        2           303           469          2102          1819
     44        2           234           606          1821          1715
     45        2           133          1051          2707          2261
     46        2           164           368          1226          1663
     47        2            95           692          1286          1392
     48        1            16           355          1234          2138
     49        2           202           428          2102          1557
