Attempt Distance          Time         TTime
      0        2          1410          2446
      1        2           902          1476
      2        1            44          1827
      3        2           897          2030
      4        2           898          2213
      5        1            31          1952
      6        1            31          1834
      7        1            24          1699
      8        2           795          1415
      9        2           594          1426
     10        0             5          1377
     11        1            25          1289
     12        2           475           858
     13        2           323           738
     14        0             1           764
     15        1            17           863
     16        2           383           815
     17        1            17           762
     18        2           261           679
     19        2           272           845
     20        2           320           910
     21        2           423          1005
     22        2           312           793
     23        2           518          1128
     24        1            19          1314
     25        2           552          1923
     26        2           566          1232
     27        2           572           985
     28        2           341           838
     29        1            17           781
     30        1            14           716
     31        1            16           954
     32        2           364           666
     33        2           258           625
     34        1            14           666
     35        1            14           708
     36        1            17           830
     37        2           278           733
     38        1            19          1170
     39        2           626          1786
     40        1            31          1092
     41        1            18          1058
     42        2           633          1336
     43        1            20          1055
     44        1            20          1011
     45        2           348           986
     46        1            15           993
     47        2           332          1022
     48        1            19          1201
     49        2           429           954
Attempt Distance          Time         TTime
      0        2         99382        127165
      1        2         90413        115001
      2        1          1302        109003
      3        2        124738        125900
      4        2         56004         95279
      5        1           710        125844
      6        1           683         96474
      7        1           668         97896
      8        2         50258         92200
      9        2         40265        100734
Standard and transitive algorithms inconsistent (0 != 2)
     11        1           926        102343
     12        2         51226        114415
     13        2         46870         99481
Standard and transitive algorithms inconsistent (0 != 1)
     15        1           813        123526
     16        2         46018         91466
     17        1           726        122489
     18        2         44590         97589
     19        2         83040        106946
     20        2         38820         98271
     21        2         64728        116106
     22        2         42650        107568
     23        2         47260         77782
     24        1           652        117338
     25        2         42561        104425
     26        2         43220        109921
     27        2         39324         93217
     28        2         74033        111617
     29        1           678        104598
     30        1           670         93104
     31        1           615        102385
     32        2         44205         81775
     33        2         56617        101768
     34        1           792         84391
     35        1          1185         85904
     36        1           680        103792
     37        2         34617         75622
     38        1           715        101155
     39        2         37860         84516
     40        1           649        104013
     41        1           979         93816
     42        2         33455         89609
     43        1           601        112680
     44        1           641         99681
     45        2         36821        109369
     46        1           728         96253
     47        2         41791         95124
     48        1           646        124314
     49        2         68676         96961
Attempt Distance          Time         TTime
      0        2         36296        109251
      1        2         35634         95151
      2        1           971        121888
      3        2         41273         83705
      4        2         58486         95024
      5        1          1071         98688
      6        1           841        128027
      7        1           861        103843
      8        2         38285        114310
      9        2         36700         97178
Standard and transitive algorithms inconsistent (0 != 2)
     11        1          1157         93086
     12        2         43441        116672
     13        2         35529         83059
Standard and transitive algorithms inconsistent (0 != 1)
     15        1          1540        101621
     16        2         46888        119506
     17        1          1055        101290
     18        2         39672        114613
     19        2         36675         91632
     20        2         66330        100619
     21        2         53388        111731
     22        2         44112         95543
     23        2         47052        117915
     24        1           950         96211
     25        2         41442        114941
     26        2         39876         87151
     27        2         60127         95815
     28        2         45418        117542
     29        1           896         99328
     30        1          1198         98055
     31        1           839        114337
     32        2         47479         92821
     33        2         66232         88730
     34        1           902         93710
     35        1           741        118615
     36        1          1029        101511
     37        2         35987        109815
     38        1           900         93690
     39        2         38138        115217
     40        1          1028        100425
     41        1           910        118723
     42        2         36693         89704
     43        1           785        116266
     44        1          1014        101664
     45        2         37255        117526
     46        1          1008        100199
     47        2         37258        112797
     48        1           918        102040
     49        2         36552        116313
