Attempt Distance          Time         TTime
      0        1           176          2688
      1        1            55          1852
      2        2           486          1849
      3        2           454          1492
      4        2           302          1358
      5        2           455          1477
      6        2           297          1731
      7        2           322          1301
      8        2           419          1442
      9        2           454          1498
     10        2           340          1358
     11        2           428          1431
     12        2           325           895
     13        1            30          1010
     14        1            16           927
     15        2           198           818
     16        2           262           803
     17        2           163           739
     18        2           191           746
     19        2           222           955
     20        2           166           714
     21        2           172           683
     22        1            11           754
     23        2           182           649
     24        2           180           706
     25        2           169           787
     26        2           167           694
     27        2           162           772
     28        2           166           664
     29        2           132           614
     30        1            11          1055
     31        2           546          1405
     32        2           185           925
     33        1            24          1101
     34        2           189           704
     35        2           140           649
     36        1            11           614
     37        2           118           581
     38        1            16           862
     39        2           334           755
     40        2           174           722
     41        2           128           540
     42        2           113           716
     43        2           214           854
     44        2           213           787
     45        2           422           823
     46        2           131           628
     47        2           117           524
     48        2           107           450
     49        2           111           545
Attempt Distance          Time         TTime
      0        1          3918        153924
      1        1          3689        160894
      2        2         85007        135629
      3        2         45234        114333
      4        2         45764        125450
      5        2         43091        112496
      6        2         29211         96730
      7        2         53026         84640
      8        2         30419         64405
      9        2         21087         62593
     10        2         15156        103431
     11        2         43075         89125
     12        2         22570         72334
     13        1           588         87757
     14        1           642         85952
     15        2         24968         77305
     16        2         26161        115172
     17        2         27509         84295
     18        2         15053         78210
     19        2         15065         87489
     20        2         18550         86903
     21        2         23159        132916
     22        1           687         97783
     23        2         28437         85460
     24        2         21536         77041
     25        2         16615         67211
     26        2         17673         74665
     27        2         19903        126886
     28        2         27300         76636
     29        2         18614         83873
     30        1           572         74852
     31        2         21369         69333
     32        2         16115        116083
     33        1           774         89668
     34        2         23128         61344
     35        2         17644         69371
     36        1           558         70992
     37        2         18216         72957
     38        1           529         98519
     39        2         22509         71333
     40        2         21297         79833
     41        2         19256         79455
     42        2         17050         69367
     43        2         17653        101966
     44        2         23991         78601
     45        2         63304         71780
     46        2         18140         66999
     47        2         19369         69145
     48        2         18436         98427
     49        2         22091         79515
