Attempt Distance          Time         TTime         RTime        RTTime
      0        2          1192          3607         35278          9179
      1        2           348          1425          7825          5845
      2        2           268          1468          5644          6038
      3        2           400          2063         11999          5159
      4        2           393           936          4894          3960
      5        0             9          1105          4763          5162
      6        2           398          1100          8876          3681
      7        2           296          1442          5031          2839
      8        2           169           799          2998          2272
      9        2           374          2157          3476          3574
     10        2           263          1302          8587          2798
     11        2           220          1015          2562          1645
     12        2           420          2111          5079          3087
     13        2           171           514          2241          4777
     14        2           359           708          2558          2814
     15        2           117           580          1788          2062
     16        2           289          1466          3468          4436
     17        2           181           757          2396          2033
     18        2           250           931          3985          3179
     19        2           291           527          1716          2348
     20        2           156           420          1365          5459
     21        2           247           687          2523          2213
     22        1            24           689          1956          4132
     23        2           127           869          2173          2209
     24        1            20           683          1943          2403
     25        1            27           938          3027          3483
     26        2           225           500          1848          2070
     27        2           154           515          1955          3104
     28        1            22           566          1817          1574
     29        2            98           417          1314          2196
     30        2           164           516          1299          1686
     31        2           127           546          1909          2320
     32        1            19           413          1440          1360
     33        2            84           370          1192          1285
     34        2           111           358          1082          1621
     35        2           168          1054          1921          2415
     36        2           159           670          1906          1509
     37        2           126           374          1166          1475
     38        1            13           383          1412          1329
     39        2           273           519          2485          2259
     40        2            95           490          1683          1675
     41        2           141           403          2168          1726
     42        2           137           498          2280          1523
     43        2           108           380          1294          2194
     44        2           150           452          2212          1363
     45        2            88           368          1164          2581
     46        2           285           412          1579          1340
     47        2           293           606          1593          1661
     48        2           304           389          1473          1316
     49        2           145           351          1070          2290
