Attempt Distance          Time         TTime
      0        1           138          1730
      1        2           467          1110
      2        2           347          1109
      3        1            32          1413
      4        2           462          1271
      5        2           643          1287
      6        2           593          1703
      7        2           430          1349
      8        1            33          1696
      9        1            30          1628
     10        1            28          1374
     11        2           450          1451
     12        1            30          1095
     13        2           581           895
     14        2           220           567
     15        2           182           592
     16        1            13           526
     17        2           193           670
     18        2           187           692
     19        2           410           807
     20        2           242           623
     21        2           197           554
     22        1            12           525
     23        1            14           503
     24        1            11           500
     25        2           191           769
     26        2           164           648
     27        1            13           546
     28        2           220           599
     29        2           169           532
     30        2           406          1150
     31        2           361           965
     32        2           218           831
     33        1            33           761
     34        2           276           584
     35        2           266           845
     36        2           251           707
     37        2           225           569
     38        2           178           574
     39        1            13           527
     40        2           197           511
     41        2           154           493
     42        2           176           606
     43        1            19           717
     44        1            23           702
     45        2           186           505
     46        1            12           996
     47        2           242           554
     48        2           154           492
     49        2           163           489
Attempt Distance          Time         TTime
      0        1          4707        101858
      1        2         75613        111407
      2        2         64931        162047
      3        1          1449        109117
      4        2         65780         92013
      5        2         60763         91574
      6        2         36588         79721
      7        2         28655         87664
      8        1           655         99108
      9        1           663        132438
     10        1           674         86551
     11        2         32070         80965
     12        1           591         77617
     13        2         33456         73405
     14        2         33132         73677
     15        2         29038        139066
     16        1         17189         89800
     17        2         32906         84039
     18        2         28644        101313
     19        2         34785         79232
     20        2         30315         82125
     21        2         40895        121362
     22        1           749         86975
     23        1           645         79943
     24        1           520         87690
     25        2         23783         85864
     26        2         28396         84311
     27        1           545         86599
     28        2         26088        119705
     29        2         28044         82626
     30        2         35048         81710
     31        2         25255         83155
     32        2         27888         81919
     33        1           566         82246
     34        2         79982        130445
     35        2         22964         85839
     36        2         30925         74456
     37        2         24272         81606
     38        2         28947         84735
     39        1           603         84955
     40        2         31106         81971
     41        2         28887        122757
     42        2         28479         84152
     43        1           575         83880
     44        1           556         94699
     45        2         27957         84079
     46        1           693         84766
     47        2         24834        119909
     48        2         28272         83793
     49        2         26021         72985
Attempt Distance          Time         TTime
      0        1          1616         85902
      1        2         29487         83475
      2        2         29285         87463
      3        1           914        129058
      4        2         27361         84485
      5        2         30853         90961
      6        2         26632        108383
      7        2         32095         83730
      8        1           950        124519
      9        1           911         92845
     10        1           830         89740
     11        2         28448         83779
     12        1           825         94933
     13        2         30851         80534
     14        2         29274        125699
     15        2         26238         95192
     16        1          1029         87871
     17        2         30669         79059
     18        2         26044         73079
     19        2         31254        141902
     20        2         26335         77083
     21        2         34433         82109
     22        1           701         78168
     23        1           815         78128
     24        1           722         86819
     25        2         19270        113925
     26        2         28414         87524
     27        1           829         75762
     28        2         27281         76174
     29        2         26591         78259
     30        2         29988        114881
     31        2         24054         80214
     32        2         25918         78349
     33        1           887         84511
     34        2         29264         81701
     35        2         24637         80901
     36        2         66225         74484
     37        2         23691         76930
     38        2         30100         78236
     39        1           782         78303
     40        2         35371         73262
     41        2         26091        122168
     42        2         25884         67270
     43        1           745         87696
     44        1           909         81860
     45        2         28890         82755
     46        1           793         86064
     47        2         62934         77591
     48        2         26568         70550
     49        2         27091         79754
