Attempt Distance          Time         TTime
      0        3           509           596
      1        4           458           352
      2        2            72           434
      3        0             9           425
      4        3           189           464
      5        1            16           443
      6        2            35           342
      7        3            67           191
      8        2            33           390
      9        3            88           246
     10        2            44           387
     11        3           171           386
     12        3           175           419
     13        3           139           407
     14        2            65           509
     15        3           109           290
     16        3           170           653
     17        3           235           737
     18        4           691           434
     19        5           648         36913
     20        3            93           218
     21        3            45           142
     22        4           168           180
     23        3           117           284
     24        4            79            74
     25        4           244           213
     26        3            42           184
     27        2            28           258
     28        3            47           134
     29        3            65           163
     30        4           110           151
     31        3            85           247
     32        3            98           184
     33        5           153         23602
     34        3            87           212
     35        4           167           193
     36        4           136           154
     37       -1           339         23087
     38        2           107           495
     39        3            45           115
     40        3            88           151
     41        4           356           153
     42        5           362         11434
     43        4            71            73
     44       -1           198         16171
     45        5           232         19773
     46       -1           264         21557
     47        3            80           139
     48        2            33           153
     49        3            50           137
Attempt Distance          Time         TTime
      0        3         50098         38246
      1        4        106254         34787
      2        2          5137         32897
Standard and transitive algorithms inconsistent (0 != 4)
      4        3         29107         46553
      5        1           987         45082
      6        2          3869         35511
      7        3         11747         39985
      8        2          9975         42832
      9        3         19732         27063
     10        2          8227         44428
     11        3         17578         34516
     12        3         19139         33190
     13        3         24097         35087
     14        2          7572         39388
     15        3         12709         24067
     16        3         15711         41254
     17        3         35889         47071
     18        4         90313         32233
     19        5         82647       3884566
     20        3          7286         18106
     21        3          6252         18691
     22        4         27861         27343
     23        3          9199         28088
     24        4         15427         17362
     25        4         34042         35148
     26        3          5980         18747
     27        2          4324         33379
     28        3          7671         24343
     29        3         11670         30664
     30        4         22828         38063
     31        3          8669         25244
     32        3         14867         35809
     33        5         32684       2975801
     34        3         13718         31814
     35        4         29915         19502
     36        4         56863         19495
     37       -1         44011       8100558
     38        2          1514         26718
     39        3          3681         15877
     40        3          6749         21616
     41        4         30979         31751
     42        5         25432       3136795
     43        4         31231          8774
     44       -1         39259       7617543
     45        5         32276       3843075
     46       -1         43146       7542620
     47        3          9490         30134
     48        2          1921         34262
     49        3          7589         19431
Attempt Distance          Time         TTime
      0        3          9569         32597
      1        4         27365         35926
      2        2          2877         34917
Standard and transitive algorithms inconsistent (0 != 4)
      4        3         12882         29735
      5        1           892         33069
      6        2          2009         20257
      7        3          5391         14768
      8        2          3016         38391
      9        3          6474         17707
     10        2          3848         29363
     11        3         10203         29357
     12        3          7571         30266
     13        3         11201         39888
     14        2          3469         36655
     15        3          6850         22700
     16        3         10624         26707
     17        3         11420         40151
     18        4         23225         21389
     19        5         38780       3426848
     20        3          6868         18949
     21        3          6105         23076
     22        4         23053         17949
     23        3          8089         24539
     24        4         11522          9882
     25        4         26491         25074
     26        3          4918         13528
     27        2          3634         22529
     28        3          6269         22774
     29        3         12271         38136
     30        4         25960         38885
     31        3          7236         27292
     32        3         13819         35205
     33        5         24937       2382885
     34        3          9584         25028
     35        4         18761         19171
     36        4         15790         15988
     37       -1         51793       7861040
     38        2          2005         22095
     39        3          4059         16210
     40        3          7908         32052
     41        4         27672         40720
     42        5         38485       2946680
     43        4         13680         12968
     44       -1         51687      10040275
     45        5         37846       4830901
     46       -1         36798       9438104
     47        3          9960         29939
     48        2          2575         35323
     49        3          6743         25724
