Attempt Distance          Time         TTime
      0        2          1264          2048
      1        2           691          1582
      2        2           664          1461
      3        2           813          1982
      4        2           610          1456
      5        1            35          1525
      6        1            40          1539
      7        1            25          1448
      8        2           589          1472
      9        1            24          1994
     10        1            56          1532
     11        1            26          1456
     12        2           622          1438
     13        2           618          1316
     14        1            46          1083
     15        2           309           706
     16        2           323           727
     17        1            15           930
     18        1            19           857
     19        2           353           784
     20        2           437          1126
     21        2           586          1489
     22        2           565          1081
     23        2           688          1143
     24        2           520          1107
     25        2           709          1718
     26        2           602          1084
     27        2           501          1012
     28        1            22          1337
     29        1            71          1955
     30        1            57          1624
     31        1            21          1125
     32        1            43           942
     33        2           306           790
     34        2           491          1365
     35        2           520          1026
     36        2           790           974
     37        2           433          1153
     38        1            24          1009
     39        2           303           864
     40        2           376           681
     41        2           362          1004
     42        2           488          1081
     43        2           368          1037
     44        2           310           780
     45        2           287           756
     46        2           313           725
     47        1            13           703
     48        2           294           681
     49        1            16           700
Attempt Distance          Time         TTime
      0        2        121045        111630
      1        2         96125        130370
      2        2        127845        114658
      3        2         81504        104466
      4        2         32764        102477
      5        1           897         92916
      6        1           585        109600
      7        1           664        104887
      8        2         49290        108434
      9        1           716        114134
     10        1           722         98494
     11        1           874         99665
     12        2         43221        100588
     13        2         41058        103455
     14        1           876        122305
     15        2         61061         95875
     16        2         45437        105122
     17        1           661        103414
     18        1         33590        105622
     19        2         38827        101010
     20        2         44938        108612
     21        2         43868        106935
     22        2         40724        106947
     23        2         47224        110827
     24        2         47838        115655
     25        2         46401        113375
     26        2         81153        101463
     27        2         40501         98177
     28        1           760        117729
     29        1           748        114603
     30        1           880        111564
     31        1           607        117774
     32        1           599        112386
     33        2         36846        107461
     34        2         44206        111407
     35        2         48908         98814
     36        2         52955        102245
     37        2         54179        124028
     38        1           716        116632
     39        2         37869        111009
     40        2         76037         96717
     41        2         43375        103174
     42        2         47989         99827
     43        2         38200        111125
     44        2         37795        105839
     45        2         43861        111118
     46        2         49159        103732
     47        1           556        116692
     48        2         46932         89459
     49        1           667        114727
