Attempt Distance          Time         TTime
      0        2           362          2204
      1        2           203          1562
      2        2           163          1084
      3        2           207          1541
      4        2           188           808
      5        2           138           621
      6        2           125           807
      7        3           594           614
      8        1            14           656
      9        2           159           805
     10        2           165           578
     11        2           161           590
     12        2            86          1179
     13        2           140           948
     14        2           173           929
     15        2           178           914
     16        2           198           788
     17        2           114           778
     18        2           113           822
     19        3           620           775
     20        2           108           789
     21        2           120           732
     22        2            91           735
     23        2           170           756
     24        2            82           781
     25        3           405           478
     26        2            89           569
     27        2            94           578
     28        1            18           628
     29        3           352           478
     30        3           326           463
     31        3           439           515
     32        1            20           777
     33        3           487           706
     34        1            23           797
     35        2           251          2948
     36        2           210           941
     37        3           998           494
     38        2           163           526
     39        2            79           484
     40        2            96           513
     41        3           429           473
     42        2           133           518
     43        2           119           533
     44        2           133           572
     45        2           110           451
     46        2           466          1679
     47        2           113           806
     48        2           131           922
     49        3           618           543
Attempt Distance          Time         TTime
      0        2         25736         67814
      1        2         24243         54854
      2        2         13501         63380
      3        2         14166         63696
      4        2         14541         68276
      5        2         16503         64104
      6        2         11157         56263
      7        3        104037         64731
      8        1           759         57174
      9        2         14630         57346
     10        2         12934         62933
     11        2          8877         69015
     12        2          5929         50101
     13        2          9304         61503
     14        2          8095         53725
     15        2          7522         56821
     16        2          9705         59824
     17        2          6962         73894
     18        2          7008         58451
     19        3         60260         60209
     20        2          6533         58859
     21        2          8586         60810
     22        2          5323         59524
     23        2          5975         74279
     24        2          5274         57527
     25        3         55531         54189
     26        2          7657         59038
     27        2          8162         58063
     28        1           390         60887
     29        3         46780         77082
     30        3         65734         55383
     31        3         54314         55069
     32        1           358         52858
     33        3         96332         66719
     34        1           472         59891
     35        2          4848         66522
     36        2          6203         58586
     37        3         47464         58713
     38        2          8872         57951
     39        2          5521         59240
     40        2          7325         58455
     41        3         49413         69668
     42        2          9360         56866
     43        2          9654         75168
     44        2         10276         57705
     45        2          7734         51189
     46        2          5480         53940
     47        2          6070         52222
     48        2         10879         54093
     49        3         40682         56888
Attempt Distance          Time         TTime
      0        2          6946         57737
      1        2          7497         56674
      2        2          6660         57335
      3        2          7992         66696
      4        2          8785         54335
      5        2          6358         56046
      6        2          7280         59926
      7        3         50768         60696
      8        1           794         55634
      9        2          7415         72452
     10        2          9277         57234
     11        2          6997         57947
     12        2          5077         51419
     13        2          7712         56598
     14        2          7598         52501
     15        2          5947         74675
     16        2          7907         57425
     17        2          6707         59770
     18        2          7026         60045
     19        3         49822         68472
     20        2          6174         74367
     21        2          7837         60279
     22        2          5739         60724
     23        2          5319         58842
     24        2          4946         60194
     25        3         47740         68230
     26        2          7119         56680
     27        2          6224         57357
     28        1           726         62658
     29        3         47255         57893
     30        3         55395         59544
     31        3         48006         56076
     32        1           718         59490
     33        3         47336         58240
     34        1           730         78064
     35        2          5789         58134
     36        2          6860         63252
     37        3         55336         54229
     38        2          8699         55175
     39        2          6581         68966
     40        2          8255         58639
     41        3         51738         54963
     42        2          9137         67283
     43        2          9241         57686
     44        2          9903         73575
     45        2          8689         57721
     46        2          7281         56270
     47        2          6151         55414
     48        2          6750         60368
     49        3         41613         58999
