Attempt Distance          Time         TTime         RTime        RTTime
      0        2          1411          2675         27902          8283
      1        2           359          1250          5200          5193
      2        2          1683          1311          6075          5413
      3        2           411          4361          4038         13030
      4        2           371          1047          5526          5715
      5        2           395          4869          4495          4440
      6        2           249           507          2658          5247
      7        2           319           914          3143          2677
      8        2           325          3451          2339          4230
      9        2           314          1062          3645          4773
     10        2           338          1136          3559          2776
     11        2           212           495          2744          3018
     12        2           445           562          2450          2711
     13        2           141           734          2074          2486
     14        2           306           903          3493          1790
     15        2           155           407          2193          3557
     16        1            23           697          1632          2692
     17        1            31           653          2403          2458
     18        1            58           729          1464          2205
     19        1            28           583          2151          5754
     20        2           245           555          2400          2106
     21        2           199           501          2082          3012
     22        2           235           477          2904          2072
     23        2           165           590          2117          2048
     24        2           218           433          1887          3444
     25        2           342           695          2041          2633
     26        1            16           494          1943          2712
     27        2           239          1367          3158          2446
     28        1            23           606          2232          2329
     29        2           172           475          2334          3298
     30        2           161           421          1726          1529
     31        1            17           423          1962          2429
     32        2           120           436          2010          1990
     33        2           221           473          2643          1553
     34        2           117           432          1327          1889
     35        2           166           450          1431          1863
     36        2           135           902          2296          1696
     37        2           140           408          1445          1577
     38        2           146           425          1553          1517
     39        2           157           390          1458          1456
     40        2           223           764          2599          2039
     41        1            25           759          2088          2124
     42        2           175           426          1293          1476
     43        2           166           756          2706          1924
     44        1            17           410          1366          1454
     45        2           166           388          1241          1352
     46        1            14           476          1512          1557
     47        2           173           783          2899          1681
     48        2           143           464          1416          1396
     49        2           114           387          1147          1688
