Attempt Distance          Time         TTime
      0        2          1197          2127
      1        1            35          1671
      2        2           461          2059
      3        2           862          2333
      4        2           873          2016
      5        2           775          1841
      6        1            63          2191
      7        1            59          1991
      8        2           629          2138
      9        2           554          1489
     10        2           559          1346
     11        2           634          1154
     12        2           382          1858
     13        1            28          1190
     14        2           322          1645
     15        1            25          1222
     16        1            27          1327
     17        2           344          1534
     18        1            32          2074
     19        2           494          2536
     20        1            27          1413
     21        2           569          1556
     22        2           340          1354
     23        2           319           934
     24        2           283           854
     25        2           309          1151
     26        2           334          1649
     27        1            31          2035
     28        1            35          1645
     29        2           500          1240
     30        2           290          1140
     31        2           400          1109
     32        2           402         11153
     33        2           385          1059
     34        2           212           940
     35        2           197           813
     36        2           198           854
     37        2           218           757
     38        1            20           747
     39        2           228           546
     40        1            12           735
     41        2           177           490
     42        2           157           492
     43        2           182           457
     44        2           127           487
     45        1            65          1073
     46        2           268           667
     47        2           193           603
     48        2           176           585
     49        2           290           755
Attempt Distance          Time         TTime
      0        2         83439        105610
      1        1          1652        121653
      2        2         45170         87462
      3        2         69392        117235
      4        2         64597         85582
      5        2         58922        116510
      6        1           841         95881
      7        1           909        109244
      8        2         42116        113090
      9        2         25282         73425
     10        2         31368         92960
     11        2         30636         83345
     12        2         32877         93612
     13        1           616         83210
     14        2         27755         96463
     15        1           662         90479
     16        1           786         88582
     17        2         43663         94806
     18        1           672         89249
     19        2         29014        101729
     20        1           514         92954
     21        2         31359        111343
     22        2         78310         80224
     23        2         24411         92708
     24        2         32634         98811
     25        2         28848         99324
     26        2         21654         94869
     27        1           627         92269
     28        1           749         86165
     29        2         26266         79130
     30        2         30511        100283
     31        2         30571         76849
     32        2         25759         97618
     33        2         31964         82316
     34        2         24580         91811
     35        2         22354         77071
     36        2         28044         93396
     37        2         26400         83900
     38        1           588         92936
     39        2         23432         75166
     40        1           603         86097
     41        2         44012         92277
     42        2         27996         85108
     43        2         29924         88430
     44        2         24524         72857
     45        1           502         94090
     46        2         26598         74027
     47        2         29610        105719
     48        2         32534         80275
     49        2         46666         95551
