Attempt Distance          Time         TTime         RTime        RTTime
      0        1           200          1951         24641          9694
      1        2           995          1565          9188          7188
      2        2          1066          1108          5623          9263
      3        1            31          1079          4288          9857
      4        1            32          1010          3161          3761
      5        1           130          1058          4400          3662
      6        2           826           959          4027          4190
      7        2          1019           646          9405          3565
      8        1            27          1747          4598          6657
      9        1            42          2077          5165          5844
     10        0            10          2143          8673          4353
     11        2           455           764          3182          4646
     12        2           920           755          2966          2401
     13        1            20           587          1537          2216
     14        1            57           669          3041          3390
     15        2           768           823          3219          7999
     16        2           556           965          2418          2689
     17        1            34           800          6253          3182
     18        2           400           878          2072          2539
     19        2           309          2574          4433          3430
     20        1            33           917          2743          6035
     21        2           612          1243          3238          3548
     22        1            53          3820          1828          5137
     23        2           359           713          1898          2408
     24        1            30          1609          4768          3368
     25        2           274           682          2776          2994
     26        2           329          1073          5984          2285
     27        1            40           639          1698          3268
     28        1            36          2435          4379          4890
     29        2           522          1073          2853          7901
     30        2           582          1430          3396          6880
     31        2           550           603          3016          1845
     32        2           259           660          1767          2143
     33        2           270           890          5316          2201
     34        2           238           547          1592          2087
     35        2           214           715          2331          4784
     36        2           310           596          2761          2166
     37        1            27           769          1772          4233
     38        1            48          1337          5894          2639
     39        2           339          3549          2584          2595
     40        2           339           987          3180          2924
     41        2           359          3219          3039          3627
     42        1            35           801          2460          2159
     43        2           558          1817          5033          2970
     44        2           265           942          2780          2692
     45        2           279          2337          4207          5215
     46        2           551           689          2369          3556
     47        2           491          1301          2829          2773
     48        2           311           565          1605          1700
     49        1            17          2709          2297          4659
