Attempt Distance          Time         TTime         RTime        RTTime
      0        3           924          2481         27487          9978
      1        2           203          1194          4393         13821
      2        3           768           951         13808          6629
      3        3           583          1990          3207         12493
      4        2           249          7080          5876          8266
      5        3           483          1505         15397         14858
      6        3           602          1273         14074          2611
      7        3           787           866          6966          4221
      8        3           284          2020          4309         17583
      9        2          1653          1078          8372          3157
     10        3           372          2523         13853          3067
     11        2            70          2984          5910          8007
     12        2           100          1699          8210          3118
     13        2            91          2223          9625          4456
     14        1            28           505         13279          2838
     15        2            87           644          2609         14844
     16        4           592           776         15311         13099
     17        3           521           711         13794          2406
     18        2            80          1973          4390          8885
     19        3           277          4167          6741         10121
     20        1            32          3220          7396          4315
     21        3          9843           579         10760          5615
     22        2           153           806         10075          2546
     23        2           120           671         14674          2328
     24        2           102           635         11579          2755
     25        3           212           921         12438          2973
     26        3           255           381         12065          2469
     27        3           233           784          3592          9421
     28        3           307           637          3922          7535
     29        3           250           552          2641          4552
     30        2            85           732          6331          2148
     31        2           354           747          2652         10469
     32        2            72           284          2792          3213
     33        3           330           429          9224          2868
     34        2            91           670          3688          8267
     35        0             8           533          2019          3152
     36        3           341           340          8102          2963
     37        3           304           682          9102          7123
     38        3           619           655          2863          5998
     39        2            93          2365          7711          5367
     40        3           284          1323          4464         10668
     41        3           350          2692          6218          5081
     42        3           249           397          1580          2136
     43        2            54          1135          1745          4036
     44        2           436           783          3246          4757
     45        3           231           475          2381          4651
     46        3           345           266          2048          1488
     47        3           248           756          2110          8794
     48        3           157           431          3165          5086
     49        3          3807           556          2831          3905
