Attempt Distance          Time         TTime
      0        2           554          1512
      1        2           138           966
      2        2           114          1390
      3        1            36          1178
      4        2           159           936
      5        2           769          1180
      6        2           195           978
      7        2           131          1060
      8        2           286          1321
      9        3           774          1094
     10        2           148           962
     11        2           265           996
     12        2           158           545
     13        1            17           734
     14        2           229           539
     15        2            98           501
     16        2            70          1115
     17        2           193          1238
     18        2           104          1258
     19        2           138           939
     20        2           160           786
     21        2           129           922
     22        2           148           740
     23        3           604           967
     24        2           140           503
     25        2           120           561
     26        2           109           574
     27        2           130          1122
     28        2           114           500
     29        3          1051          1096
     30        3           720           846
     31        2           245           902
     32        1            21           815
     33        1            19           837
     34        2           132           938
     35        3           520           934
     36        2           102           459
     37        2            66           415
     38        3           372           636
     39        2           135           928
     40        2            88           569
     41        2            96           633
     42        2            80           686
     43        2            90           536
     44        2            75           366
     45        2            57           418
     46        2           216           715
     47        2           105           602
     48        2           110           576
     49        2           113           623
Attempt Distance          Time         TTime
      0        2         30181         84108
      1        2         21473         90636
      2        2         23840         98304
      3        1          1219         74530
      4        2         17649         89905
      5        2         24030         72853
      6        2         31402         67946
      7        2         12744         67073
      8        2         14773         60829
      9        3        103846         89572
     10        2         12834         57431
     11        2         10222         53905
     12        2         14403         67718
     13        1          1374         74098
     14        2         34487         82810
     15        2          9841         53838
     16        2          5709         56695
     17        2         12439         67182
     18        2          5722         49189
     19        2          5846         80677
     20        2         10159         70452
     21        2          5771         59376
     22        2          7069         51933
     23        3         62152         63730
     24        2         13589         75738
     25        2         13941         55988
     26        2          8691         57942
     27        2          7288         63046
     28        2         10079         68038
     29        3         60789         73636
     30        3         51605         46747
     31        2          5296         49399
     32        1           511         56716
     33        1           743         54824
     34        2         10693         66441
     35        3         46848         59664
     36        2          6770         61248
     37        2          7962         59990
     38        3         48113         63791
     39        2          5641         75064
     40        2         47316         61308
     41        2          8610         63074
     42        2          4243         57138
     43        2          8907         56472
     44        2          8783         76264
     45        2          6946         59927
     46        2          9111         54196
     47        2         10213         63073
     48        2          8631         51521
     49        2          6826         67816
