Attempt Distance          Time         TTime         RTime        RTTime
      0        2          1489          2079         29613          9635
      1        1           251          5926          7836          6910
      2        1            86          1663          6135          5753
      3        2           669          2519          6641          7008
      4        2           717          1516          9994          3620
      5        1            52           960          5994          3561
      6        1            36           679          2256          4202
      7        1            39           763          4996          3120
      8        2           389          2370          4118          6676
      9        2           600          1432          8479          4895
     10        1            42          1199          3260          8435
     11        1            32           869          3314          5419
     12        1            60          1502          3465          3035
     13        2           357           703          2984          4908
     14        1            66           899          5555          2926
     15        2           793          1911          5230          6079
     16        1            79           826          2494          7633
     17        2           390           805          2873          3633
     18        2          1430           970          5021          4091
     19        1            31          1467          2815          6489
     20        2           975          2371          4440          9010
     21        1            38           979          3949          3837
     22        2           936           767          4825          3279
     23        1            25           683          1817          2233
     24        2           264           672          5079          3064
     25        1            34           994          2176          2940
     26        2           262           888          5040          2942
     27        2           386           702          3909          3371
     28        2           737           665          3042          2871
     29        2           347           653          2413          2439
     30        2           260          1573          4956          4498
     31        1            54           841          2809          5444
     32        1            49           932          4100          3640
     33        1            29          1733          2884          4814
     34        2           471          1181          2757          3131
     35        1            41          1048          4132          2570
     36        1            25           692          1845          2243
     37        2           365           744          1869          5357
     38        2           654           723          3082          2489
     39        2           509          2258          5755          4715
     40        2           439           821          2992          4924
     41        2           723          1635          3131          4003
     42        2           351           928          5598          2656
     43        2           495          1604          4425          6326
     44        1            48          1902          3450          2474
     45        2           291           615          1811          4932
     46        1            36          1495          2868          2407
     47        2           313          1017          3454          7558
     48        2           335          1151          2868          3180
     49        1            23           803          5467          2772
