Attempt Distance          Time         TTime
      0        1           213          2733
      1        1            34          1595
      2        1            48          1896
      3        1            37          1993
      4        1            47          1910
      5        1            31          1924
      6        1            34          1703
      7        1            19          1223
      8        2           853          1674
      9        2           766          1813
     10        1            48          2416
     11        1            59          2355
     12        2           596          1786
     13        2          1025          1563
     14        2           601          1242
     15        2           545          1242
     16        1            50          1223
     17        2           374           753
     18        2           293           726
     19        1            19           788
     20        1            17           758
     21        1            16           687
     22        2           500          1183
     23        2           590          1306
     24        1            20          1292
     25        2           591          1017
     26        2           381           854
     27        2           307           916
     28        1            18           936
     29        1            15           812
     30        1            13           850
     31        2           454          1137
     32        2           297           779
     33        2           278           638
     34        2           199           662
     35        2           340           687
     36        1            18           819
     37        2           409           867
     38        2           596          1118
     39        2           380          1013
     40        2           456          1101
     41        2           440          1211
     42        1            79          1678
     43        1            42          1161
     44        1            19           903
     45        1            15           754
     46        2           257           670
     47        2           219           710
     48        2           272           753
     49        1            16           781
Attempt Distance          Time         TTime
      0        1          4354        102398
      1        1          2612        124773
      2        1          2866        105403
      3        1          1663        130205
      4        1          2110         97814
      5        1          1078        125232
      6        1          1158        102887
      7        1          1495        125419
      8        2        104038         92546
      9        2         70593        109059
     10        1           799         90111
     11        1          1067        128345
     12        2         96515         82833
     13        2         37672        110709
     14        2         43223         98450
     15        2         45109        119362
     16        1           776         95037
     17        2         52773        112079
     18        2         43616         88839
     19        1           983        117882
     20        1           718         98379
     21        1           807        150169
     22        2         44227         77073
     23        2         43544        111578
     24        1           633         93552
     25        2         42995        112785
     26        2         84379         99821
     27        2         54538         99950
     28        1           749         99997
     29        1           643        119209
     30        1           826         95352
     31        2         39744        112425
     32        2         38186         97740
     33        2         56256         96138
     34        2         39301        113727
     35        2         39610         92306
     36        1           639        111232
     37        2         45626        105541
     38        2         67908        120946
     39        2         49351        108240
     40        2         43188         98371
     41        2         38289         86006
     42        1           692         97797
     43        1           735         91081
     44        1           664        103340
     45        1           533         85859
     46        2         53575        106680
     47        2         37069         96973
     48        2         42131        135908
     49        1           533         86441
