Attempt Distance          Time         TTime
      0        5           501         10629
      1        4           123           104
      2        5           358         14259
      3        4           487           289
      4        6           845         13640
      5        3           129           241
      6       -1           667         18061
      7        4            73            89
      8        3            95           207
      9        5           261         13450
     10        5           157          4807
     11        5           176          8976
     12        4           210           124
     13        2            40         11431
     14        4           148           119
     15        4           162           135
     16        4           118           145
     17        3            85           126
     18        3            49           129
     19        2            20           116
     20        5           152          7277
     21        4            93            81
     22        4           110           116
     23        4            81            74
     24        4            50            51
     25        3            42            77
     26        3            48           117
     27        3            60            73
     28        3            34            55
     29        3            52           108
     30        5           152          5557
     31        5           101          3691
     32        4            88            76
     33        3            39           111
     34        6           131          2319
     35        5           193          7277
     36        1            21           117
     37        4            51            63
     38        4            79            84
     39        1             7            97
     40        4            80            77
     41        4            51            50
     42        4            96            73
     43        0             4            29
     44        5           150          4351
     45        4            58            52
     46        6           100          3597
     47        5           182          7986
     48        4           118            55
     49        3            45            80
Attempt Distance          Time         TTime
      0        5         76252       1279627
      1        4         13232         11335
      2        5         38484       1128115
      3        4         27194         23425
      4        6         48444       1233862
      5        3          5853         14110
      6       -1         57171       4511375
      7        4          6837          5969
      8        3          4732         22528
      9        5         28738       1112981
     10        5          9261        402046
     11        5         25032       1082745
     12        4         13470         12567
     13        2          1111         14661
     14        4         17554         16901
     15        4         17697         15975
     16        4         11817         16113
     17        3          5329         15396
     18        3          3150         10556
     19        2           719          8173
     20        5         20370        871195
     21        4          7143          7235
     22        4         13153         14605
     23        4         11813         12254
     24        4         11834          9068
     25        3          4211         13389
     26        3          5926         15459
     27        3          2904         10958
     28        3          2566          7918
     29        3          4553         13321
     30        5         22246       1005021
     31        5         14114        714936
     32        4          8412          9495
     33        3          4817         13286
     34        6         25553        441902
     35        5         27233       1373313
     36        1           393         14091
     37        4          6732          6699
     38        4         10253         10753
     39        1           425         22069
     40        4          9880         13319
     41        4          9737          7369
     42        4          8791         10425
Standard and transitive algorithms inconsistent (0 != 2)
     44        5         14457        717376
     45        4         10427         11567
     46        6         24452        637099
     47        5         22432       1113811
     48        4          6007          8103
     49        3          3439         11146
Attempt Distance          Time         TTime
      0        5         19162        645575
      1        4          6876          6327
      2        5         18463        917229
      3        4         19068         17944
      4        6         31986        959692
      5        3          5021         10911
      6       -1         34645       3290822
      7        4          7777          6136
      8        3          6643         14813
      9        5         35036       1024304
     10        5         11292        372235
     11        5         19505        952715
     12        4         13297         12527
     13        2          1705         13918
     14        4         16069         15431
     15        4         15511         16117
     16        4         14144         16540
     17        3          6033         14508
     18        3          3296         19650
     19        2          1678         11648
     20        5         20400        886472
     21        4          8347          9929
     22        4         13746         16962
     23        4         22361         13507
     24        4         12382         11535
     25        3          4848          9739
     26        3          7359         20639
     27        3          3595         11581
     28        3          4036          8409
     29        3          6377         17172
     30        5         22462       1084698
     31        5         13578        629233
     32        4         10120          7380
     33        3          6208         12079
     34        6         18286        336684
     35        5         26675       1357706
     36        1           689         15750
     37        4          6941          7220
     38        4         11022          9412
     39        1           496         16628
     40        4         12078         10470
     41        4         17869          8533
     42        4          9945          7524
Standard and transitive algorithms inconsistent (0 != 2)
     44        5         30855        681628
     45        4         11845         14448
     46        6         26492        703855
     47        5         23905       1100090
     48        4          7266          7042
     49        3          3659         10784
