Attempt Distance          Time         TTime
      0        2           812          1693
      1        2           529          1124
      2        1            28          1175
      3        2           337          1475
      4        2           730          1525
      5        1            34          1315
      6        1            29          1703
      7        1            59          1509
      8        2           287           867
      9        2           534          1655
     10        2           449          1342
     11        2           252           653
     12        2           322           878
     13        2           199           609
     14        2           161           639
     15        2           257           663
     16        2           270           680
     17        2           292           783
     18        2           247           579
     19        2           389           840
     20        2           329           886
     21        2           371           897
     22        2           282           979
     23        2           278           943
     24        2           289          1077
     25        1            41          1167
     26        2           384          1104
     27        2           419          1074
     28        1            58          1300
     29        1            27           789
     30        2           241           571
     31        2           211           604
     32        2           200           524
     33        2           156           480
     34        2           160           503
     35        2           185           611
     36        2           210           572
     37        2           194           681
     38        2           148           552
     39        2           213           650
     40        2           229           590
     41        2           127           509
     42        1            17           880
     43        1            20           614
     44        1            16           554
     45        2           185           518
     46        2           173           604
     47        2           231           731
     48        2           180           570
     49        2           166           649
Attempt Distance          Time         TTime
      0        2         70986        102483
      1        2         69904        108604
      2        1          1646        167599
      3        2         85067        103108
      4        2         56469        106522
      5        1          1364        108925
      6        1          1113        158014
      7        1          1698        116900
      8        2         33710         83616
      9        2         34624         81991
     10        2         25653         90901
     11        2         33845         85071
     12        2         35719         98689
     13        2         32361        138627
     14        2         79896         92858
     15        2         30893         92632
     16        2         36213         93302
     17        2         39267         91400
     18        2         31425         95180
     19        2         29486        123461
     20        2         28350         80769
     21        2         29391         84255
     22        2         27711         86581
     23        2         29138         87524
     24        2         30891         83480
     25        1           617         91385
     26        2         30585        125853
     27        2         30097         80361
     28        1           572         82939
     29        1           509         83650
     30        2         66515         90457
     31        2        156971        171701
     32        2         36783        106096
     33        2         36910        132057
     34        2         27199         83679
     35        2         38553         79010
     36        2         29833         72830
     37        2         25049         77439
     38        2         24900         71927
     39        2         29298        125460
     40        2         26034         84347
     41        2         24245         87081
     42        1           579         88563
     43        1           578         83931
     44        1           559         92909
     45        2         34281         83398
     46        2         64892        120456
     47        2         27039         87920
     48        2         30351         85695
     49        2         28467         83638
Attempt Distance          Time         TTime
      0        2         26197         92037
      1        2         27207         85112
      2        1           995        123652
      3        2         26706         79849
      4        2         33529         93319
      5        1          1035         89054
      6        1           915         89917
      7        1           803         85062
      8        2         25600        123427
      9        2         28607         84772
     10        2         23811         80214
     11        2         25052         83413
     12        2         31456         85354
     13        2         29035         87502
     14        2         25047        120128
     15        2         27117         82377
     16        2         30359         80791
     17        2         33775         77151
     18        2         30820         74331
     19        2         26780        114381
     20        2         29710         84768
     21        2         28058         81789
     22        2         26367         83500
     23        2         28066         86843
     24        2         29701        123236
     25        1          1929        119041
     26        2         39225         94707
     27        2         33504         79322
     28        1          1101         82947
     29        1           734         89386
     30        2         23278        133873
     31        2         28679         83531
     32        2         27809         72470
     33        2         22925         80360
     34        2         31497         76942
     35        2         32042         89057
     36        2         68280         81804
     37        2         26099         83910
     38        2         24178         79078
     39        2         30194         77985
     40        2         25192         85876
     41        2         24489        119973
     42        1           779         83958
     43        1           919         87456
     44        1           854         89482
     45        2         30765         75522
     46        2         27605         72252
     47        2         27106        116901
     48        2         32277         80278
     49        2         26496         81013
