Attempt Distance          Time         TTime
      0        1           193          2253
      1        2           394          1501
      2        2           424          1282
      3        2           314          1135
      4        1            18          1243
      5        2           336          1185
      6        1            37          1599
      7        2           324          1235
      8        2           405          1371
      9        2           373          1207
     10        2           559          1678
     11        2           618          1043
     12        2           306          1176
     13        1            38          1150
     14        2           238           967
     15        2           306          1276
     16        1            13           960
     17        2           207           954
     18        2           310           994
     19        2           239           920
     20        2           425          1231
     21        1            13          1360
     22        1            16          1008
     23        2           167           684
     24        2           217           946
     25        2           420          1264
     26        2           474          1463
     27        1            19          1070
     28        2           246           818
     29        2           233           951
     30        1            13           843
     31        2           189           747
     32        2           181           759
     33        1            13           808
     34        2           147           736
     35        1            17          1082
     36        1            27           763
     37        2           138           651
     38        1            15          1142
     39        2           348          1062
     40        2           222           628
     41        1            10           630
     42        2           198           838
     43        2           308           815
     44        2           172           744
     45        2           191           746
     46        1             8           614
     47        1            10           827
     48        2           191           962
     49        2           282           737
Attempt Distance          Time         TTime
      0        1          3695         85537
      1        2         72852         79450
      2        2         69164        137268
      3        2         44590         94995
      4        1          1129         99881
      5        2         49218         76536
      6        1          1100         87644
      7        2         27446         85423
      8        2         31154         86325
      9        2         33732         87038
     10        2         24840         76328
     11        2         35339         92654
     12        2         21950         93698
     13        1           609         84438
     14        2         23441         87395
     15        2         23630         81479
     16        1           616        100501
     17        2         24831         82571
     18        2         26294         89419
     19        2         19701         83634
     20        2         29747         80841
     21        1           540         88997
     22        1           613         91452
     23        2         25067         92825
     24        2         21625         90367
     25        2         27133         78762
     26        2         22481         85492
     27        1           602         79445
     28        2         77527         89666
     29        2         21202         94425
     30        1           528         87630
     31        2         22439         79448
     32        2         21445         80742
     33        1           623         94556
     34        2         21593         81517
     35        1           562         86105
     36        1           860        103876
     37        2         24882         81873
     38        1           602         90891
     39        2         24609         67964
     40        2         24847         82918
     41        1           509         84576
     42        2         23924         65372
     43        2         22704         87050
     44        2         20584         74822
     45        2         29783         69457
     46        1           498         84182
     47        1           592         68577
     48        2         18753         81318
     49        2         22877         81016
