Attempt Distance          Time         TTime
      0        1           158          2053
      1        1            47          1355
      2        2           432          1179
      3        1            36          1714
      4        1            40          1373
      5        1            52          1152
      6        2           475          1248
      7        2           325           820
      8        2           462           986
      9        2           272          1023
     10        2           385           674
     11        2           226          1103
     12        2           390          1035
     13        1            30           877
     14        2           634           926
     15        2           391          1137
     16        1            22           759
     17        2           186           530
     18        2           157           500
     19        2           261           523
     20        2           192           490
     21        2           158           583
     22        2           199           648
     23        2           298           719
     24        2           180           708
     25        2           281          1089
     26        2           387          1302
     27        2           538          1030
     28        2           474          1070
     29        2           402           724
     30        2           392           613
     31        1            22           822
     32        2           182           474
     33        2           156           470
     34        1            17           466
     35        1            19           551
     36        2           165           463
     37        2           139           488
     38        1            14           484
     39        1            13           474
     40        1            11           452
     41        2           162           437
     42        2           149           471
     43        1            14           484
     44        2           242           666
     45        1            12           528
     46        1            11           441
     47        2           144           478
     48        1            11           519
     49        2           175           458
Attempt Distance          Time         TTime
      0        1          3722         89149
      1        1          2631         78993
      2        2         83387         85521
      3        1          1128        115480
      4        1          1281        133038
      5        1          1434        113132
      6        2        110916         91163
      7        2         55045         81764
      8        2         37185         87899
      9        2         33948        108255
     10        2         29491         80318
     11        2         23985         94473
     12        2         40232         91158
     13        1           706         98500
     14        2         39468         85300
     15        2         34015        109262
     16        1           993        104768
     17        2         76485         92445
     18        2         30527         93876
     19        2         41447        102209
     20        2         27907         86281
     21        2         32230         97947
     22        2         32064         92411
     23        2         33474        106810
     24        2         25155         87111
     25        2         30203         96702
     26        2         30434         92825
     27        2         36804         94845
     28        2         32199         90931
     29        2         73816         88144
     30        2         34577        110680
     31        1           625         93770
     32        2         33735        100305
     33        2         33467         80449
     34        1           812         95095
     35        1           610         86923
     36        2         31126        103015
     37        2         28507         81809
     38        1           629        101687
     39        1           668         88662
     40        1           453        106326
     41        2         33711         84663
     42        2         26715        102311
     43        1           699         87182
     44        2         32201         98435
     45        1           619         95084
     46        1           682        133202
     47        2         31056         87408
     48        1           622        104780
     49        2         31913         93163
