Attempt Distance          Time         TTime
      0        2           679          1909
      1        2           355          1324
      2        2           367          1565
      3        2           446          1682
      4        2           390          1569
      5        2           572          1655
      6        2           321          1015
      7        2           294           960
      8        2           341           995
      9        1            23          1198
     10        1            30          1163
     11        1            21          1026
     12        2           227           859
     13        2           282          1016
     14        2           241          1155
     15        2           306          1722
     16        2           325          1195
     17        2           416          1180
     18        2           206          1024
     19        2           180          1117
     20        2           238          2437
     21        2           405          1030
     22        2           341          1044
     23        2           272          1141
     24        2           346          1283
     25        1            34          2050
     26        1            22          1425
     27        2           324          1074
     28        2           278           915
     29        2           220           817
     30        2           128           832
     31        2           271           825
     32        2           161           655
     33        2           193           532
     34        2           237           841
     35        2           350          1041
     36        2           194           917
     37        2           144           625
     38        2           118           677
     39        1             9           579
     40        1            11          1159
     41        2           154           824
     42        2           149           699
     43        1            19           858
     44        2           194           714
     45        2           220           851
     46        2           168           812
     47        2           118           590
     48        2           116           584
     49        2           349           719
Attempt Distance          Time         TTime
      0        2         52953         84443
      1        2         40951         95886
      2        2         31116         99949
      3        2         38887        109285
      4        2         35479        109923
      5        2         62795         88857
      6        2         31385         89342
      7        2         30813         85506
      8        2         16062         72047
      9        1           557         88855
     10        1           566         74690
     11        1           521         76086
     12        2         20031         90382
     13        2         22996         76169
     14        2         20081         72477
     15        2         21043         89494
     16        2         23182         78567
     17        2         19994         79455
     18        2         28161         77019
     19        2         19237         74325
     20        2         17769         97224
     21        2         20654         73536
     22        2         21040         73640
     23        2         19601         84272
     24        2         17795         78448
     25        1           681         73033
     26        1           467         91261
     27        2         21841         72525
     28        2         22565         88158
     29        2         21670         70329
     30        2         19092         73272
     31        2         23894         98474
     32        2         18019         74401
     33        2         63711         89518
     34        2         23194         86661
     35        2         26426         71524
     36        2         20838         75804
     37        2         20053         86128
     38        2         14500         74029
     39        1           529         91834
     40        1           591         75900
     41        2         17528         73132
     42        2         17784         91575
     43        1           608         79437
     44        2         23996         87354
     45        2         20941         96712
     46        2         23293        110053
     47        2         33296        119902
     48        2         31299        105426
     49        2         20068        101820
Attempt Distance          Time         TTime
      0        2         34485        147538
      1        2         20585         76451
      2        2         15800         96390
      3        2         56909        118199
      4        2         15440         70790
      5        2         19767         83126
      6        2         16145         91276
      7        2         28836        114567
      8        2         20354         64700
      9        1           704         74744
     10        1          3258        140171
     11        1           961        135496
     12        2         22220         85836
     13        2         20190         78318
     14        2         16791        142961
     15        2         36849         65917
     16        2         20970         68872
     17        2         18018         81863
     18        2         15609         69908
     19        2         17875         98006
     20        2         16822         77843
     21        2         20508         76900
     22        2         33091         81394
     23        2         20720         74721
     24        2         19071         85071
     25        1           745         79288
     26        1          1112         84072
     27        2         37223         75565
     28        2         21341         70437
     29        2         22663         98450
     30        2         17881         81101
     31        2         23012         90442
     32        2         16066         72305
     33        2         21463         97929
     34        2         30299         94666
     35        2         22470         78894
     36        2         34592         75790
     37        2         20750         77975
     38        2         15004         87331
     39        1           713         87796
     40        1           754         79566
     41        2         37073         83068
     42        2         18891         79823
     43        1           729         95520
     44        2         22180         81743
     45        2         20616         98165
     46        2         21438         86116
     47        2         19928         77153
     48        2         34604         85111
     49        2         19333         77897
