Attempt Distance          Time         TTime         RTime        RTTime
      0        3          6584          2629         46339         35347
      1        2           227          1528         27114         15803
      2        2           252          1345          3906         14354
      3        3           921           944          5638          4136
      4        2           534          3545         12078          5196
      5        3           818          1276         10316          7383
      6        2           257           866          2918          4027
      7        2          2355           966          6940         13638
      8        2           163           811          3008          3222
      9        3           502           712          3860          2712
     10        3          3044           531          6084          2531
     11        2           431           739          7410          3071
     12        2           140           532         10020          2928
     13        3           459           603          3039          9540
     14        2           165           823          3317          3202
     15        2           163           497         10136          2864
     16        3           589           611          4771          4791
     17        1            28           287          2264          1763
     18        2            86           490          4696          4301
     19        3           224           434          2020          1937
     20        3           198           630          5994          1872
     21        3           203           531          1911          1910
     22        3           161           390          1449          5225
     23        3           383           464          2670          2684
     24        3           250           477          1995          1683
     25        2            93           671          4031          2566
     26        3           189           280          2568          2004
     27        3           168           336          1555          4428
     28        3           191           388          1848          2296
     29        2           121           758          2814          2167
     30        2            66           881          3544          1989
     31        3           200           401          1764          2102
     32        3           237           271          1406          1566
     33        3           137           649          2665          2784
     34        2            98           445          1569          1923
     35        3           242           584          1772          2019
     36        2           135           625          3145          2257
     37        1            33           497          2077          1467
     38        2            44           401          1367          1727
     39        2            76           419          3009          1950
     40        2            65           595          2514          2446
     41        3           421           317          2461          1345
     42        2           367           888          3219          2084
     43        2            88           554          1629          1832
     44        2            75           695          1852          2087
     45        3           488          1524          2744          3824
     46        3           244           374          1614          1679
     47        3           246           676          1664          2423
     48        2           104           602          8578          2003
     49        3           307           452          2187          2535
