Attempt Distance          Time         TTime
      0        2          1219          2692
      1        2           676          1358
      2        1            28          1517
      3        2           418          1270
      4        2           471          1336
      5        2           416          1518
      6        2           679          1734
      7        2           587          1914
      8        2           612          1758
      9        1            35          1903
     10        1            37          2035
     11        1            43          1864
     12        2           588          1756
     13        2           689          1725
     14        2           439          1585
     15        1            21           829
     16        2           302           804
     17        1            53          1086
     18        2           490          1106
     19        2           372           921
     20        2           318           987
     21        2           203          1145
     22        1            14           938
     23        2           335           640
     24        1            13           747
     25        1            15           759
     26        2           246           679
     27        2           447           865
     28        2           255           698
     29        2           212           594
     30        1            14           585
     31        2           177           561
     32        2           254           579
     33        1            13           580
     34        2           229           531
     35        2           253           684
     36        1            16           628
     37        2           202           549
     38        1            14           583
     39        1            13           557
     40        1            13           524
     41        2           193           526
     42        1            20           608
     43        1            20           815
     44        1            13           639
     45        2           215           595
     46        2           211           653
     47        2           234           578
     48        2           163           525
     49        2           179           540
Attempt Distance          Time         TTime
      0        2         91539        104603
      1        2         83292        195794
      2        1          1715        197389
      3        2        112991         88802
      4        2         56437        100601
      5        2         34533        115506
      6        2         68485         88099
      7        2         43644        102724
      8        2         35873        116717
      9        1           694         98855
     10        1           806        117527
     11        1          1190        132527
     12        2         34528         95890
     13        2         43050        105415
     14        2         44308        120886
     15        1           524         99967
     16        2         45539        106169
     17        1           964        126848
     18        2         48146        100717
     19        2         41551        118733
     20        2         38021        115520
     21        2         71228        100261
     22        1           517         92459
     23        2         39642        119659
     24        1           804        111836
     25        1           726        108462
     26        2         47325        109719
     27        2         33369         99674
     28        2         49964        154290
     29        2         43566        100926
     30        1           541         98875
     31        2         33426        116589
     32        2         40810        100942
     33        1           872         93494
     34        2         45617        118659
     35        2         47988        108071
     36        1           647         90694
     37        2         72140        119249
     38        1           549         93689
     39        1           643        105543
     40        1           812        123154
     41        2         32429         82644
     42        1           619         85022
     43        1           544        126695
     44        1           712        119967
     45        2         51829         96415
     46        2         39961        116082
     47        2         40237         95676
     48        2         33754        105622
     49        2         45143        104448
