Attempt Distance          Time         TTime
      0        2          1240          1423
      1        1            24          1716
      2        2           575          1061
      3        2           520          1260
      4        2           466          1557
      5        2           686          1747
      6        2           582          1755
      7        1           134          1586
      8        1            23          1259
      9        2           524          1307
     10        1            19          1224
     11        2           469          1336
     12        1            20          1256
     13        2           431          1070
     14        1            20          1090
     15        1            22          1946
     16        2           693          1990
     17        1            38          1108
     18        1            35           965
     19        2           312           779
     20        2           499          1419
     21        2           502          1199
     22        1            20           958
     23        2           369          1044
     24        2           277           666
     25        2           230           761
     26        2           386          1199
     27        2           698          1352
     28        1            41          1135
     29        2           312           883
     30        2           318           708
     31        2           273           703
     32        2           271           833
     33        2           252           760
     34        2           256           663
     35        2           695          1182
     36        2           287          1032
     37        2           313           737
     38        2           414           899
     39        2           268           896
     40        2           357           931
     41        2           305           689
     42        2           434          1052
     43        1            17           799
     44        2           322           774
     45        2           214           638
     46        2           237           736
     47        2           269           822
     48        1            14           906
     49        2           281           943
Attempt Distance          Time         TTime
      0        2        113304        123336
      1        1          1715        125412
      2        2         82382        104343
      3        2         85677        108325
      4        2         62554         98475
      5        2         87742        114420
      6        2         30424        115567
      7        1           821        117890
      8        1           626         91777
      9        2         41897         94818
     10        1           554         91186
     11        2         39321         94532
     12        1          5262        101950
     13        2         38265         91526
     14        1           769        107608
     15        1           658        114086
     16        2         40930        106443
     17        1           695         98497
     18        1           588        108467
     19        2         47887        110308
     20        2         49744         95145
     21        2         43640         99092
     22        1           696         87354
     23        2         79809        104752
     24        2         35346         96222
     25        2         36136         98744
     26        2         37122        102259
     27        2         32633        106518
     28        1           667        105679
     29        2         30393         99932
     30        2         37923         99556
     31        2         34646        104440
     32        2         40700         94365
     33        2         33535         93273
     34        2         68311        105345
     35        2         36296        116038
     36        2         38577        100294
     37        2         38695        105710
     38        2         45471        105387
     39        2         31375        105468
     40        2         39159         94633
     41        2         37644        100376
     42        2         34701        103724
     43        1           615        112376
     44        2         42526        102341
     45        2         65675         98908
     46        2         41752        105103
     47        2         37891         93167
     48        1           628         96209
     49        2         37311         85986
Attempt Distance          Time         TTime
      0        2         49418         99968
      1        1          1214        114764
      2        2         40915        108999
      3        2         36031        108301
      4        2         46027        105834
      5        2         36206        105115
      6        2         30455        100056
      7        1          1019        109206
      8        1           917        104836
      9        2         40573         94826
     10        1           778        113009
     11        2         31100        105025
     12        1           909        108221
     13        2         32197         99163
     14        1           987        103621
     15        1           822        106267
     16        2         33576         83424
     17        1           724        101997
     18        1           833        102294
     19        2         50202        108008
     20        2         38408         99486
     21        2         35261         97521
     22        1           907        109462
     23        2         44313        106143
     24        2         33238        100317
     25        2         35560         97264
     26        2         45965        100061
     27        2         26608         94363
     28        1           833        115730
     29        2         39134        104856
     30        2         36296         97371
     31        2         43284        104636
     32        2         37117        101892
     33        2         35681        103438
     34        2         47872        102245
     35        2         34778         99502
     36        2         28791        102037
     37        2         48478         98717
     38        2         40285        101836
     39        2         32751         97052
     40        2         51688        106745
     41        2         35584        110043
     42        2         34216        100120
     43        1           862        112124
     44        2         51292        103750
     45        2         36878         96523
     46        2         39742        101402
     47        2         49856        106350
     48        1           978        104844
     49        2         33178         98967
