Attempt Distance          Time         TTime         RTime        RTTime
      0        2          1755          1009         24339         10290
      1        4          1157           913          5184          6136
      2        3           448           889          3084          2598
      3        4           671           645          3234          2891
      4        3           345           774          2893          2436
      5        3           225          1013          2439          2770
      6        3           442           626          6798          3515
      7        3           220          2132          2418          6750
      8        3           208          1021          3774          6426
      9        3           146          1404          6408          5007
     10        2            70           597          2724          5353
     11        3           175           654          2606          2722
     12        3          3969           492          5083          2327
     13        4           296           432          2712         10827
     14        2            76           735          3092          4206
     15        3           372          1215         11320          2495
     16        2           105           743          2342          2939
     17        3           464           685          8587          3701
     18        3           213           941          2554          3301
     19        4          1050          1700          5755          2613
     20        4           990          4326          6898          3587
     21        3           155           369          9303          3640
     22        2           128           779          2376          4128
     23        3           142           791          4125          3999
     24        3           231           476          2557          2049
     25        3           210           433          1776          2127
     26        3           228           582          6460          2758
     27        3           121           510          2294          1751
     28        3           194           298          2072          1821
     29        3           172          1348          3887          3084
     30        2            41           455          4705          1903
     31        3           187           338          2099          2152
     32        3           148           340          1621          3729
     33        4           426           505          3174          2066
     34        3           144           327          1471          2309
     35        2            40           347          1720          3200
     36        4           420           327          2237          2102
     37        2            43           496          1921          2000
     38        3           150           953         10271          3116
     39        3           246           424          5737          1986
     40        3            95           425          2338          1478
     41        3           340           355          1894          2590
     42        3           160           442          2090          1786
     43        2            50           426          1578          1449
     44        2            51           745          1358          3360
     45        3           146           247          2033          1142
     46        3            62           210          1075          1384
     47        1            15           190          1262          1350
     48        4           141           247          1547          1687
     49        3           162           390          1748          1102
