Attempt Distance          Time         TTime
      0        2           882          1462
      1        2           505          1371
      2        2           369          1094
      3        2           443          1462
      4        2           471          1043
      5        1            24          1040
      6        2           452          1934
      7        1            34          1867
      8        1            35          1611
      9        1            34          1535
     10        2           817          1668
     11        2           416          1073
     12        2           307          1153
     13        1            35          1382
     14        2           713           952
     15        0             2          1058
     16        1            30          1004
     17        1            22           900
     18        2           291           744
     19        2           237           867
     20        2           358           847
     21        1            15           673
     22        2           263           569
     23        2           182           591
     24        1            17           653
     25        2           185           949
     26        2           378          1371
     27        2           440           813
     28        2           351           926
     29        2           296           631
     30        2           274           774
     31        1            29           724
     32        2           285           816
     33        0             2          1004
     34        1            22           920
     35        2           252           634
     36        2           238           549
     37        2           271           749
     38        0             2           868
     39        2           553          1320
     40        2           322           775
     41        1            14           579
     42        1            17           612
     43        2           191           650
     44        1            16           559
     45        2           189           574
     46        2           273           784
     47        1            22           801
     48        2           308           726
     49        1            19           673
Attempt Distance          Time         TTime
      0        2         80407         92206
      1        2         74968        123168
      2        2         55592        107049
      3        2         67390         97607
      4        2         65962         99456
      5        1          1132         93018
      6        2         44810         99935
      7        1           618         85710
      8        1           657         87600
      9        1           764         90813
     10        2         38639        128169
     11        2         44612         93523
     12        2         67053         87538
     13        1           613         78349
     14        2         37232         89506
Standard and transitive algorithms inconsistent (0 != 2)
     16        1           805         90776
     17        1           630         86499
     18        2         38065         84819
     19        2         37702        120506
     20        2         28767         86276
     21        1           588         87093
     22        2         35283         80409
     23        2         29695        111290
     24        1           625        104785
     25        2         35972        103306
     26        2         28141         96197
     27        2         28445         89392
     28        2         31356        104934
     29        2         73360         65036
     30        2         23605         88601
     31        1           560         83680
     32        2         22133        107757
Standard and transitive algorithms inconsistent (0 != 1)
     34        1           631         83895
     35        2         34406         89004
     36        2         36093         80132
     37        2         33792        104554
Standard and transitive algorithms inconsistent (0 != 2)
     39        2         25940         86207
     40        2         29327         77007
     41        1           585        111932
     42        1           654         83459
     43        2         26702         85283
     44        1           577         74725
     45        2         32831         73317
     46        2         27640         94612
     47        1           555         89349
     48        2         67858         80520
     49        1           607         87118
Attempt Distance          Time         TTime
      0        2         26301        113530
      1        2         33638         83253
      2        2         29339         81000
      3        2         26751         90372
      4        2         58228         84000
      5        1           958         90179
      6        2         32485         85954
      7        1           802         78226
      8        1           669        117544
      9        1           903         90620
     10        2         33807         74825
     11        2         31140         89267
     12        2         54226         81006
     13        1          1008         91022
     14        2         33019         82441
Standard and transitive algorithms inconsistent (0 != 2)
     16        1           942        114370
     17        1           885         86211
     18        2         34439         79940
     19        2         32558        117264
     20        2         29542         90285
     21        1          1004         78766
     22        2         31845         81294
     23        2         26815        106505
     24        1          1224         92249
     25        2         29935         85843
     26        2         22890         80117
     27        2         30575        128428
     28        2         31547        102584
     29        2         41968         79778
     30        2         28983        117458
     31        1          1507         88511
     32        2         27328         86915
Standard and transitive algorithms inconsistent (0 != 1)
     34        1           955         88118
     35        2         62564         86121
     36        2         33596         81452
     37        2         31026         84216
Standard and transitive algorithms inconsistent (0 != 2)
     39        2         28805         81422
     40        2         32724         85993
     41        1           947         97689
     42        1           914        119035
     43        2         28065         92295
     44        1           998         95271
     45        2         30614         87287
     46        2         31767        112771
     47        1          1016         83478
     48        2         38131         83424
     49        1           819         87439
