Attempt Distance          Time         TTime
      0        3           314           576
      1        3           269           582
      2        2            49           340
      3        3           167           504
      4        4           328           343
      5       -1            19            14
      6        3           273           913
      7        1            20           672
      8        4           215           281
      9        1            30           449
     10        4           650           568
     11        4           396           405
     12        4           428           419
     13        3           190           604
     14        3           119           474
     15        4           372           354
     16        4           320           421
     17        3           169           472
     18        3           189           527
     19        4           130           142
     20        2            58           480
     21        5           266         29716
     22        3           187           743
     23        3           118           407
     24        3           115           300
     25        4           285           303
     26        2            29           265
     27        5           449         35357
     28        4           190           153
     29        4           219           209
     30        3            80           190
     31        2            23           217
     32        4           213           202
     33        2            22           241
     34        4            99           115
     35        3            82           250
     36        2            77           308
     37        2            21           223
     38        3            40           108
     39        4           148           108
     40        3           126           185
     41        3            44           128
     42        3            53           137
     43        4           101           134
     44       -1           264         32439
     45        3            40           238
     46        3            32            94
     47        3            62           150
     48        3            56           155
     49        1             9           173
Attempt Distance          Time         TTime
      0        3         14953         27959
      1        3         37959         47034
      2        2          7400         34455
      3        3         36789         28724
      4        4         42309         25464
      5       -1           655           485
      6        3         26608         52493
      7        1           669         41800
      8        4         19860         16220
      9        1           752         27492
     10        4         48803         31219
     11        4         27459         15529
     12        4         30557         19335
     13        3         13095         26085
     14        3         26942         20356
     15        4         25906         17861
     16        4         36195         17307
     17        3         13327         32192
     18        3         17323         28030
     19        4         11008          7115
     20        2          2770         24344
     21        5         29207       1652384
     22        3         13810         27249
     23        3          8204         34244
     24        3          9107         29290
     25        4         33613         25283
     26        2          1729         23039
     27        5         46584       3633552
     28        4         23342         18725
     29        4         31339         19973
     30        3          9201         22223
     31        2          1791         26598
     32        4         24410         20909
     33        2          1838         27204
     34        4         11929          9634
     35        3         10741         25170
     36        2          3993         37704
     37        2          2289         32630
     38        3          8679         16060
     39        4         32806         27416
     40        3         15302         41935
     41        3         10819         22757
     42        3         10170         29292
     43        4         21972         15594
     44       -1         46719       7688518
     45        3          8855         21351
     46        3          5581         19183
     47        3         10497         40065
     48        3         17989         47306
     49        1           368         50165
