Attempt Distance          Time         TTime
      0        1           239          1967
      1        2           412          1220
      2        1            32          1130
      3        2           392           941
      4        2           436          1393
      5        2           334           898
      6        2           396          1019
      7        2           508          1346
      8        1            32           876
      9        2           286           792
     10        2           219          1369
     11        2           448          1619
     12        2           285           914
     13        1            50           863
     14        1            24           776
     15        2           272           707
     16        1            20           716
     17        2           293           704
     18        2           209           757
     19        2           331           910
     20        2           368          1050
     21        2           236           721
     22        2           232           692
     23        2           248           464
     24        2           258           690
     25        2           291           798
     26        2           156           615
     27        2           198           576
     28        2           214           543
     29        2           189           595
     30        2           244           642
     31        2           355           907
     32        1            27           694
     33        2           254           600
     34        1            15           918
     35        2           301          1100
     36        2           304           949
     37        2           336           864
     38        2           153           533
     39        2           152           496
     40        1            12           489
     41        1            11           473
     42        1            10           499
     43        2           188           461
     44        2           162           684
     45        2           205           607
     46        2           192           501
     47        2           154           466
     48        2           153           477
     49        2           192           504
Attempt Distance          Time         TTime
      0        1          3786        104187
      1        2         64401         94869
      2        1          1158        105361
      3        2         74144        156589
      4        2         71196        117118
      5        2         63261         93476
      6        2         62572         97463
      7        2         26903         88489
      8        1           764        131373
      9        2         30062         84808
     10        2         31474         80576
     11        2         25646         88503
     12        2         38113         91118
     13        1           655         96263
     14        1           735        105579
     15        2         40619        122398
     16        1           945         78559
     17        2         35335         85444
     18        2         83601         87735
     19        2         33181         89534
     20        2         27797        107081
     21        2         33102        109491
     22        2         39580        105413
     23        2         32614         92917
     24        2         27384         89369
     25        2         25851         91477
     26        2         25386         88758
     27        2         26776        100439
     28        2         26696         80995
     29        2         32645         98010
     30        2         33197        111569
     31        2         28602         86057
     32        1           582         82181
     33        2         76527        107677
     34        1           612         97734
     35        2         29609         77244
     36        2         29663         82266
     37        2         32446        104320
     38        2         26232         86042
     39        2         30055         78967
     40        1           597        100677
     41        1           627         85915
     42        1           529         88477
     43        2         31328         96534
     44        2         29237        113774
     45        2         30297        101074
     46        2         29682         76507
     47        2         22322        101152
     48        2         27706         76149
     49        2         32666         74896
