Attempt Distance          Time         TTime
      0        2           768          3412
      1        2          1699          1858
      2        2           597          1846
      3        2           536          1687
      4        2           436          1609
      5        1            24          1730
      6        2           509          1966
      7        2           342          1366
      8        2           389          1199
      9        2           406           893
     10        2           308           990
     11        2           322           931
     12        2           529          1828
     13        2           583          1460
     14        2           266          1326
     15        2           348          1354
     16        2           495          1712
     17        2           754          1988
     18        2           371          1378
     19        2           351          1197
     20        2           372           835
     21        2           175           694
     22        2           138           742
     23        1            18           944
     24        2           247           847
     25        2           193           951
     26        2           216          1274
     27        2           572          1593
     28        1            23          1125
     29        1            17           951
     30        2           213           913
     31        2           246           936
     32        2           240           955
     33        2           244           832
     34        2           378           981
     35        2           318           876
     36        2           208           894
     37        1            18          1008
     38        1            17          1315
     39        2           299          1224
     40        2           184          1129
     41        2           241          1013
     42        2           398          1212
     43        2           308          1092
     44        2           383           984
     45        2           202           688
     46        2           111           515
     47        2            89           523
     48        2           202           869
     49        2           256          1032
Attempt Distance          Time         TTime
      0        2         41276         76224
      1        2         38444        103067
      2        2         46565         72511
      3        2         26219         82149
      4        2         36423         77855
      5        1          1028        100348
      6        2         36935        120439
      7        2         43157         82088
      8        2         21962         57910
      9        2         19488         61427
     10        2         19221         70006
     11        2         21198         95826
     12        2         24669         85414
     13        2         20734         77787
     14        2         17214         67582
     15        2         22387         90475
     16        2         20936         68727
     17        2         24760         71354
     18        2         22820         74707
     19        2         22291         71141
     20        2         19320        104390
     21        2         18158         83103
     22        2         18575         81090
     23        1           573         68121
     24        2         50771        134361
     25        2         55518        129745
     26        2         21916         84030
     27        2         25721         70697
     28        1           566         72227
     29        1           476         94636
     30        2         20912         80785
     31        2         21542        130552
     32        2         21672         80089
     33        2         22001         92377
     34        2         23309        101128
     35        2         64265         71036
     36        2         20192        112053
     37        1          1141         94803
     38        1           676         93774
     39        2         18142         65119
     40        2         10296         69874
     41        2         16330         61672
     42        2         20283         93674
     43        2         24206         70255
     44        2         18504         70864
     45        2         22338         75552
     46        2         18882         74425
     47        2         15561         96075
     48        2         25127         93702
     49        2         20574         73954
