Attempt Distance          Time         TTime
      0        2           594          2974
      1        2           721          1942
      2        2           726          2087
      3        2           464          1204
      4        1            33          1517
      5        2           886          1642
      6        2           589          1713
      7        2           563          3217
      8        2           424          1129
      9        1            27          1435
     10        2           291          1354
     11        2           337          1343
     12        2           340          1606
     13        1            44          1435
     14        2           203           849
     15        2           327          1363
     16        2           269          1613
     17        2           351          1327
     18        2           312           976
     19        1            28          1033
     20        1            48          1632
     21        1            44          1281
     22        1            20          1061
     23        1            41          1001
     24        1            19           992
     25        2           236           942
     26        2           200           785
     27        2           293           862
     28        2           362          1912
     29        1            82          1413
     30        2           192           737
     31        1            62          1420
     32        1            28          1182
     33        2           225          1162
     34        2           301          1065
     35        2           252           914
     36        1            31           867
     37        1            30          1386
     38        2           369           922
     39        2           192           828
     40        2           127           617
     41        2           124           828
     42        2           288           874
     43        2           232           862
     44        1            15           975
     45        2           309          1163
     46        2           256          1030
     47        1            18          1142
     48        2           315          1181
     49        2           371           906
Attempt Distance          Time         TTime
      0        2         75098        127162
      1        2         49356        119567
      2        2         66438         96012
      3        2         32729        105925
      4        1          1607        102138
      5        2         60129        163151
      6        2         81631        106864
      7        2         35276         75789
      8        2         31026         90303
      9        1           668         67009
     10        2         13472         64388
     11        2         18024         81948
     12        2         20524         74892
     13        1           451         74835
     14        2         24276         59257
     15        2         16822         82371
     16        2         16642         62989
     17        2         18728         65203
     18        2         19457         93692
     19        1           676         95033
     20        1           581        120250
     21        1           796         82372
     22        1           538         70389
     23        1           544         62362
     24        1           347         59035
     25        2         17052         98889
     26        2         23000         82925
     27        2         23903         63846
     28        2         11291         70532
     29        1           476         69220
     30        2         18542         70935
     31        1           653         87712
     32        1           445         65585
     33        2         16831         72473
     34        2         13482         72369
     35        2         27150         76152
     36        1           583         62547
     37        1           440         59080
     38        2         24762         90725
     39        2         18834         65506
     40        2         14976         62344
     41        2         14803         75493
     42        2         19136         72627
     43        2         18273         77790
     44        1           698         81748
     45        2         27245         94547
     46        2         24482         59824
     47        1           637         63432
     48        2         12285         95534
     49        2         27008         68155
