Attempt Distance          Time         TTime
      0        1           124          2429
      1        1            38          1938
      2        2           720          1413
      3        1            26          1473
      4        2           538          1662
      5        2           623          1640
      6        1            27          1590
      7        2           620          1206
      8        2           640          1594
      9        1            26          1646
     10        2           675          1665
     11        1            32          1698
     12        2           577          1335
     13        1            38          1750
     14        2           580          1406
     15        1            62          1990
     16        2           470          1006
     17        1            20           982
     18        2           335           929
     19        2           327           900
     20        1            22          1029
     21        2           317           763
     22        2           259           722
     23        1            16           900
     24        2           435           901
     25        2           607          2597
     26        2           451          1242
     27        1            32          1678
     28        1            43          1242
     29        2           944          1291
     30        2           271           751
     31        1            15           844
     32        1            15           725
     33        2           258           791
     34        2           246           657
     35        2           268           712
     36        1            15           706
     37        2           257           831
     38        2           299           700
     39        2           261           667
     40        1            21           772
     41        1            16           690
     42        2           374           776
     43        1            18           802
     44        1            20           813
     45        1            17          1169
     46        1            48          1300
     47        2           311           717
     48        1            12           608
     49        2           253           682
Attempt Distance          Time         TTime
      0        1          4449        111553
      1        1          2024        106288
      2        2        109699        140243
      3        1          1716        152030
      4        2         89432        122939
      5        2        107613         90814
      6        1           780        118791
      7        2         63351         87521
      8        2         43133        117624
      9        1           721         91510
     10        2         47029         93932
     11        1           658        120307
     12        2         45473         92234
     13        1           915         93461
     14        2         47333        124527
     15        1           681         97305
     16        2         38473        116131
     17        1           681         95263
     18        2         46765         87558
     19        2         94386        113931
     20        1           637         84893
     21        2         38080        102554
     22        2         56059        100608
     23        1           976        130026
     24        2         44046        118915
     25        2         41860         91470
     26        2         47728        102071
     27        1           941        123161
     28        1           706         97774
     29        2         44950        113000
     30        2         39151         89045
     31        1           769         99148
     32        1           667        114411
     33        2         40348         82466
     34        2         72724         80994
     35        2         33734        111630
     36        1          1314         80409
     37        2         34258         97451
     38        2         34463         92396
     39        2         41139         97271
     40        1           671        116720
     41        1           689        100334
     42        2         37342         91408
     43        1           581        104385
     44        1           623         85850
     45        1           711        113384
     46        1           841         97686
     47        2         34238         92690
     48        1           617        114649
     49        2         41255        100796
Attempt Distance          Time         TTime
      0        1          3623         99823
      1        1          1520        115597
      2        2         38464         93965
      3        1           927        118062
      4        2         46603         94160
      5        2         39354        117916
      6        1          1071        117487
      7        2         48106        103539
      8        2         71219         96175
      9        1           892         95516
     10        2         37903        115938
     11        1           930         99019
     12        2         43652        115925
     13        1          1026         93827
     14        2         38420        124048
     15        1          1069        103183
     16        2         36505        100346
     17        1           933        123881
     18        2         36967         90534
     19        2         41330        118225
     20        1          1057        105431
     21        2         36226        119666
     22        2         40197         95644
     23        1           947        120681
     24        2         43503        104855
     25        2         36320        114055
     26        2         43627        101145
     27        1          1066        106955
     28        1          1161        127112
     29        2         44084         91163
     30        2         39624        115990
     31        1           857        108243
     32        1          1139        131457
     33        2         35466         98475
     34        2         37872        118955
     35        2         34587         88861
     36        1           914         99540
     37        2         63999         98745
     38        2         34011         91998
     39        2         63941         89631
     40        1           862        108315
     41        1          1079        126111
     42        2         35766         84585
     43        1           787        109561
     44        1           897        100741
     45        1          1119        102744
     46        1           996        130896
     47        2         34964         90729
     48        1           958        118840
     49        2         38110         92618
