Attempt Distance          Time         TTime         RTime        RTTime
      0        2          1599          2951         32745         11063
      1        2           539          1989         11879          8089
      2        2           428          1397          4929          9451
      3        1            47          2847          5379          6450
      4        1            34          1110          2781          9309
      5        2           274           545          2676          2694
      6        1           118           535          3249          2546
      7        2           309           547          2432          4888
      8        2           468          1024          2836          3562
      9        2           505           925          5642          2529
     10        1            24           599          1651          2081
     11        2           405          2066          4708          3528
     12        1            41           956          2281          2836
     13        2           227          1097          3510          2628
     14        2           340           938          2010          2205
     15        1            34          2414          2035          2990
     16        1            35           702          3650          3393
     17        2           265          1611          3222          3414
     18        2           308          1018          3217          3263
     19        2           261          1586          2628          3663
     20        1            49           766          3517          2582
     21        1            26          1591          2040          2646
     22        2           163           568          1700          2020
     23        1            19           544          1412          2592
     24        2           205           983          2981          2923
     25        1            48           530          1499          2833
     26        2           207           490          1463          1753
     27        2           231          1059          2976          3423
     28        1            32           548          1845          1744
     29        2           217           593          1519          2103
     30        1            40           712          2714          1709
     31        2           248           600          1908          1880
     32        1            19           535          1430          1755
     33        2           212           734          2576          1816
     34        2           166           512          1383          1841
     35        2           221           630          1780          1691
     36        2           248           545          1543          3871
     37        2           269           538          1675          1660
     38        1            31           516          1404          1740
     39        1            30          1097          2156          3270
     40        1            27           541          2342          1881
     41        1            27           596          2289          1658
     42        2           158           533          1427          3210
     43        1            25          1008          2680          3006
     44        2           201           549          2443          2826
     45        2           637           718          3057          2655
     46        2           189           481          1387          1711
     47        2           200           497          1510          2226
     48        2          1367           682          4181          2014
     49        2           197           507          1428          1679
