Attempt Distance          Time         TTime
      0        2           896          1783
      1        2           513          1367
      2        1            36          1005
      3        1            28          1183
      4        2           379          1084
      5        1            35          1222
      6        2           286           863
      7        2           356          1145
      8        1            29          1286
      9        1            28          1503
     10        1            34          1299
     11        2           251           588
     12        2           272           730
     13        2           428           842
     14        1            32          1566
     15        2           319           595
     16        1            17           682
     17        2           297           713
     18        2           404          1177
     19        2           497           782
     20        2           271           688
     21        2           222           628
     22        2           229           610
     23        2           212           712
     24        2           301          1071
     25        1            39           976
     26        1            28           621
     27        2           235           863
     28        1            45           954
     29        2           932          2629
     30        1            41          1856
     31        2           549          1436
     32        2           448          1056
     33        2           459           742
     34        2           212           609
     35        2           234           528
     36        1            35           715
     37        2           291          1010
     38        1            40          1078
     39        2           330           998
     40        1            23           934
     41        2           411          1081
     42        1            16           801
     43        2           246           683
     44        2           183           605
     45        2           161           736
     46        2           196           594
     47        1            11           573
     48        1            16           605
     49        1            13           671
Attempt Distance          Time         TTime
      0        2        119996        122111
      1        2         68651        104246
      2        1          1237        111361
      3        1           929         94975
      4        2         65320        108134
      5        1          1253         96810
      6        2         31307         82453
      7        2         35025         94741
      8        1           653         86426
      9        1           545         97620
     10        1           694         93039
     11        2         32466         91748
     12        2         28347         95605
     13        2         32102         82487
     14        1           613        101392
     15        2         33294         94090
     16        1           928        113526
     17        2         86873        112622
     18        2         37046         87907
     19        2         40301        113769
     20        2         30611         90088
     21        2         32213         97121
     22        2         33909        102264
     23        2         32245         93593
     24        2         29586         91799
     25        1           638         96965
     26        1           651        101499
     27        2         32054        103572
     28        1           754         88516
     29        2         30929        113398
     30        1           623         96376
     31        2         39283        122431
     32        2         48556        117192
     33        2         82863         79307
     34        2         35779        100968
     35        2         25215        110861
     36        1           748         98001
     37        2         31914        104513
     38        1          1044         85059
     39        2         24260         98508
     40        1           501         88857
     41        2         28965         85835
     42        1           643        101471
     43        2         31132         80479
     44        2         30603        101620
     45        2         28071         86555
     46        2         33035        102527
     47        1           553        102156
     48        1           534         84481
     49        1           666         97175
