Attempt Distance          Time         TTime         RTime        RTTime
      0        2          3348          2308         26627         12625
      1        1            81          2487          9433          5930
      2        2          5519          1511          6015          6090
      3        1            68          1729          5689         11114
      4        1            44          1475          6196          8136
      5        1            68          2777          8151          5280
      6        2           401           739          2923          8734
      7        1            40           876          4146         10185
      8        0             6          2002          4593         10898
      9        2           780          1977          8164          6321
     10        2           692          1626          8119          5040
     11        2           993          2737          8513          8474
     12        1            49          1531          4868          4813
     13        2          4466          1849          6348          8322
     14        1            78          1759          9207         11885
     15        1            48          2309          4300          7360
     16        2           777          2168          5395         10329
     17        1            30           732          2801          9007
     18        1            40          3828          5675          9206
     19        2           529          2671          5975          5779
     20        2           383           932          3531         10486
     21        2           427          1449          3884          9041
     22        2           608          1464          5387          7263
     23        1            79          1158          6928          6316
     24        1            52          1023          4138          4820
     25        1           112          1216          5062          4841
     26        2           521          1648          6465          4953
     27        2           816          2893          4675          5989
     28        1            32           842          3094          4220
     29        2           753           821          4429          4228
     30        2           500          2187          4286          6452
     31        2           955          3833          4473          3037
     32        2           684          1101          2911          2421
     33        1            41          1183          1703          5982
     34        2           992          1098          3841          5239
     35        2           723          1240          2728          2679
     36        2           725           716          2168          5122
     37        2           627          1208          3367          3216
     38        1            26           704          2644          4935
     39        2           522          2074          3434          3539
     40        1            25          2048          3875          4423
     41        2           895          1025          3256          3863
     42        2           702           802          2696          3673
     43        2           635           982          3151          6478
     44        2           555          1262          3138          2686
     45        2           412           944          4517          2566
     46        2           327           728          2210          2220
     47        2           269           686          2055          3644
     48        2           705           645          2136          2374
     49        2           266           840          1839          2298
