Attempt Distance          Time         TTime
      0        2           661          1921
      1        2           303          1251
      2        2           338          1205
      3        2           351          1482
      4        2           465          1836
      5        1            30          1869
      6        1            34          2243
      7        1            35          1673
      8        2           563          1809
      9        2           545          1282
     10        2           341          1330
     11        2           350          1071
     12        1            27          1528
     13        2           358           931
     14        2           197           889
     15        1            16          1011
     16        2           188           910
     17        2           276           892
     18        2           206           751
     19        1            18           968
     20        2           248           752
     21        2           201           748
     22        2           215           792
     23        1            20          1139
     24        2           304          1074
     25        1            24          1628
     26        1            25          1236
     27        1            26          1046
     28        2           258           912
     29        1            10           809
     30        2           245           783
     31        1            14           748
     32        2           560           973
     33        1            12          1060
     34        2           167           684
     35        2           176           624
     36        2           161           637
     37        2           189           803
     38        2           250           745
     39        2           160           692
     40        2           145           760
     41        2           154           726
     42        2           166           729
     43        1            12           774
     44        2           224           731
     45        2           297           697
     46        2           144           621
     47        1            11           579
     48        2           265           733
     49        1            15           663
Attempt Distance          Time         TTime
      0        2         49486         92155
      1        2         40451         97731
      2        2         40264         72137
      3        2         34571         85646
      4        2         21674         93767
      5        1           652         84142
      6        1           705         72179
      7        1           656        103307
      8        2         31159         66717
      9        2         25442         63899
     10        2         17313         61312
     11        2         22312         80957
     12        1           552         72699
     13        2         25090         70529
     14        2         19392         64106
     15        1           570         86830
     16        2         18892         74607
     17        2         24725         67470
     18        2         22519         88326
     19        1           538         73881
     20        2         38279        104619
     21        2         24298         69195
     22        2         21180         84115
     23        1           722         80695
     24        2         19128         74600
     25        1           637         95097
     26        1           703         84057
     27        1           621         81984
     28        2         24322         74326
     29        1           532         91754
     30        2         24842         84362
     31        1           575         79237
     32        2         25965         80735
     33        1           428         90496
     34        2         19819         64925
     35        2         20168         71611
     36        2         23526         92996
     37        2         22461         72296
     38        2         65457         76833
     39        2         19873         80783
     40        2         19193         87711
     41        2         19491         71888
     42        2         19711         68270
     43        1           481        104089
     44        2         21982         69824
     45        2         25676         72340
     46        2         18881         77410
     47        1           565        102713
     48        2         24198         70729
     49        1           552         74878
