Attempt Distance          Time         TTime
      0        5           604         16946
      1        2            31           291
      2        3            81           165
      3        5           103          3621
      4        2            25           257
      5        4           112            83
      6       -1            12            10
      7        5           150          5206
      8        3            69           160
      9        4           214           179
     10        2            22            89
     11       -1           461         21336
     12        5           391         10828
     13        4            94            99
     14        4           148           154
     15        6           260          6170
     16        5           155          5505
     17        4            78            99
     18        4            99            81
     19        6           275          6039
     20        2            29           139
     21        2            13          8127
     22        7           293          5183
     23        5           137          4975
     24        6           308          5754
     25        5           228          5066
     26       -1            11             6
     27        1            11            73
     28        6           209          3503
     29        4           106           126
     30        5           144          6846
     31        3            50            97
     32        5           129          4525
     33        4            67            63
     34        4           111           101
     35        5            81          2289
     36        4           107            90
     37        5           176          5537
     38        4            95            63
     39        2            22            97
     40        2            25           103
     41        3            46            84
     42        1            13           127
     43        5           133          4469
     44       -1             9             6
     45        4            60            59
     46        7           188          2083
     47        5           136          4576
     48       -1           230         10791
     49        4           115            45
Attempt Distance          Time         TTime
      0        5        116788       1419475
      1        2          1662         14897
      2        3          5454         14493
      3        5         22965        559074
      4        2          1981         21747
      5        4         17463         12675
      6       -1           340           351
      7        5         23174        674451
      8        3          7871         16797
      9        4         25017         29250
     10        2          1800         10751
     11       -1         72841       3912078
     12        5         24736       1109133
     13        4         12972          6778
     14        4         15595         16780
     15        6         48561        689390
     16        5         20430        586082
     17        4         11020          9591
     18        4         12783         11641
     19        6         38399       1368025
     20        2          2241         24222
     21        2          1544         13719
     22        7         41962       1004493
     23        5         19431        812323
     24        6         28205        770303
     25        5         24070        810327
     26       -1           497           433
     27        1           778         10100
     28        6         27925        604727
     29        4         22631         16220
     30        5         32614       1201562
     31        3          4033         17552
     32        5         20232        877271
     33        4         11993         11849
     34        4         19276         18554
     35        5          9290        465009
     36        4          7757         15238
     37        5         22983        916241
     38        4          6029          7210
     39        2          1147         16633
     40        2          1634         20504
     41        3          6606         16034
     42        1           237         15535
     43        5         20211        817108
     44       -1           298           262
     45        4         14464         17652
     46        7         32390        368752
     47        5         21292        911935
     48       -1         36641       3168467
     49        4          6767          8802
