Attempt Distance          Time         TTime
      0        2           942          2738
      1        1            49          2861
      2        1            49          2788
      3        1            74          2172
      4        2           694          1777
      5        1            35          1622
      6        1            34          1553
      7        2           530          1333
      8        2           624          1675
      9        1            33          2374
     10        1            35          1547
     11        2           548          1508
     12        1            49          2668
     13        2           733          1814
     14        1            51          2264
     15        2           245           754
     16        2           334           839
     17        2           331           815
     18        1            43           909
     19        2           238           984
     20        1            21           730
     21        2           185           558
     22        2           202           543
     23        1            14           600
     24        2           244           763
     25        1            20           791
     26        2           765          1219
     27        1            23          1159
     28        1            41          1021
     29        2           412           894
     30        1            21           658
     31        2           229           700
     32        2           299           575
     33        2           187           520
     34        2           176           608
     35        2           275           629
     36        1            19           824
     37        2           304           604
     38        1            16          1015
     39        2           240           595
     40        2           179           522
     41        1            12           498
     42        1            13           550
     43        1            14           581
     44        2           218           597
     45        2           221           540
     46        2           171           512
     47        1            12           534
     48        2           190           536
     49        2           175           540
Attempt Distance          Time         TTime
      0        2         81995        113461
      1        1          1440        151066
      2        1          1386        103185
      3        1          2588        109686
      4        2         85709        179342
      5        1          1942        186913
      6        1          1156         85965
      7        2         52148         83257
      8        2         52454         98184
      9        1           551         95318
     10        1           716         98257
     11        2         35286        121762
     12        1           604         90978
     13        2         29555        109441
     14        1          1987        149515
     15        2         65185         85977
     16        2         63787        112616
     17        2         29212         96466
     18        1           603         89230
     19        2         31491         89109
     20        1           551         98692
     21        2         37350        148802
     22        2         24710         94289
     23        1           905        125127
     24        2         50907        181926
     25        1          1326         91733
     26        2         33268        120829
     27        1           641         88456
     28        1           670        125140
     29        2         40526         91373
     30        1          1183         98080
     31        2         44169        132723
     32        2         56714        142426
     33        2         55287        137835
     34        2        102961        113781
     35        2         28094        111613
     36        1          1099         95302
     37        2         39231         92585
     38        1           592         89174
     39        2         34184        100257
     40        2         77542        176785
     41        1           746        108676
     42        1           517         93335
     43        1           472        104339
     44        2         34957         98444
     45        2         37090        126823
     46        2         33892         97802
     47        1           934         99800
     48        2         43451        101158
     49        2         30798         90480
