Attempt Distance          Time         TTime         RTime        RTTime
      0        2           688          2781         29469         13838
      1        1           148          5136          7359          8685
      2        2           170          1182         12490          7289
      3        2           143          1036          4023          8866
      4        2           141           712          2785          3732
      5        2           177           800          6494          4985
      6        2           185           859          6124          3470
      7        3          1090          1380          9588          5265
      8        2            87          1276         12619          4786
      9        2           200           682          4155         22138
     10        3           843           600         16560          3110
     11        2           242          1565          3208         13598
     12        3           527           641         22384          4194
     13        2           126          1553         14457          5014
     14        2           118          2758         10291          7910
     15        3           662          1343          2880         10449
     16        3           441           605          2355          6272
     17        2           232           351          2874          2823
     18        3          7464           975          3826         11070
     19        2           162          2338          1877          2719
     20        2           103          1945          9050          3260
     21        2           344          1373          6261         12887
     22        2           113         12747          6470          3212
     23        2           123          1370         17043         13318
     24        2            93           713         10024          4001
     25        1            28           656         10694          1876
     26        2           155           791          2122          9810
     27        2           130          1663          6979          4228
     28        2           126           716          3224          6812
     29        2           133           680          6559          3184
     30        3           591           825          4622          3746
     31        3           483           594          2840          7059
     32        2           202           523          3355          2164
     33        1            55           793          3391          3461
     34        2            97           590          2093          2029
     35        2            89           564          1993          2874
     36        3           390           764          2519          2497
     37        2            80           371          1589          1885
     38        2            93          1372          2751          2847
     39        2           294           392          2152          1872
     40        3           217           584          2053          2954
     41        3           369          1552          4144          2765
     42        3           467           323          1363          1685
     43        2            75           283          1927          3042
     44        2            90          1424          2174          3226
     45        2            56           575          1035          1865
     46        2            37           704          1338          4552
     47        2           201           980          2565          2430
     48        2           241          1730          3389          8523
     49        1            15           655          1714          4796
