Attempt Distance          Time         TTime         RTime        RTTime
      0        2          1991          6143         23743          6721
      1        2           513           982         12713          4459
      2        1            87          1612         11146          8539
      3        2           499          1426          5550         12382
      4        2           631          3037         10937          7815
      5        2           950          1460          5592         10503
      6        2           286          1186          5616         11102
      7        2           458           732          4570         12532
      8        2           583          1823         10086          5084
      9        2           278          1124         10674          4758
     10        2           740          1420          5351          5913
     11        2           954          1124          6592          6567
     12        2           595          3032          5498          9651
     13        2           367          1527          3690          5911
     14        1            71          1081          3791          3622
     15        1            24           881          2647          5042
     16        2           609          1672          4353         11424
     17        1            43          1340          4775          8131
     18        2           470          1225          3763          4268
     19        1            63          1599          4687          3895
     20        1            28           658          3477          9233
     21        2           819          3104          6164          7160
     22        1            34          1794          6692          7444
     23        2           489          1396          5510          5629
     24        1            49          1205          6399          6821
     25        2           520          1149          4572          5871
     26        2           465          1291          3991          3864
     27        2          1744          1997          8318          4836
     28        2           548          1306          7045          4919
     29        1            65          2380          6509          5716
     30        2           333           897          4556          6126
     31        1            41          1839          6638          8899
     32        2           433          2967          8743          6804
     33        2           631          4899          3442          5619
     34        1            65          1729          4317          7027
     35        1            28          1342          3021          8148
     36        1            79           665          3280          2702
     37        2           278           614          2615          4174
     38        2           339           897          2496          2713
     39        2           211           590          2672          3697
     40        2           415          1009          3697          4294
     41        2           602           990          3052          4110
     42        2           342           707          2320          2760
     43        2           227           673          2887          3251
     44        2           529           976          3847          3004
     45        2           407           945          2799          4084
     46        2           293           549          1977          2019
     47        2           230           660          2394          3028
     48        2           331          1297          4041          3137
     49        2           229           626          2142          2241
