Attempt Distance          Time         TTime         RTime        RTTime
      0        2          2283          1633         20219          7770
      1        2           407          2246          5933          6519
      2        2           420          2281          4261          8257
      3        2           671          1635          3571          6328
      4        2           661          2730          7120          5956
      5        1            67          1710          3822          9144
      6        2           397           844          2541          3945
      7        2           450           736          4760          2850
      8        2           362          1111          4624          4713
      9        2           474           875          3032          3769
     10        2           434          1331          5025          3751
     11        2           404           925          3166          6456
     12        1            92          1047          3129          3194
     13        2           303          1819          2773          5074
     14        1            30          1328          3078          3516
     15        2           338          1638          2907          3121
     16        1            59          1077          2693          2926
     17        2           533           974          3705          2401
     18        2           497          1902          1979          8784
     19        1            80           819          3520          3217
     20        2           346           613          1868          4076
     21        1            46          1967          3732          4528
     22        2           543          1973          5793          4701
     23        1            48           771          2862          4808
     24        2           364           927          2771          4229
     25        2           527          1773          2728          4733
     26        1            31          1831          4090          5244
     27        2           524           844          3447          3165
     28        1            23           752          3081          2590
     29        2           596           892          4690          2773
     30        2           266           991          2654          5595
     31        1            49           668          3304          3223
     32        2           471          1440          2680          5060
     33        2           282          1316          2791          2765
     34        2           266          1917          3259          4038
     35        1            44           783          3418          4016
     36        2           717          1765          5952          3662
     37        1            49          1432          5255          3416
     38        1            36           779          1825          2027
     39        2           296          3301          3121          4203
     40        1            28           679          2252          2637
     41        2           522          1283          3537          2128
     42        2           332          1288          2923          3726
     43        2           570          1320          5712          2628
     44        2           295           703          3198          2185
     45        2           525          1317          3650          3107
     46        1            26           833          2077          2613
     47        1            26          1682          3020          3054
     48        2           357           708          2374          2280
     49        2           304          1866          2999          5143
