Attempt Distance          Time         TTime         RTime        RTTime
      0        2           999          2122         20436          7499
      1        3          1169          1171          7977          5058
      2        1            32          1856          5974          5311
      3        2           373          1095          4737          7184
      4        2           539           614          2730          4454
      5        2           549           556          3789          3334
      6        2           185           425          1493          6037
      7        2           234           621          2279          2405
      8        2           199          1231          9214          3096
      9        2           234          1523          7360          2501
     10        2           222           705          1922          2549
     11        2           145          1322          2662          2511
     12        1            22           619          1890          2188
     13        2           133           787          1493          2852
     14        2           243          2087          4454          4080
     15        2           205           456          1993          3026
     16        2           248           971          2492          2433
     17        2           124           538          1528          1670
     18        2           107          1981          2840          4712
     19        1            26           718          1629          2767
     20        1            20           679          2086          3710
     21        2           197           697          2601          2493
     22        2           107           451          1916          4456
     23        1            33          1102          4351          3200
     24        2           152           408          1859          2054
     25        2           379           662          4770          2732
     26        2           143           653          1757          2611
     27        1            19          1630          2186          4590
     28        2           206           568          1961          1389
     29        2           165           434          1499          2171
     30        2           276           532          4082          2380
     31        1            24           777          2189          3267
     32        2           212          1307          2273          5760
     33        2           389           697          3233          2898
     34        2           243          1250          3429          5329
     35        2           228          1060          2518          9811
     36        2           202           851          4309          2391
     37        2           424           882          3039          3547
     38        2           212           610          1841          2276
     39        2           214          1946          2774          4582
     40        2           175           643          2335          2280
     41        2           225          1297          2353          3791
     42        2           361          1589          3147          4901
     43        0            10          2408          3944          3748
     44        1            40          1368          9245          3991
     45        1            30           569          1868          2548
     46        2           248          1176          3497          4291
     47        1            20           550          1742          2551
     48        2           176          1073          3026          3584
     49        1            24           477          1967          1861
