Attempt Distance          Time         TTime
      0        1           157          1963
      1        2           630          1433
      2        2           362           817
      3        2           258           845
      4        1            18           876
      5        2           249           842
      6        1            30          1226
      7        1            16           814
      8        2           530          1434
      9        2           538          1273
     10        1            28          1310
     11        2           535           920
     12        2           365          1490
     13        2           270           585
     14        2           143           511
     15        2           185           550
     16        1            14           563
     17        1            14           747
     18        2           221           557
     19        1            21           610
     20        2           403           867
     21        1            24           840
     22        1            27           838
     23        2           328           823
     24        2           234           843
     25        2           272           824
     26        2           253           834
     27        1            22           819
     28        2           262           939
     29        2           363          1049
     30        2           286          1178
     31        1            27          1031
     32        2           235           722
     33        2           337           574
     34        2           155           490
     35        2           181           515
     36        0             1           487
     37        2           141           443
     38        2           154           475
     39        2           209           636
     40        1            13           465
     41        2           159           464
     42        1            10           737
     43        1            16           535
     44        2           151           470
     45        2           154           502
     46        2           166           465
     47        2           168           440
     48        1            13           449
     49        2           165           467
Attempt Distance          Time         TTime
      0        1          7168         97588
      1        2         82443        107380
      2        2         72357        122137
      3        2         48059        102385
      4        1          1382        123763
      5        2         63677         91217
      6        1           774         77825
      7        1           728        102727
      8        2         28651         79611
      9        2         42504         81702
     10        1           581        104871
     11        2         32156         92494
     12        2         32801        128401
     13        2         35697         84027
     14        2         26233         85792
     15        2         31651        102957
     16        1           696         93385
     17        1           659        102747
     18        2         69376        107124
     19        1           576         95334
     20        2         34220        121607
     21        1           609         96330
     22        1           764         86613
     23        2         43481        103093
     24        2         25491         81273
     25        2         35127        104559
     26        2         29130         90698
     27        1           676         78476
     28        2         29210         94579
     29        2         28255         80991
     30        2         25489         75314
     31        1           546         89904
     32        2         26639         83009
     33        2         26699         96035
     34        2         23760         88802
     35        2         28797         86969
Standard and transitive algorithms inconsistent (0 != 2)
     37        2         70374         77840
     38        2         26350         94541
     39        2         26602         92421
     40        1           674         81273
     41        2         39619        113443
     42        1           548         87579
     43        1           563        108059
     44        2         31127         85311
     45        2         27662         80950
     46        2         30648         99448
     47        2         33342         86773
     48        1          1407        105017
     49        2         33538         82591
