Attempt Distance          Time         TTime         RTime        RTTime
      0        2          2713          2134         23059         13399
      1        2           233          1173          8693          4420
      2        1            37          2749          7907          7180
      3        2           547          1495         11540          9505
      4        2           391          1568          5285          5773
      5        2           353          1143          5253          8010
      6        2           350           667          3148          4287
      7        1            37          1750          3983          6630
      8        2           548           884          8598          4293
      9        2           438          1553          5097          4534
     10        1            37          2478          3561          6566
     11        2           445          1093          3045          5077
     12        2           419          1399          4094          3219
     13        1            47          1553          6883          4466
     14        2           287          1023          3626          7303
     15        2           327          1223          2343          2895
     16        2           289          1377          2876          6800
     17        2           566           695          2037          2258
     18        2           467          1131          4175          3366
     19        2           218           694          2437          4129
     20        1            47          1546          4822          3690
     21        2           271          1877          2877          5137
     22        2           181           474          1769          1720
     23        2           166           662          1533          1964
     24        1            44           876          3389          2846
     25        2           287           502          2276          2269
     26        2           230           937          2279          2711
     27        2           272           630          2142          2383
     28        2           245           535          1924          1610
     29        1            23           995          4506          2303
     30        2           197          1139          2898          1755
     31        2           131           395          1239          2560
     32        2           240           423          1599          1404
     33        2           110           400          1106          1394
     34        1            16           394          1274          1433
     35        1            26           439          1465          2157
     36        2           296           647          2347          1425
     37        2           124           384          1193          1291
     38        2           104           680          1704          1468
     39        2           143          1223          1381          1901
     40        2           142           445          1432          1514
     41        2           177           427          1954          1439
     42        2           139           406          1191          1474
     43        1            32          1217          2824          3201
     44        2           442           453          1391          1414
     45        2           118           413          1285          1331
     46        2           104           591          1265          2556
     47        1            17           471          1749          1554
     48        2           126           390          1145          1289
     49        2           177           387          1319          1829
