Attempt Distance          Time         TTime
      0        2           727          5708
      1        0             7          2125
      2        1            36          1864
      3        1            28          1269
      4        2           456          1010
      5        2           362          1082
      6        2           352          1093
      7        2           411           954
      8        2           457          1084
      9        2           480          1117
     10        2           412          1228
     11        1            21          1144
     12        2           459          1232
     13        1            27          1401
     14        2           607          1635
     15        1            29          1386
     16        1            30           807
     17        2           288           710
     18        2           255           654
     19        1            18           646
     20        2           257           629
     21        2           287           768
     22        1            29           868
     23        2           253           898
     24        1            12           741
     25        1            46           709
     26        2           328          1263
     27        1            39          1315
     28        1            34          1042
     29        2           455           874
     30        1            15           628
     31        1            14           655
     32        1            14           557
     33        1            13           595
     34        2           205           656
     35        2           336           643
     36        1            24           589
     37        1            21           572
     38        2           245           569
     39        1            12           534
     40        2           214           582
     41        1            14           615
     42        2           294           705
     43        1            14           600
     44        2           241           597
     45        1            14           621
     46        2           178           582
     47        2           207           542
     48        2           243           576
     49        1            14           551
Attempt Distance          Time         TTime
      0        2         91122        142709
Standard and transitive algorithms inconsistent (0 != 1)
      2        1          8268        173125
      3        1          2787        117260
      4        2         82714        119019
      5        2         48158         93377
      6        2         34944        110022
      7        2         42053        103035
      8        2         87006        135732
      9        2         48252         87992
     10        2         30453        116532
     11        1           661        103617
     12        2         41144        105092
     13        1           663        101488
     14        2         38653        136567
     15        1           822        101255
     16        1           931        125436
     17        2         38325         95540
     18        2         40058        119397
     19        1           745        102400
     20        2         64245        144631
     21        2         58014        140890
     22        1           742        140869
     23        2         44343        133474
     24        1           585        110223
     25        1           676        125546
     26        2         91270        119886
     27        1           687        113274
     28        1           610        103039
     29        2         30594        106495
     30        1           649         93283
     31        1           594        118881
     32        1           692         88218
     33        1           579         96362
     34        2         31526         74213
     35        2         36343         94024
     36        1           669        118735
     37        1           710        122834
     38        2         47774        146905
     39        1           935        140502
     40        2         49543        143827
     41        1           969        125975
     42        2         44263        122541
     43        1           660        101037
     44        2         34283        106862
     45        1           637         95521
     46        2         29885        112840
     47        2         37069         94415
     48        2         68880         99845
     49        1           496         94102
Attempt Distance          Time         TTime
      0        2         31121        114396
Standard and transitive algorithms inconsistent (0 != 1)
      2        1          1456         98306
      3        1          1319         84519
      4        2         33493        109706
      5        2         30862         95802
      6        2         50973        112418
      7        2         44687        111327
      8        2         46290         96955
      9        2         52375         96097
     10        2         29895        109384
     11        1          1030         96275
     12        2         35474        110763
     13        1           951         91691
     14        2         39358        111580
     15        1           815         93390
     16        1           954        122465
     17        2         35640         88718
     18        2         58133         93001
     19        1           952        113442
     20        2         38351         92703
     21        2         32799        107836
     22        1          1025        105242
     23        2         33778        116899
     24        1          1140         96927
     25        1           945        115210
     26        2         42398         99525
     27        1           921        120734
     28        1          1040         91403
     29        2         48163         88497
     30        1           847         98209
     31        1          1052        124343
     32        1          1123        117833
     33        1           947        119075
     34        2         32625         85430
     35        2         50761         94690
     36        1          1000        119940
     37        1          1027        103871
     38        2         40744        106466
     39        1           919         89296
     40        2         34073        117571
     41        1           902        101701
     42        2         38206        115299
     43        1           882        104839
     44        2         55580         82012
     45        1           994        117415
     46        2         30827         94953
     47        2         38555        107932
     48        2         36944         85951
     49        1           808        115587
