Attempt Distance          Time         TTime
      0        2          1476          2939
      1        2          1056          1943
      2        2           880          2113
      3        2           839          2152
      4        2           913          1316
      5        1            22          1225
      6        1            24          2205
      7        2           897          1751
      8        2           816          1837
      9        2           787          2009
     10        2           633          1083
     11        2           343           847
     12        2           364           795
     13        2           451           911
     14        2           387           978
     15        2           437           852
     16        2           363           904
     17        1            30           820
     18        2           254           691
     19        2           570           938
     20        2           534          1136
     21        2           386          1579
     22        2           823          1549
     23        2           525          1214
     24        2           427           999
     25        2           329          1069
     26        2           448          2022
     27        2           609          1241
     28        1            18          1049
     29        2           370           993
     30        1            13           783
     31        2           327           876
     32        1            32           917
     33        2           372          1043
     34        2           324           761
     35        2           505          2004
     36        2           729          1200
     37        2           575          1320
     38        1            24          1081
     39        2           477           967
     40        2           469          1024
     41        1            14           766
     42        2           310           940
     43        2           366          1110
     44        2           522           989
     45        2           322           766
     46        2           335           768
     47        1            16           644
     48        1            13           597
     49        2           333           789
Attempt Distance          Time         TTime
      0        2        120076        124024
      1        2        107325        118916
      2        2        126316        105016
      3        2         69323        102033
      4        2         36721        119795
      5        1           707        106305
      6        1           597        103671
      7        2         42864        131480
      8        2         67766        100052
      9        2         43728         99298
     10        2         41422        119675
     11        2         45329        103226
     12        2         36805        102120
     13        2         90290        117708
     14        2         39406        105677
     15        2         40924         98547
     16        2         54918        101713
     17        1           714         91109
     18        2         42051        112176
     19        2         40185         93127
     20        2         34311         94340
     21        2         41051        107889
     22        2         72130         86757
     23        2         39916         89872
     24        2         36891        110856
     25        2         30430         94523
     26        2         33705         90248
     27        2         37164        116585
     28        1           496         89444
     29        2         34826         97455
     30        1           623        121600
     31        2         46331         96323
     32        1           719        100784
     33        2         43535        115314
     34        2         64971        104394
     35        2         60585        100701
     36        2         39246        119640
     37        2         40341         89738
     38        1           677        105539
     39        2         42780        115511
     40        2         39541         98715
     41        1           559         91713
     42        2         36342        106991
     43        2         35732         93542
     44        2         43445        107618
     45        2         73648        117763
     46        2         43923         89695
     47        1           620         91045
     48        1           617        128033
     49        2         36826         84768
Attempt Distance          Time         TTime
      0        2         38962        113122
      1        2         43846         94020
      2        2         40625        123339
      3        2         34936         91889
      4        2         39646         92704
      5        1          1079        118571
      6        1           981         94567
      7        2         39961         87147
      8        2         75653        104268
      9        2         40857         82408
     10        2         53681         79785
     11        2         41122        101079
     12        2         37751        117169
     13        2         38471         95309
     14        2         38917        122343
     15        2         41446         96181
     16        2         39813        117985
     17        1           871        102163
     18        2         37671         98513
     19        2         41080        116262
     20        2         37239         92465
     21        2         42078        116045
     22        2         40111         95905
     23        2         40951        117244
     24        2         38777         86282
     25        2         28840        114616
     26        2         34787         96701
     27        2         37295         98206
     28        1          1095        124683
     29        2         35345         97178
     30        1           918        128772
     31        2         42245         96211
     32        1           944        106236
     33        2         36287        120172
     34        2         34248         98809
     35        2         47060        119082
     36        2         41876         96924
     37        2         42588        123023
     38        1           972         96350
     39        2         40538         97644
     40        2         36230        120779
     41        1           892         95431
     42        2         39451        121964
     43        2         38285        126055
     44        2         44965         97075
     45        2         65545         92832
     46        2         45257        104462
     47        1          1080        122519
     48        1          1116         93660
     49        2         34317        116091
