Attempt Distance          Time         TTime
      0        3           713          1045
      1        3           305           652
      2        3           299           721
      3        2           112           565
      4        3           257           629
      5        3           313           505
      6        3            92           367
      7        3           260           987
      8        3           181           477
      9        1            21           677
     10        3           351           590
     11        3           291           575
     12        1            19           625
     13        3           226           694
     14        1            19           794
     15        3           188           399
     16        3           123           350
     17        3           167           492
     18        3            97           358
     19        2            46           550
     20        1            10           562
     21        2            38           445
     22        1             8           492
     23        3           173          1188
     24        2           120           606
     25        1            18           662
     26        1            16           636
     27        3           224           580
     28        3           247           597
     29        3           234           639
     30        2            41           566
     31        3           256           580
     32        3           273           545
     33        3           237           534
     34        2            56           557
     35        3           219           564
     36        3           197           678
     37        2            39           518
     38        3           165           612
     39        1            10           471
     40        3           137           385
     41        1             8           401
     42        2            40           405
     43        2            49           440
     44        1            11           525
     45        2            70           601
     46        3           230           499
     47        1            18           756
     48        2            55           541
     49        3           429           734
Attempt Distance          Time         TTime
      0        3         69342         46654
      1        3         32405         58802
      2        3         35796         50810
      3        2          5237         60371
      4        3         29095         50759
      5        3         28132         47097
      6        3          8939         32170
      7        3         37813         47840
      8        3         21650         47150
      9        1           772         50989
     10        3         39684         48978
     11        3         34370         53280
     12        1           891         51058
     13        3         29982         40883
     14        1           546         35299
     15        3         21171         38060
     16        3         23158         50161
     17        3         27780         43629
     18        3          9752         31944
     19        2          2661         46136
     20        1           356         37609
     21        2          3205         35635
     22        1           423         39580
     23        3         23914         35924
     24        2          5513         40352
     25        1           452         55402
     26        1           433         52338
     27        3         19706         46230
     28        3         22876         50440
     29        3         21139         42902
     30        2          2723         39670
     31        3         21513         48597
     32        3         36903         50156
     33        3         25986         46851
     34        2          5200         54922
     35        3         16192         36977
     36        3         20173         39138
     37        2          2912         37970
     38        3         20034         40165
     39        1           434         41146
     40        3         22583         40461
     41        1           401         44978
     42        2          4345         56075
     43        2          3345         39016
     44        1           398         46899
     45        2          5002         37234
     46        3         19815         40818
     47        1           392         36320
     48        2          2416         39371
     49        3         19687         37930
