Attempt Distance          Time         TTime         RTime        RTTime
      0        1           401          4023         33724         14172
      1        2          1146          1656          9503          7246
      2        2           505          2379          6207          6277
      3        2           604          1788          6350          7583
      4        2           685          2183          6930          5973
      5        2           643           818          5198          3529
      6        2           751           702          3565          6277
      7        2           447           972          3967          4657
      8        1            59          1761          6886          5627
      9        1            53          1405          6047          5386
     10        2           534          1535          5385          5615
     11        2           541          2455          4480          6833
     12        1            29           969          3246          6721
     13        2           673          1495          4872          7514
     14        1            55          1080          8042          4888
     15        1            47           797          3838          6582
     16        2           575          1530          5847          4935
     17        2           712          2525          4779          5371
     18        1            35          1740          4346          7572
     19        2           408           978          4478          5217
     20        1            57           643          2873          3606
     21        2           435           746          3439          3718
     22        1            44           859          4022          2697
     23        2           399           813          2270          4784
     24        2           471           785          5500          3699
     25        1            41          3715          5709          5698
     26        2           351          3026          4535          4392
     27        2           723          2777          5800          9647
     28        2           766          1453          6150          5176
     29        1            43           951          5946          5547
     30        2           787          1819          5591          6489
     31        2           500           954          3717          9132
     32        2           755          1299          4315          7313
     33        2           568          1212          3807          5884
     34        2          1021           915          5030          3612
     35        2           448          1924          6975          3124
     36        2           367           671          2312          5391
     37        2           780          1221          4275          3897
     38        2           473           929          6910          2710
     39        1            35           776          2930          5363
     40        2           970           753          3784          3577
     41        2           500          2443          2822          4061
     42        1            25           677          1670          2053
     43        2           503          2500          3338          5259
     44        2           869          1284          4425          6854
     45        2           434          1043          3138          3296
     46        1            23           644          1668          7826
     47        2           295           924          1815          2647
     48        1            60          1816          5151          5402
     49        2           378          1083          2916          4555
