Attempt Distance          Time         TTime         RTime        RTTime
      0        2          1475          3908         26296          7161
      1        2           444          1210          6756          8524
      2        1            54          1214          5351          7354
      3        2           424          1552          4902         10064
      4        2           502          2034          9070          5521
      5        2           656          1525          6863          8224
      6        2           512          1475          7134          4678
      7        1            40          3202          5635          4881
      8        1            30          1771          7031          7340
      9        1            26          2353          8823          6207
     10        1            38          1256         10913          3672
     11        1            29          1635          8995          4290
     12        1            40          1349          7891          5066
     13        2           607          2000          9105          7156
     14        2          3348          1106          8508          4208
     15        2           791          1416          5783          5425
     16        2           548          1829          7202          5264
     17        2           468          1615         12790          9096
     18        2           700          1669          5500          9766
     19        2           407           992          4912         10563
     20        2          1042          4405          9601          5023
     21        2           593          1959         10450          6261
     22        2          2956          1019          6975          7126
     23        2           821          1451          7656         12705
     24        1            46          1295         17053          8682
     25        1            83          1274          4737          9601
     26        2           532          1501          6552          9431
     27        2           615          4469          7914          5525
     28        1            41          2585         14764          9678
     29        2           459          1231          3954          6356
     30        2          1375          1292          5732          5338
     31        2          2179          1821          9312          7958
     32        2          1139          2315          9765          6599
     33        2           520          1726         11814          7936
     34        2          1121          1528          4813          6517
     35        1           139          1536          5037          3335
     36        2           682          1382          9158          4989
     37        2           739          2204          8248          8174
     38        2           594           823          5059          5014
     39        2          2786           876          5628          3093
     40        2           253          2244          7212          3527
     41        2           455           730          3061          9385
     42        2           558          1273          3922          5191
     43        1            54           807          5790          3896
     44        2           256          2719          5375          3750
     45        2           267           910          2568          6542
     46        2           285           545          1712          2674
     47        1            30          4023          4217          4286
     48        2           480          1110          3446          3992
     49        2           452           922          2687          2360
