Attempt Distance          Time         TTime         RTime        RTTime
      0        2          1391          2780         29569         12262
      1        2           660          2960          7121          9659
      2        2           395          1415          7461          5376
      3        2           706          1315          8215          4583
      4        1            51          1860          9203          4624
      5        2           325          1404          4604          5707
      6        2           657          1991          5041          6538
      7        2           415           663          3585          5264
      8        2           424          1011          2944          7184
      9        1            39          1918          6069          7282
     10        2           599          1102          4112          3805
     11        1            53          1253          5750          4158
     12        2           270           798          2916          9815
     13        2           417           509          2144          2885
     14        2          2129           884          4875          3323
     15        2           465          2656          4383          5004
     16        1            44           588          2320          3559
     17        1            44           559          2605          2712
     18        1            27           737          2254          2753
     19        1            32          1515          4238          3725
     20        2           336          1213          2647          4239
     21        1           218          1176          3389          2989
     22        2           259           547          2077          2208
     23        2           346          1225          3824          3650
     24        1            23           494          1953          1749
     25        1            21           486          1391          2708
     26        1            37           610          2427          2769
     27        1            37           715          2317          2140
     28        1            17           537          1308          4200
     29        2           281           668          2397          1858
     30        2           159           510          1900          1682
     31        2           195          1089          2332          1861
     32        2           189           454          1426          1554
     33        2           168           487          1552          1545
     34        2           163           492          2673          2808
     35        2           470           554          1626          1661
     36        2           190           567          1699          1681
     37        1            15           459          1706          1663
     38        2           303           493          2168          1807
     39        2           240           481          1580          1719
     40        2           128           518          1539          3041
     41        2           443           944          4224          1966
     42        2           223           524          1745          1822
     43        2           223           766          1915          2969
     44        2           359           698          1495          1885
     45        2           160           782          1797          1963
     46        2           342           514          1664          2435
     47        1            32           517          2018          1566
     48        2           203           474          1456          1890
     49        1            28           477          1666          1590
