Attempt Distance          Time         TTime
      0        2           658          1674
      1        1            23          1378
      2        1            32          1097
      3        2           312           845
      4        2           278           888
      5        2           366           989
      6        2           530           873
      7        2           246           775
      8        2           261           743
      9        1            47          1181
     10        2           326           947
     11        2           268           942
     12        2           238           774
     13        2           211           613
     14        2           204           699
     15        2           248           749
     16        1            26           635
     17        2           190           607
     18        1            13           510
     19        2           175           599
     20        2           324           808
     21        2           207           528
     22        2           166           541
     23        1            13           521
     24        2           150           462
     25        1            13           735
     26        2           251           825
     27        1            20           882
     28        2           289           945
     29        1            33           796
     30        2           201           720
     31        2           175           483
     32        2           155           446
     33        2           198           675
     34        2           337           561
     35        1            18           629
     36        2           239           528
     37        2           236           650
     38        2           287           715
     39        1            12           643
     40        2           189           503
     41        1            30           545
     42        2           147           501
     43        2           219           531
     44        2           136           486
     45        2           137           481
     46        2           127           438
     47        1            10           439
     48        1             8           439
     49        2           134           452
Attempt Distance          Time         TTime
      0        2         77421        106886
      1        1          1426        112317
      2        1          1305        109731
      3        2         61933        114689
      4        2         84735         81103
      5        2         43985         82206
      6        2         52812         99848
      7        2         27590         87919
      8        2         40980        111402
      9        1           569         91770
     10        2         27334        110144
     11        2         26982         89757
     12        2         32548         79946
     13        2         27013         92212
     14        2         39569         87502
     15        2         72180         95317
     16        1           782        118293
     17        2         33985         93237
     18        1           794         96665
     19        2         26760        111562
     20        2         32595         89154
     21        2         38686         97395
     22        2         30591        107612
     23        1           480         71798
     24        2         21751         71688
     25        1           696         97746
     26        2         27104         73312
     27        1           478         81406
     28        2         29559        113002
     29        1          1347        152599
     30        2         41487         82438
     31        2         27929        107777
     32        2         31846        129339
     33        2         37346         90547
     34        2         34406         95768
     35        1           714        114651
     36        2         70925        161405
     37        2         34047         82624
     38        2         35912        104361
     39        1           597         82439
     40        2         33003         89258
     41        1           554        115285
     42        2         35798         70595
     43        2         24642         86539
     44        2         27674        113135
     45        2         33422         90302
     46        2         28343         91549
     47        1           525         89180
     48        1           497        112127
     49        2         30056         90981
