Attempt Distance          Time         TTime
      0        3          1198          1924
      1        2           217          2677
      2        3           835          1161
      3        2            85          1316
      4        3           460           959
      5        3           585          1207
      6        3           455          1017
      7        3           739          1197
      8        2            65           901
      9        3           405          1058
     10        3           546          1156
     11        3           577          1088
     12        3           595          1186
     13        2            97          1221
     14        3           520           917
     15        2            65          1367
     16        3           384           932
     17        2           117           999
     18        3           722          1210
     19        3           710          1250
     20        3           422          1305
     21        2            70          1084
     22        2           105          1281
     23        3           431           940
     24        2            81           931
     25        2           209          2452
     26        3           592          1634
     27        3           388          1022
     28        2            78           980
     29        3           591          1065
     30        2            98         17538
     31        3           353           592
     32        3           187          1940
     33        2           104          2459
     34        2           129           583
     35        2            48           547
     36        3           194           493
     37        2            74           300
     38        2            44           422
     39        2            54           442
     40        1            16           557
     41        2            62           768
     42        1            28          1469
     43        3           284           415
     44        1            12           370
     45        2            36           395
     46        1            12           361
     47        3           160           399
     48        2            79           470
     49        3           184           419
Attempt Distance          Time         TTime
      0        3        150086         80768
      1        2         19801         70011
      2        3        126393         94512
      3        2         13083         73667
      4        3         40559         67157
      5        3         35315         53022
      6        3         34478         50336
      7        3         39948         56286
      8        2          3404         45465
      9        3         34816         50212
     10        3         27818         48379
     11        3         22611         39696
     12        3         22166         41642
     13        2          4041         38695
     14        3         31243         55477
     15        2          3350         54424
     16        3         15617         46143
     17        2          5052         49954
     18        3         39680         45485
     19        3         30404         54715
     20        3         17867         59198
     21        2          2666         43871
     22        2          4678         38035
     23        3         19975         39967
     24        2          4771         46566
     25        2          5562         57789
     26        3         29494         71770
     27        3         22295         58673
     28        2          2871         46943
     29        3         26683         42070
     30        2          3527         40395
     31        3         32052         43755
     32        3         17018         62779
     33        2          4278         64418
     34        2          5829         55629
     35        2          2769         49802
     36        3         24092         48376
     37        2          6285         50264
     38        2          5056         55935
     39        2          5279         65476
     40        1           394         60345
     41        2          2728         49069
     42        1           411         47034
     43        3         35319         40516
     44        1           387         42651
     45        2          3423         50064
     46        1           503         41284
     47        3         20934         42094
     48        2         36883         47170
     49        3         22518         49510
Attempt Distance          Time         TTime
      0        3         33145         56632
      1        2          4896         60292
      2        3         27004         53984
      3        2          3999         38940
      4        3         15931         39654
      5        3         17731         44894
      6        3         19768         55164
      7        3         26187         44996
      8        2          1758         40855
      9        3         18090         39480
     10        3         23396         51152
     11        3         33690         66531
     12        3         26263         63857
     13        2          4111         64473
     14        3         24662         81549
     15        2          3820         65245
     16        3         38375         57599
     17        2          5145         52215
     18        3         34726         51670
     19        3         19750         49993
     20        3         17591         70354
     21        2          9435         84217
     22        2          5136         48918
     23        3         19020         52901
     24        2          4347         55098
     25        2          4599         49918
     26        3         39914         55497
     27        3         19393         53538
     28        2          2748         52551
     29        3         31275         72474
     30        2          4875         58886
     31        3         46049         74158
     32        3         13916         56521
     33        2          3966         48984
     34        2          5411         65033
     35        2          3461         55477
     36        3         18518         56879
     37        2          4232         38518
     38        2          3916         42511
     39        2          3137         41152
     40        1           743         63354
     41        2          2479         51811
     42        1           952         95823
     43        3         62764         49369
     44        1           641         45582
     45        2          2952         48531
     46        1           462         50515
     47        3         20532         57136
     48        2          5755         45651
     49        3         22211         55320
