Attempt Distance          Time         TTime         RTime        RTTime
      0        2          1864          1483         27795          5754
      1        2           716          1367          6950          3790
      2        2           805          1723          7762          4597
      3        1            39          2407          6035          5246
      4        2           425          1347          5526          3812
      5        2           510           899          3396          7829
      6        2           346          1025          3602          6762
      7        2           379           993          3625          3008
      8        2           299          1000          8919          3446
      9        2           235          4356          2823          6263
     10        2           543          1255          8967          5069
     11        2           444           774          2495          8064
     12        2           239           771          2960          3059
     13        2           362           921          8822          3491
     14        1            30           580          2021          8252
     15        1            78          1552          3245          5808
     16        2          1132           902          7532          2399
     17        1            46          1125          4411          3196
     18        1            34           549          2059          2213
     19        2           191          1518          5978          3279
     20        2           242           577          2318          2491
     21        2          2394           848          3826          3267
     22        1            30          1467          2344          8661
     23        2           413           725          2797          2859
     24        2           374           732          3464          2982
     25        2           271          1080          1908          2999
     26        2          1120          1103          4328          2378
     27        2           294           920          1875          5233
     28        1            33           636          3159          2040
     29        2           294           894          2412          2535
     30        2           593           675          4303          4016
     31        2           373          1142          3670          4232
     32        1            35           857          1984          1995
     33        2           288           585          2419          1788
     34        2           154          1224          4052          3715
     35        1            37          1514          4923          7061
     36        1            29          1967          3162          3292
     37        2           261          1056          4590          3089
     38        1            35           748          2130          1736
     39        1            18           456          1318          4355
     40        1            31           853          1998          2837
     41        2           346           519          1921          1605
     42        2           158          1388          3942          3387
     43        2           831          1103          3624          2435
     44        2          1703          1020          3773          3476
     45        2           427           544          2580          1820
     46        2           294          1225          4861          2914
     47        2           304           516          2095          1627
     48        2           140          1131          1378          4283
     49        2           200           514          2138          1671
