Attempt Distance          Time         TTime
      0        2          1411          2257
      1        1            23          1576
      2        2           541          1405
      3        2           658          1571
      4        2           678          1374
      5        1            61          1181
      6        2           466          1147
      7        1            33          1405
      8        2           507          1753
      9        1            34          1735
     10        2           850          1760
     11        2           489          1356
     12        1            35          1568
     13        1            48          1195
     14        2           445          1045
     15        2           338           706
     16        1            20           991
     17        2           369          1084
     18        2           502           826
     19        1            36          1244
     20        2           316           886
     21        2           451           985
     22        2           386          1271
     23        1            30          1289
     24        1            19          1062
     25        2           572          1385
     26        1            17           906
     27        2           385           762
     28        1            19           807
     29        2           259           844
     30        2           463           991
     31        1            27           892
     32        2           367           876
     33        2           251           681
     34        1            15           649
     35        1            17           661
     36        2           241           871
     37        2           501          1048
     38        1            27          1069
     39        1            16          1014
     40        2           356           805
     41        1            13           642
     42        2           232           690
     43        2           268           685
     44        1            14           614
     45        1            11           707
     46        1            14           740
     47        1            16           978
     48        2           289           871
     49        1            14          1171
Attempt Distance          Time         TTime
      0        2        106253        137962
      1        1          1785        105662
      2        2         82298        124901
      3        2         68700        104617
      4        2         76988        103760
      5        1          1045         82300
      6        2         93012        109764
      7        1           781         96948
      8        2         37597        105067
      9        1           667         88208
     10        2         36082        107473
     11        2         39374         94065
     12        1           691        105443
     13        1           651         88331
     14        2         32940        108726
     15        2         37346         90166
     16        1           626        103332
     17        2         38447         86944
     18        2         38623         88902
     19        1           682        115676
     20        2         48456        100260
     21        2         37944         80411
     22        2         84865        102399
     23        1           669        101593
     24        1           651        111594
     25        2         38199         93374
     26        1           627        108446
     27        2         51573        104906
     28        1           482         94178
     29        2         32162         82526
     30        2         32363        108718
     31        1           484         95230
     32        2         44078        115714
     33        2         34866         93330
     34        1           797        113075
     35        1           679         94808
     36        2         38518        113854
     37        2         45774         89032
     38        1           854        116788
     39        1           710         96387
     40        2         69057        110281
     41        1           723        101224
     42        2         32107        112402
     43        2         41608         96062
     44        1           694        111481
     45        1           590         99737
     46        1           564        117576
     47        1           601         93785
     48        2         35262        106994
     49        1           708         89434
