Attempt Distance          Time         TTime
      0        2           868          1884
      1        2           432           999
      2        1            19          1303
      3        2           502          1683
      4        1            27          1573
      5        2           722          1640
      6        2           400          1452
      7        2           527          1489
      8        2           519          1582
      9        2           483          1463
     10        2           507          1502
     11        2           430          1157
     12        1            18          1043
     13        2           347           951
     14        2           297          1047
     15        2           366          1406
     16        2           368           963
     17        1            32           981
     18        2           341          1008
     19        2           356           794
     20        2           369           738
     21        2           182           719
     22        2           205           660
     23        2           387           850
     24        2           365           692
     25        2           408           863
     26        2           306           864
     27        2           257           579
     28        2           263           824
     29        1            15           581
     30        2           179           553
     31        1            14           633
     32        1            22          1263
     33        1            27           880
     34        2           311           912
     35        2           264           733
     36        2           289           693
     37        2           162           635
     38        2           327           705
     39        1            12           876
     40        2           306           687
     41        2           205           597
     42        2           220           606
     43        1            25           675
     44        2           226           551
     45        2           174           560
     46        2           174           486
     47        1            12           529
     48        2           152           522
     49        1            15           721
Attempt Distance          Time         TTime
      0        2         87674        104798
      1        2         52412        103680
      2        1          1297        101829
      3        2         72650         95454
      4        1           739        133034
      5        2         41527         91275
      6        2         28569         88650
      7        2         28395         90063
      8        2         45913         97641
      9        2         32271        126075
     10        2         70416         79109
     11        2         33675         79132
     12        1           569         85913
     13        2         36096        105513
     14        2         37365         82428
     15        2         24753        120474
     16        2         33962         86938
     17        1           523         93589
     18        2         35953         85180
     19        2         29766         80045
     20        2         33142        123860
     21        2         31765         87989
     22        2         25800         89615
     23        2         34726         87026
     24        2         69476         86674
     25        2         29192        119014
     26        2         28349         86614
     27        2         29424         83476
     28        2         26444         82092
     29        1           583         84949
     30        2         26246        118411
     31        1           593         83845
     32        1           579         82901
     33        1           580         83664
     34        2         35402         79829
     35        2         33247         84478
     36        2         46838         78536
     37        2         28822         76859
     38        2         30835         87294
     39        1           559         90538
     40        2         30943         83621
     41        2         68007        114772
     42        2         29662         74045
     43        1          1051         80470
     44        2         25387         83432
     45        2         32461         78063
     46        2         31580        113607
     47        1           602         84686
     48        2         31221         78641
     49        1           588         79511
Attempt Distance          Time         TTime
      0        2         29892         84173
      1        2         28896        113238
      2        1           843        102654
      3        2         36949         84505
      4        1           716         71646
      5        2         32169        111724
      6        2         28219         90306
      7        2         32795         82638
      8        2         33208         70629
      9        2         27864        100534
     10        2         28871         89905
     11        2         29857         90696
     12        1           859         85186
     13        2         31006         88710
     14        2         60667         84112
     15        2         25186         82038
     16        2         26810         78222
     17        1           788         91159
     18        2         32423        117735
     19        2         28608         84319
     20        2         30404         84446
     21        2         27918         78579
     22        2         23952        116731
     23        2         34583         78715
     24        2         26828         80807
     25        2         25729         84819
     26        2         26858        119424
     27        2         31106         82237
     28        2         28837         80907
     29        1           911         88341
     30        2         27697         82399
     31        1           839        122212
     32        1           817         84050
     33        1           878         94614
     34        2         33044         85693
     35        2         30929        125626
     36        2         31908         88717
     37        2         28559         83238
     38        2         30592         92857
     39        1          1094        103183
     40        2         62820         86037
     41        2         35451         90028
     42        2         32799         82163
     43        1           937         93656
     44        2         27450        118685
     45        2         29354         82803
     46        2         32454         80610
     47        1           763         89118
     48        2         29771        122448
     49        1           895         86840
