Attempt Distance          Time         TTime
      0        2           399          1436
      1        2           220          1045
      2        3           857           786
      3        2           146           885
      4        2           329          1305
      5        2           339          1248
      6        2           257          1429
      7        1            60          1452
      8        2           268          1353
      9        2           176          1365
     10        3          1369          1351
     11        1            29          1328
     12        2           215          1332
     13        3          1107          1410
     14        2           195          1297
     15        1            29          1300
     16        2           211          1290
     17        3           968          1414
     18        2           177          1265
     19        2           178          1370
     20        2           250          1229
     21        2           277          1322
     22        1            17          1208
     23        1            23          1192
     24        2           110           741
     25        2           128           799
     26        1            29          1013
     27        2           176           703
     28        2           184           928
     29        1            15           867
     30        2           164          1000
     31        2           146           737
     32        2           248           863
     33        1            16           879
     34        2           133           803
     35        2           115           805
     36        2           112           738
     37        2           163          1437
     38        2           172          1200
     39        2           179          1851
     40        2           171          1714
     41        2           251          1218
     42        1            32          1693
     43        1            27          1389
     44        2           207          1613
     45        2           142           843
     46        2           159           850
     47        2           107           885
     48        3           821           941
     49        2           151           881
Attempt Distance          Time         TTime
      0        2         31501         71261
      1        2         14839         59418
      2        3        124908         67294
      3        2         11685         77653
      4        2         14643         61230
      5        2         17627         60479
      6        2         12520         65929
      7        1          1204         74250
      8        2         12409         58470
      9        2          8410         64594
     10        3         91001         65579
     11        1           454         68397
     12        2         10924         61231
     13        3         65762         68208
     14        2          9974         73942
     15        1           626         60811
     16        2          8607         58269
     17        3         71724         67727
     18        2         12278         58536
     19        2          7364         56415
     20        2          7128         59825
     21        2          9513         67814
     22        1           485         64082
     23        1           495         62587
     24        2          7777         78661
     25        2         10039         78900
     26        1           482         60370
     27        2         10486         61240
     28        2          9739         69324
     29        1           481         68278
     30        2         12775         79397
     31        2         25847         67911
     32        2         10856         67218
     33        1           445         65691
     34        2         11198         67870
     35        2          8214         68760
     36        2          7812         71932
     37        2          7570         63719
     38        2          9186         67139
     39        2         12689         94259
     40        2         12237         60494
     41        2         10058         59498
     42        1           414         58499
     43        1           543         69795
     44        2          6207         64645
     45        2          9583         58627
     46        2         10046         78252
     47        2          7556         60587
     48        3         70266         69186
     49        2          8907         68798
Attempt Distance          Time         TTime
      0        2          9675         60134
      1        2          7621         58590
      2        3         52622         73676
      3        2          8752         66129
      4        2         11043         72899
      5        2         17414         84827
      6        2         12374         71567
      7        1           672         72075
      8        2          9966         80522
      9        2         10735         75045
     10        3         73174         67494
     11        1           733         85795
     12        2          8977         72453
     13        3         69987         72407
     14        2          8567         58859
     15        1           616         72847
     16        2          8462         64350
     17        3         66838         59469
     18        2          7675         57787
     19        2          7692         69085
     20        2          8016         64511
     21        2         10193         56028
     22        1           650         60522
     23        1          6347         60022
     24        2          8092         60002
     25        2          9173         59272
     26        1           678         72930
     27        2         11585         65306
     28        2         10414         61545
     29        1           826         77830
     30        2         11817         67102
     31        2          6437         55442
     32        2          8479         72683
     33        1           711         62597
     34        2         11255         65309
     35        2          7060         58866
     36        2          7221         71716
     37        2          6750         64532
     38        2          8471         61686
     39        2          7423         69014
     40        2         10386         63524
     41        2         10692         58499
     42        1           676         78732
     43        1           655         65439
     44        2          5918         65196
     45        2         15874         93513
     46        2         10164         60444
     47        2          7152         56164
     48        3         63710         62697
     49        2          7910         58434
