Attempt Distance          Time         TTime         RTime        RTTime
      0        2           797          2571         32920          9336
      1        1            96          1577         16037          5412
      2        2           450          1407         26533          5469
      3        3          4195          1943          8557          5728
      4        2           325          1857          8029          4909
      5        1            33          1336         10953          4842
      6        1            80           886          4512          3727
      7        2           222           760          9548          5099
      8        2           776           890          5033          3968
      9        2           286           909         10080          2775
     10        1            57           750          3732          3558
     11        2           308          1910         13107          3397
     12        2           183           883          2757          3712
     13        2           345          1103          4879          6823
     14        2           210          1328          2711          5526
     15        2           182          4660          3177          5947
     16        2           219           711          2310          4135
     17        2           131          1908          4347          1509
     18        2           138           433          1911          2294
     19        2           298           942          2476          3039
     20        2           237           501          1579          2235
     21        2           156           938          2352          3602
     22        2           290           698          3838          2263
     23        2           164          2526          2583          4492
     24        2           243           774          2196          3018
     25        2            87           904          1812          4552
     26        2           184           749          2570          2550
     27        2           114           635          2077          4961
     28        2           120           460          1353          2450
     29        2           288           613          2295          2754
     30        1            21           867          3023          4765
     31        2           108           513          1685          1780
     32        2            99           413          1711          5073
     33        2           255          1129          1879          2040
     34        2            90           424          1194          1913
     35        2           139           416         11499          1260
     36        2           259           569          1481          1806
     37        3          1264           827          2284          1497
     38        2            97           360          1067          1810
     39        2           164           805          2008          5546
     40        2           213           510          2664          1951
     41        2           184           433          1722          1370
     42        2           172          1019          3016          2512
     43        2           361           383          2289          2818
     44        2           146           805          1719          3632
     45        2           390           800          3227          2173
     46        2           121           578          1792          1601
     47        2           192           471          2514          1747
     48        1            21           554          1541          1983
     49        2           151           399          1260          4005
