Attempt Distance          Time         TTime         RTime        RTTime
      0       -1          9855          6228         62297         35547
      1       -1           120           324          6938         16509
      2       -1           441          9636          6021          7238
      3       -1            78           151          1750         12340
      4        8           982           292         11063         14607
      5        9           140          1681          2990         10183
      6       -1           225          9924          5971         13324
      7        3           251          1266          9063          5708
      8       11            98           315          2498         14725
      9       -1           248          1337          2018         12347
     10       12           101           388          2103          3276
     11       -1            54           134         10386          1672
     12        3           103           100          3643         14195
     13       -1            19            28         13147          3606
     14       16            91           326         14458          4249
     15       -1            20            99          4198          6089
     16       -1            39           109          9646          5501
     17       -1           331          2018         13836         12308
     18       -1           167           852          1906          4671
     19       -1            14            27          1195          1152
     20        7            64            95          1778          2461
     21       -1           205           919         10100          3825
     22       -1            23            27          2223          9368
     23       -1            20            27          1985          2001
     24       -1           249          1161         15239          8519
     25       -1           210          6456          2064         10412
     26       -1          1426           905          8875          7907
     27       -1            24            28          1865          5567
     28       12           461           335          4626          2073
     29        6            67           325          2056         12461
     30       -1            56           118          1710          1704
     31       -1            32            76         10104          1976
     32       15           169           327          2056         12327
     33        4            45            61          1590          2501
     34       -1           359          3024          7955          3963
     35       -1            16            97          3249          6180
     36       -1           135          2106          2417          4995
     37       -1           109          1212          2677          3106
     38       -1           166           223          4832          1434
     39       -1            19            31          3206         10426
     40        6            56           175          2012          2089
     41       10            73           389         16500         14669
     42        6            43           147         13173         16789
     43       13           140           875          1777          2462
     44       10            74          7430          1828          5470
     45       -1            17            46          1836         10314
     46        8           110           405          3577          1995
     47       12            99          1635          7105          5844
     48       -1           141          3555          5088          4146
     49       -1           149          6210          5696         16364
