Attempt Distance          Time         TTime
      0        2           793          1611
      1        2           490           967
      2        2           307           812
      3        2           553          1220
      4        2           402           858
      5        1            19           782
      6        2           384          1360
      7        2           483          1625
      8        1            29          1442
      9        1            30          1311
     10        2           358          1106
     11        1            24          1203
     12        2           333           865
     13        2           173           531
     14        2           205           705
     15        1            15           654
     16        1            15           606
     17        2           148           485
     18        2           177           493
     19        2           243           503
     20        2           156           504
     21        1            12           528
     22        2           158           486
     23        2           292           798
     24        1            24           728
     25        2           213           652
     26        2           163           498
     27        2           195           564
     28        2           147           481
     29        2           199           482
     30        2           194           576
     31        2           157           736
     32        1            15           799
     33        1            39           772
     34        1            12           764
     35        1            18           839
     36        2           179           646
     37        2           197           587
     38        2           276           770
     39        2           219           752
     40        1            21           741
     41        1            54           877
     42        1            26           784
     43        2           236           722
     44        2           217           661
     45        1            16           703
     46        1            12           482
     47        1            15           596
     48        2           142           467
     49        1            13           538
Attempt Distance          Time         TTime
      0        2         87933        136088
      1        2         85172        145779
      2        2         78081        124728
      3        2         77776         96649
      4        2         44664         92301
      5        1           865        104380
      6        2         33388        102139
      7        2         25663        136384
      8        1           872        115702
      9        1           565         86085
     10        2         35598         93855
     11        1           552         71964
     12        2         25614         68403
     13        2         26330         97738
     14        2         29280        129588
     15        1          1018        103438
     16        1           689         84361
     17        2         27063         94062
     18        2         32726        103344
     19        2         30243        134381
     20        2         30585         90143
     21        1           776         87551
     22        2         31913         91919
     23        2         33583         75402
     24        1           641         88503
     25        2         30516        117536
     26        2         33041         82718
     27        2         27423         83776
     28        2         25001         89121
     29        2         26558         84576
     30        2         35674         89980
     31        2         24591        123475
     32        1           586         92214
     33        1           685         85492
     34        1           598         88092
     35        1           620         89883
     36        2         67533         93450
     37        2         30709         91789
     38        2         44211        115622
     39        2         33674         91331
     40        1           567         82924
     41        1           617         94122
     42        1           591         94536
     43        2         28276        121327
     44        2         29987        126328
     45        1           527         96509
     46        1           686         98037
     47        1           733         96314
     48        2         25682         95594
     49        1           755         97180
Attempt Distance          Time         TTime
      0        2         36830         94602
      1        2         36310        127468
      2        2         37529         78318
      3        2         31991         85769
      4        2         31675         92090
      5        1           807         93296
      6        2         31048        133805
      7        2         22337         82038
      8        1           798         83605
      9        1           969         84946
     10        2         30631         86084
     11        1           994         91851
     12        2         29891         88971
     13        2         66961         90400
     14        2         24819         81241
     15        1           828         89817
     16        1           964        101061
     17        2         32191         83940
     18        2         26808         86440
     19        2         72005         89866
     20        2         27148         83374
     21        1           910         87212
     22        2         27208         82886
     23        2         30454         84909
     24        1           738         86581
     25        2         68487         76936
     26        2         25613         82317
     27        2         26727         83750
     28        2         23274         90172
     29        2         25662         83718
     30        2         33187        125658
     31        2         22181         83663
     32        1           860         84264
     33        1           785         92549
     34        1           934         87779
     35        1          1247         90452
     36        2         30832         89350
     37        2         29964        138315
     38        2         28116         81538
     39        2         31273         88368
     40        1           812         91320
     41        1          1057         84247
     42        1           826         85549
     43        2         26779        138755
     44        2         33531         87046
     45        1           934         85715
     46        1           862         93503
     47        1           912         95646
     48        2         33569         99138
     49        1           876         82894
