Attempt Distance          Time         TTime
      0        2          1333          1608
      1        1            41          1966
      2        1           118          2430
      3        2           622          1805
      4        2           777          1868
      5        2           721          2003
      6        1            54          1873
      7        2           730          1716
      8        2           544          1619
      9        1           112          1795
     10        2           774          1875
     11        2           571          1409
     12        1            48          1618
     13        2           430           938
     14        2           310           697
     15        2           296           902
     16        2           255           666
     17        2           299          1016
     18        2           316           828
     19        2           255           803
     20        1            44          1289
     21        1            18           813
     22        1            30           875
     23        1            63          1131
     24        2           450          1280
     25        2           341          1205
     26        2           346          1004
     27        2           345           902
     28        2           481          1333
     29        0             3           900
     30        1            17           771
     31        2           350          1003
     32        1            19           990
     33        2           338          1053
     34        1            23          1236
     35        2           380           810
     36        2           422           785
     37        1            14           659
     38        2           212           657
     39        2           223           939
     40        2           327           754
     41        1            15           649
     42        1            24          1017
     43        1            21           814
     44        2           216           660
     45        2           417           899
     46        2           231           642
     47        1            12           648
     48        1            13           648
     49        2           252           874
Attempt Distance          Time         TTime
      0        2        110293        139941
      1        1          1493        142895
      2        1          1585        156254
      3        2         96817        118117
      4        2         86434        118022
      5        2         41969         85739
      6        1           630         98785
      7        2         42906        122663
      8        2         65755         82551
      9        1           559         82126
     10        2         50284        102848
     11        2         31133         87522
     12        1           782        117704
     13        2         37801         88252
     14        2         45712        110850
     15        2         41994        117811
     16        2         28770         86953
     17        2         38590        111626
     18        2         41240         97778
     19        2         40830         95779
     20        1           626        117257
     21        1           630         92302
     22        1           696         97286
     23        1           851        123340
     24        2         81600         91839
     25        2         34482        114256
     26        2         48058        112561
     27        2         33834         95534
     28        2         34625        114281
Standard and transitive algorithms inconsistent (0 != 2)
     30        1           707        111377
     31        2         35141         85771
     32        1           623         92807
     33        2         33189        113617
     34        1           729         96376
     35        2         34369         94650
     36        2         38546        108607
     37        1           746         93008
     38        2         50310        109929
     39        2         67360         87244
     40        2         31625         89284
     41        1           710        109809
     42        1           671         96694
     43        1           601        108512
     44        2         32481         84525
     45        2         45661         90701
     46        2         32157        107535
     47        1           649        112112
     48        1           722        120291
     49        2         29442         92780
