Attempt Distance          Time         TTime
      0        2           888          1866
      1        1            33          1513
      2        2           397          1287
      3        2           376          1295
      4        1            22          1320
      5        2           345          1364
      6        1            38          1358
      7        2           293          1258
      8        1            38          1650
      9        2           376          1649
     10        2           465          1645
     11        2           444          1679
     12        1            33          1348
     13        2           329          1297
     14        1            29          1158
     15        2           429           925
     16        2           345           899
     17        2           210           782
     18        2           190           708
     19        2           226           703
     20        2           259           718
     21        2           157           836
     22        1            16           845
     23        2           173           719
     24        1             9           624
     25        2           178           771
     26        2           195           841
     27        0             2          1272
     28        1            40          1658
     29        1            21          1229
     30        2           387          1358
     31        2           259           921
     32        1            13           790
     33        2           157           770
     34        1            11           629
     35        1            14           710
     36        2           205           806
     37        1            13           719
     38        2           156           648
     39        2           206           635
     40        1            13           651
     41        2           151           998
     42        2           323           935
     43        2           448          2365
     44        1            17           973
     45        2           198          2248
     46        2           200           747
     47        2           151           590
     48        1            11           561
     49        2           164           710
Attempt Distance          Time         TTime
      0        2         60371         92250
      1        1          1405         88989
      2        2         48986         93304
      3        2         48679        177088
      4        1          1032        120761
      5        2         51004         92992
      6        1          1238         92338
      7        2         30623        101692
      8        1           626         79648
      9        2         17663         78559
     10        2         19857         71536
     11        2         21150         98364
     12        1           596         82542
     13        2         21086         81879
     14        1           697         78470
     15        2         26433         97034
     16        2         26546         74075
     17        2         20950         77061
     18        2         21278         82459
     19        2         30255        120061
     20        2         22060         73415
     21        2         17500         71640
     22        1           622         78367
     23        2         21857         96381
     24        1          1461         75863
     25        2         24438         73369
     26        2         17139         71905
Standard and transitive algorithms inconsistent (0 != 1)
     28        1           748         74646
     29        1           489         73947
     30        2         25240         79412
     31        2         20448         88622
     32        1           575         81085
     33        2         22969         72495
     34        1          1013         95649
     35        1          1195         93445
     36        2         71732         69534
     37        1           666        102171
     38        2         32803         97983
     39        2         27191        118093
     40        1           781         90609
     41        2         23050        149769
     42        2         25510         98989
     43        2         19800        106089
     44        1           655         84715
     45        2         20145         85710
     46        2         21988         79696
     47        2         26819        107767
     48        1           569         86578
     49        2         34020         98589
Attempt Distance          Time         TTime
      0        2         24266         85553
      1        1          1275        105453
      2        2         22599         95996
      3        2         26274         82504
      4        1           832         76935
      5        2         18331         94424
      6        1           857         81363
      7        2         19167         83108
      8        1           929        107463
      9        2         20125         81572
     10        2         18460         77604
     11        2         21865         75784
     12        1           804        100248
     13        2         20516         74656
     14        1           868         76995
     15        2         24282         95158
     16        2         26492         81079
     17        2         19035         78321
     18        2         18816         80654
     19        2         42569         76035
     20        2         22414         76481
     21        2         17330         91361
     22        1           862        104022
     23        2         22905         92245
     24        1           811         82219
     25        2         20866         78159
     26        2         38672         99818
Standard and transitive algorithms inconsistent (0 != 1)
     28        1           870         90422
     29        1           846        110671
     30        2         23891         77668
     31        2         20874        106852
     32        1          1020         93948
     33        2         18510         97879
     34        1          1008         77422
     35        1           798         84168
     36        2         23480        100799
     37        1           863         81747
     38        2         19449         80268
     39        2         24360        106788
     40        1           904        117788
     41        2         23250         71662
     42        2         20172         81583
     43        2         22903         95687
     44        1           732         82750
     45        2         18255         80728
     46        2         22065         79533
     47        2         24182         96041
     48        1           944         78135
     49        2         23117         73211
