Attempt Distance          Time         TTime         RTime        RTTime
      0        2          2119          2183         30258          9917
      1        2          1011          3509          7732          8083
      2        1            35          2201          6681          5009
      3        1            54          2238         10309          7079
      4        1            45          1599          6121          5466
      5        2           942          1976          7709          5729
      6        2           493          2512          5694          7494
      7        2           689          1414          7863          5381
      8        1            43          3208          7458          9062
      9        2          1088          2020          6550          5183
     10        1            53          1337         10721          4495
     11        1            58          1688          5319          3797
     12        2          1143          2461          8139          6357
     13        2           616          1978          7545          4746
     14        2           455           793          9543          4179
     15        1            57          2409          4116          5927
     16        2           551          1006          3926         13005
     17        2           644          2208          5409          9144
     18        2           601          2732          6300          8025
     19        2          2524          2047          5272          7084
     20        2           906           757          4275          4087
     21        2           357           990          7160          3555
     22        1            37           688          2544          4182
     23        2           942          1316          7043          6575
     24        2           761          2133          4195          5249
     25        1            53          1339          8094          4587
     26        2           398          2445          5853          4042
     27        1            38          1407          3426          8180
     28        2           586          1574          3437          6245
     29        2           628           806          3854          3802
     30        1            23          2038          4661          9527
     31        1            48          1674          5339          3842
     32        2           347          1741          4781          8518
     33        2           603          1030          4014          5959
     34        2           440          1554          3133          4354
     35        2           549          1390          7814          4465
     36        2           457          4093          3282          4065
     37        2           819           626          2066          2158
     38        2           242          1609          4878          4379
     39        2           651          2907          5966          4573
     40        2           591          1111          4440          4287
     41        2           698          1335          5045          2878
     42        2           386          2942          1970          3170
     43        2           282           861          2354          3381
     44        2           363          2142          3132          4224
     45        1            36           716          1761          2464
     46        1            28           746          2104          2805
     47        2           448           593          1882          2263
     48        0             3           617          1627          1974
     49        1            19           607          2439          3164
