Attempt Distance          Time         TTime
      0        2           938          2561
      1        0             6          2037
      2        2           286          1510
      3        2           304          1411
      4        2           358          1441
      5        2           367          1433
      6        2           404          1528
      7        2           601          1311
      8        1            29          1787
      9        2           446          1963
     10        2           382          1855
     11        2           358          1156
     12        2           352          1725
     13        2           340          1361
     14        2           402          1502
     15        2          1089          1940
     16        2           303          1279
     17        2           327          1506
     18        1            27          1300
     19        2           313          1388
     20        2           254           998
     21        2           197          1062
     22        1            82          1191
     23        1            22          1901
     24        2           278          1213
     25        1            21          1281
     26        2           241           942
     27        2           267          1064
     28        1            20           793
     29        2           141           776
     30        2           226          1385
     31        2           262           866
     32        2           193           663
     33        2           241          1129
     34        2           271           976
     35        2           294           890
     36        2           133           816
     37        2           180          1166
     38        2           233           904
     39        1            15           913
     40        2           263           871
     41        1            16           811
     42        2           169          1196
     43        2           324           861
     44        2           149           872
     45        1            30           840
     46        2           251          1347
     47        0             5          1081
     48        2           188           808
     49        2           201           796
Attempt Distance          Time         TTime
      0        2         60698         70974
Standard and transitive algorithms inconsistent (0 != 1)
      2        2         35442         76786
      3        2         31234         71899
      4        2         32052         92189
      5        2         35970         68946
      6        2         28028         81681
      7        2         36899        107706
      8        1          4831         75659
      9        2         18290         55020
     10        2         19150         63989
     11        2         15492         70508
     12        2         17991         64323
     13        2         18205         61600
     14        2         16809         61512
     15        2         26921         74662
     16        2         41769         89424
     17        2         15017         68945
     18        1           455         69530
     19        2         14439         64295
     20        2         17666         79581
     21        2         22673         72258
     22        1           472         64336
     23        1           421         69516
     24        2         18082         76133
     25        1           567         89258
     26        2         19689         74231
     27        2         16547         77790
     28        1           687         66435
     29        2         17031         82780
     30        2         14175         69002
     31        2         19023         62499
     32        2         19998         98035
     33        2         19030         90838
     34        2         24306        111712
     35        2         15480         59853
     36        2          9109         55585
     37        2         17241         62029
     38        2         16614         74641
     39        1           474         75620
     40        2         22493         83404
     41        1           983         78534
     42        2         17364         63237
     43        2         19204         96765
     44        2         15330         80004
     45        1           393         72037
     46        2         17890         75618
Standard and transitive algorithms inconsistent (0 != 1)
     48        2         14207         72228
     49        2         20548         55720
