Attempt Distance          Time         TTime
      0        2           952          3187
      1        2           429          1308
      2        2           577          3761
      3        2           488          2133
      4        2           317          1143
      5        2           324          1235
      6        2           331          1412
      7        1            38          2708
      8        1            34          1482
      9        2           412          1895
     10        1            36          1788
     11        2           421          1677
     12        2           666          2545
     13        1            41          1865
     14        2           445          1512
     15        2           336          1412
     16        2           337          1435
     17        2          1143          2011
     18        2           472          1264
     19        2           268          1126
     20        1            29          1514
     21        2           335          1401
     22        1            18          1692
     23        1            35          1434
     24        2           209           848
     25        2           447          2599
     26        2           198           790
     27        2           175           716
     28        1            17           952
     29        1            16          1050
     30        2           208           826
     31        2           174           999
     32        2           281          1018
     33        1            15          1302
     34        2          1830          1329
     35        2           265           973
     36        2           260           914
     37        2           269           858
     38        1            17           943
     39        2           209          1006
     40        2           201          1204
     41        1            22          1196
     42        2           339          2797
     43        2           196           867
     44        2           238           672
     45        2           222           673
     46        2           184           603
     47        2           128           466
     48        2            80           461
     49        2            97           531
Attempt Distance          Time         TTime
      0        2         52632        103855
      1        2         39167        101434
      2        2         38003         92895
      3        2         37610         92392
      4        2         41002        184907
      5        2         63959        202954
      6        2         63139        197343
      7        1          2065        134947
      8        1          2240        126186
      9        2         44953        134579
     10        1          1396        198756
     11        2         26909        107350
     12        2         30243         96435
     13        1           574         93342
     14        2         71088         96648
     15        2         16511         76782
     16        2         16925         92673
     17        2         15908         67138
     18        2         17661         64965
     19        2         17901         69046
     20        1           509         70002
     21        2         18896         77469
     22        1           638        110728
     23        1           767         93123
     24        2         13192         70891
     25        2         25178         79940
     26        2         19220         78899
     27        2         17005        155779
     28        1           652         79943
     29        1           448         83409
     30        2         20160         81179
     31        2         24728         86756
     32        2         24951         70555
     33        1           447        104217
     34        2         17985         76220
     35        2         20497         74267
     36        2         15414         71592
     37        2         19270         78486
     38        1           557         74168
     39        2         17040         93442
     40        2         15097         75507
     41        1           633         75713
     42        2         21885         83251
     43        2         19600         93068
     44        2         23625         78680
     45        2         21812        106915
     46        2         23701         81041
     47        2         18417         74049
     48        2         11348         69299
     49        2         59767        102820
