Attempt Distance          Time         TTime
      0        2           646          2192
      1        2           488          1539
      2        2           464          1075
      3        1            23          1263
      4        1            34          1395
      5        2           722          1360
      6        1            39          1138
      7        1            23          1032
      8        2           387           938
      9        2           702          1524
     10        2           566          1187
     11        2           383           896
     12        2           456          1433
     13        2           354           947
     14        2           355           926
     15        2           351           923
     16        2           349          1354
     17        2           361          1043
     18        1            27           686
     19        1            17           582
     20        2           221           778
     21        1            32           712
     22        2           211           734
     23        1            14           616
     24        2           271           664
     25        1            33           714
     26        2           227           858
     27        1            29          1122
     28        1            27           983
     29        1            14           812
     30        2           401           979
     31        2           285           799
     32        2           199           676
     33        2           296           866
     34        2           333           829
     35        2           227          1139
     36        1            30           840
     37        2           196           570
     38        2           281           790
     39        2           247           654
     40        2           255           625
     41        2           254           537
     42        2           236           595
     43        2           233           703
     44        1            11           730
     45        2           211           656
     46        1            11           529
     47        2           217           562
     48        2           164           568
     49        2           226           614
Attempt Distance          Time         TTime
      0        2         78925         95564
      1        2         76258        133385
      2        2         67878        110805
      3        1          1943        100314
      4        1          1492         88185
      5        2         62562         81713
      6        1           666        123140
      7        1           855         95277
      8        2         40951         98914
      9        2         63616         79072
     10        2         78471        124555
     11        2         35920         85828
     12        2         50874         85858
     13        2         31292        110704
     14        2         45544        138574
     15        2         44088         81335
     16        2         32028         85323
     17        2         28490         86528
     18        1           567         90681
     19        1           525        108512
     20        2         29378         89680
     21        1           636         93747
     22        2         38321         84302
     23        1           617        111720
     24        2         37946        104021
     25        1           743        110456
     26        2         93250        132490
     27        1           516         94434
     28        1           803        118063
     29        1           826        120826
     30        2         51636        113630
     31        2         45542         90580
     32        2         36955        119004
     33        2         38732         96436
     34        2         59286        128520
     35        2         29075         86131
     36        1           572         94022
     37        2         37396        170692
     38        2         28694         90350
     39        2         56922        101860
     40        2         40804         99712
     41        2         73440        123320
     42        2         39850         93527
     43        2         43924         99116
     44        1           592        102514
     45        2         40201        123194
     46        1           584        101539
     47        2         30524         87289
     48        2         31330        100510
     49        2         34628         99450
