Attempt Distance          Time         TTime
      0        2           625          2412
      1        2           570          1318
      2        2           511          1624
      3        2           666          1721
      4        1            19          1808
      5        2           600          2105
      6        2           604          2326
      7        2           767          3024
      8        2           537          3145
      9        2          1089          1726
     10        1            29          1321
     11        1            25          1536
     12        2           607          1664
     13        2           689          4374
     14        2           327          1242
     15        2           562          1184
     16        2           442          1023
     17        1            19          1162
     18        2           391          1265
     19        2           424          1702
     20        2           383          1392
     21        2           993          1975
     22        2           324          1118
     23        2           319          1434
     24        2           528          1442
     25        2           617          2232
     26        2           619          2214
     27        2           415          1611
     28        2           485          1733
     29        1            19          1364
     30        2           253          1057
     31        2           436          2084
     32        2           340           944
     33        2           305           930
     34        2           354          1761
     35        2           945          1140
     36        1            14          1067
     37        2           278          1064
     38        2           301          1120
     39        1            15          1172
     40        2           364          1416
     41        2           542          1334
     42        1            47          1368
     43        2           450          1205
     44        2           295           930
     45        2           273           871
     46        2           210          1115
     47        2           225           843
     48        1            14           737
     49        2           210           906
Attempt Distance          Time         TTime
      0        2         53380        137506
      1        2         59073        115461
      2        2         61905        140227
      3        2         89408        209118
      4        1          1149         89716
      5        2         46493        106407
      6        2         23344        100919
      7        2         30975         89593
      8        2         22084         83189
      9        2         25348         97672
     10        1           597         83755
     11        1           623         83708
     12        2         30877         98534
     13        2         27964         77530
     14        2         20309         73816
     15        2         26982         90492
     16        2         27016         72605
     17        1           486         82893
     18        2         22194        118390
     19        2         33346        124023
     20        2         23738         93265
     21        2         18880         80833
     22        2         19664         94572
     23        2         31911        112880
     24        2         29260        116871
     25        2         42539         86490
     26        2         25082        100296
     27        2         21820        110245
     28        2         24148         92561
     29        1           558        111164
     30        2         24278        190077
     31        2        130079        121904
     32        2         46440        103701
     33        2         43165         94582
     34        2         21079        101002
     35        2         24368         89452
     36        1           813         78557
     37        2         25639         79038
     38        2         21628        108775
     39        1           804         91113
     40        2         22235         81824
     41        2         37292         78632
     42        1           632         83154
     43        2         21890         99461
     44        2         25324         91891
     45        2         26376         87895
     46        2         63802        108596
     47        2         21342         94591
     48        1           601         89947
     49        2         28878        104289
Attempt Distance          Time         TTime
      0        2         21973         87164
      1        2         29117         89146
      2        2         41262         96028
      3        2         24765         96158
      4        1          1022        134307
      5        2         21758        108972
      6        2         20086         87830
      7        2         46348        104109
      8        2         21223         84087
      9        2         24290        108645
     10        1           753         81143
     11        1           952        161956
     12        2         43187        132842
     13        2         24513         83678
     14        2         19668        100546
     15        2         27573         93967
     16        2         26718        105798
     17        1           896        112999
     18        2         19894        105857
     19        2         21494        106657
     20        2         30581         90444
     21        2         20812         96593
     22        2         24287         87587
     23        2         23545         78355
     24        2         24978         95705
     25        2         23423         80963
     26        2         24106         98235
     27        2         18857         75116
     28        2         20112         80463
     29        1           897        101007
     30        2         21539         89564
     31        2         27409        105903
     32        2         28917         80856
     33        2         28071         95553
     34        2         17994         86723
     35        2         19467         73279
     36        1           784         94647
     37        2         23575         74794
     38        2         19774        100233
     39        1          1166        100536
     40        2         29429         78696
     41        2         26538         83087
     42        1           914         89649
     43        2         20678         99057
     44        2         26339         84020
     45        2         39807         77149
     46        2         37673         79080
     47        2         20933         82687
     48        1           962         99954
     49        2         24305         76917
