Attempt Distance          Time         TTime
      0        2           999          2004
      1        1            30          2108
      2        2           610          1983
      3        1            41          1811
      4        2           786          1796
      5        2           688          1781
      6        1            33          1844
      7        1            59          1623
      8        2           443          1496
      9        2           517          1864
     10        2           611          1841
     11        1            33          1806
     12        2           552          1708
     13        2           569          1527
     14        2           418          1692
     15        2           427          1247
     16        2           672          1261
     17        2           359          1159
     18        2           553          2268
     19        2           593          1831
     20        2           819          1886
     21        2           401          1292
     22        2           318          1160
     23        2           406          1067
     24        2           224           898
     25        2           316          1311
     26        1            36          1357
     27        2           418          1180
     28        1            17          1213
     29        2           369          1200
     30        2           257           907
     31        2           440           985
     32        2           292           874
     33        2           225           721
     34        2           169           678
     35        2           281           796
     36        2           214           787
     37        2           178           747
     38        2           189           793
     39        1            14           719
     40        2           272           929
     41        2           337          1147
     42        2           340          1111
     43        2           318          1105
     44        2           483          1385
     45        2           316          1034
     46        2           350          1005
     47        2           246         10118
     48        1            19           960
     49        1            21           821
Attempt Distance          Time         TTime
      0        2         66916        100279
      1        1          1461         96578
      2        2         50772        100739
      3        1          1493         99388
      4        2         79655        108506
      5        2         56588         94125
      6        1           850         98042
      7        1           850         97023
      8        2         29362         76635
      9        2         27998         95429
     10        2         25165         85905
     11        1           553         86892
     12        2         25126         84521
     13        2         26196         97734
     14        2         31179        103991
     15        2         21930         86309
     16        2         29887         81291
     17        2         24424         88930
     18        2         20760         84984
     19        2         30757         91697
     20        2         28236         86872
     21        2         69079         85965
     22        2         31698         95172
     23        2         22885         93733
     24        2         26452         92311
     25        2         29187         89095
     26        1           566         89831
     27        2         22878         83360
     28        1           503         85339
     29        2         24334         84159
     30        2         21788         87010
     31        2         26059         92750
     32        2         24412         85202
     33        2         25441         97817
     34        2         21147         89051
     35        2         24567         89387
     36        2         24292         93732
     37        2         21159         87412
     38        2         64312         95254
     39        1           705         81040
     40        2         23801         88503
     41        2         26608        109457
     42        2         31231         92120
     43        2         25094         78988
     44        2         24268         83778
     45        2         24655         82238
     46        2         25443         85155
     47        2         23111         85800
     48        1           579         89600
     49        1           545         83157
Attempt Distance          Time         TTime
      0        2         33421         77258
      1        1          1006         99947
      2        2         33077         81174
      3        1           852         83093
      4        2         33926         75563
      5        2         38300         80173
      6        1           857         87581
      7        1           764         89899
      8        2         30437         72814
      9        2         34935         65128
     10        2         30430         87197
     11        1           835         81527
     12        2         39382         85160
     13        2         25228         82895
     14        2         22505         94855
     15        2         22613         85005
     16        2         28103         90381
     17        2         21660         93036
     18        2         18728         82448
     19        2         29223         90602
     20        2         26876         86660
     21        2         23693         96336
     22        2         36218         76150
     23        2         34807         82108
     24        2         27787         87548
     25        2         30100         90436
     26        1           957         94938
     27        2         22589         85449
     28        1           888         91630
     29        2         22736         93403
     30        2         20409         88877
     31        2         24649         87146
     32        2         23503         85421
     33        2         26948         93395
     34        2         22094         86438
     35        2         23553         85626
     36        2         21999         87759
     37        2         20529         86604
     38        2         21539         98084
     39        1          1792         91052
     40        2         25711         87051
     41        2         33598         76718
     42        2         30587         76095
     43        2         27946         91066
     44        2         25761         86338
     45        2         25721         86844
     46        2         26511         91101
     47        2         21361         93863
     48        1           771         95367
     49        1           899         92720
