Attempt Distance          Time         TTime
      0        1           129          1693
      1        2           247          1020
      2        2           246           851
      3        2           215          1004
      4        2           343          1598
      5        2           365          1426
      6        2           338          1577
      7        2           328          1342
      8        2           347          1385
      9        2           409          1633
     10        1            38          1065
     11        2           233           883
     12        2           238           853
     13        2           359           681
     14        2           171           703
     15        1            33           671
     16        2           140           644
     17        2           230           501
     18        1            14           808
     19        2           126           860
     20        1            12           744
     21        2           110           612
     22        2           146           546
     23        1             9           572
     24        2           239           520
     25        2           166           812
     26        2           135           570
     27        2           129           689
     28        2           146           559
     29        2           101           481
     30        2           165           556
     31        2           148           526
     32        2           216           857
     33        2           150           811
     34        2           254           931
     35        2           191           802
     36        2           139           857
     37        2           158           706
     38        2           157          1085
     39        2           209           905
     40        2           171           730
     41        2           175           612
     42        2           133           677
     43        2           163           885
     44        1            44          1057
     45        2           147           687
     46        2           192          1002
     47        2           155           693
     48        2           158           587
     49        2           130           570
Attempt Distance          Time         TTime
      0        1          4653         70551
      1        2         42725         75709
      2        2         47670         88294
      3        2         29427         93968
      4        2         24044         73369
      5        2         27558         67141
      6        2         19385         69544
      7        2         20850         83367
      8        2         18558         57127
      9        2         22310         58420
     10        1           654         57931
     11        2         16567         67946
     12        2         16352         72041
     13        2         13965         91469
     14        2         22480         69817
     15        1           718         80264
     16        2         16842         83168
     17        2         45719         76513
     18        1           535         73157
     19        2         10086         69121
     20        1           837         87608
     21        2         14052         72612
     22        2         13610         71662
     23        1           522         78499
     24        2         14788         94463
     25        2         17137         72710
     26        2         14273         69249
     27        2         15775         82167
     28        2         13568         85294
     29        2         39084         92232
     30        2         13083         73910
     31        2         21692         76106
     32        2         18655         65687
     33        2         19794        110008
     34        2         16609         66108
     35        2         14079         71433
     36        2         13758         70566
     37        2         15900         88683
     38        2         19349         79270
     39        2         18512        127132
     40        2         15781         78076
     41        2         25992         93274
     42        2         14849         74581
     43        2         14749         67033
     44        1           447         70975
     45        2         15931         93871
     46        2         18180         74238
     47        2         17103         72387
     48        2         18546         70930
     49        2         20608         90118
Attempt Distance          Time         TTime
      0        1          2479         73431
      1        2         15000         75080
      2        2         18847         77847
      3        2         13340         95410
      4        2         14458         80822
      5        2         14891         81310
      6        2         13979         76681
      7        2         30446         72884
      8        2         15862         69590
      9        2         17832         73292
     10        1           788         91939
     11        2         15238         69289
     12        2         12960         68934
     13        2         13938         70388
     14        2         16222         85959
     15        1           811         76460
     16        2         15101         65885
     17        2         14757         67496
     18        1           718         91758
     19        2          8987         76782
     20        1          1013         71094
     21        2         14912         95336
     22        2         14918         83553
     23        1           743         71479
     24        2         11384         65792
     25        2         15860         82792
     26        2         13787         66556
     27        2         12882         62596
     28        2         11768         69580
     29        2         14766         79833
     30        2         11567         62020
     31        2         14520         69985
     32        2         17920         73512
     33        2         32311         70258
     34        2         15622         63672
     35        2         15088         64467
     36        2         12316         86918
     37        2         14495         71263
     38        2         16722         65057
     39        2         16307         69507
     40        2         31238         70306
     41        2         15987         69334
     42        2         13409         70342
     43        2         15586        102216
     44        1           823         72299
     45        2         15483         68813
     46        2         13800         67460
     47        2         13659         84838
     48        2         19245         79507
     49        2         16593         78545
