Attempt Distance          Time         TTime
      0        2           909          2088
      1        2           573          1515
      2        1            26          1426
      3        1            32          1432
      4        2           413          1524
      5        2           444          1272
      6        1            25          1874
      7        1            32          1844
      8        2           371          1410
      9        2           367          1242
     10        2           481          1156
     11        2           306          1008
     12        2           351          1264
     13        2           271          1238
     14        1            47          1380
     15        1            27          1149
     16        2           303          1212
     17        2           349           982
     18        1            12          1057
     19        2           190           878
     20        2           337          1066
     21        1            19          1332
     22        2           485          1368
     23        2           431           972
     24        2           339          1015
     25        2           445          1096
     26        2           292           982
     27        2           672          1125
     28        2           244           983
     29        2           271           889
     30        2           198           695
     31        2           166           748
     32        2           188           792
     33        1            11           782
     34        2           235           934
     35        2           402           950
     36        2           251           771
     37        1            13           673
     38        1            23          1074
     39        2           307           902
     40        1            23           805
     41        2           316           738
     42        2           325           907
     43        2           300          1024
     44        1            15           805
     45        2           174           679
     46        2           186           629
     47        2           141           580
     48        2           147           567
     49        2           169           769
Attempt Distance          Time         TTime
      0        2         71280         83971
      1        2         67464        102770
      2        1           936         92274
      3        1           749        112344
      4        2         43245         91997
      5        2         44024         82528
      6        1           992         87879
      7        1           968         87754
      8        2         18548         71335
      9        2         21469         81189
     10        2         28605         82439
     11        2         24948         87620
     12        2         23286         79021
     13        2         29441         92651
     14        1           764         80125
     15        1           627         91522
     16        2         28563         86637
     17        2         34560         95842
     18        1           574         70913
     19        2         21535         80035
     20        2         27542         73479
     21        1           551         89656
     22        2         25291         82356
     23        2         30114         91185
     24        2         28061         72612
     25        2         27904         83781
     26        2         18123         82600
     27        2         25685         95236
     28        2         65574         66639
     29        2         25238         78670
     30        2         23998         67420
     31        2         20257         82178
     32        2         23281         73083
     33        1           479         81852
     34        2         24265         78401
     35        2         23846         87555
     36        2         22927         72536
     37        1           597         88447
     38        1           691         83352
     39        2         22610         88264
     40        1           565         83965
     41        2         24010         84191
     42        2         25762         74879
     43        2         29252         78196
     44        1           548         73091
     45        2         27044         75079
     46        2         23841         83696
     47        2         22111         74210
     48        2         31423        106093
     49        2         25495         74239
