Attempt Distance          Time         TTime
      0        2          1532          2703
      1        2           444          1762
      2        2          1543          1487
      3        2           801          1057
      4        2           333          1255
      5        2           246          1187
      6        2           332          1629
      7        2           391          1692
      8        2           376          1560
      9        2           406          1330
     10        2           434          1372
     11        2           263           996
     12        2           336          1059
     13        1            17          1035
     14        2           203           744
     15        2           232           944
     16        1            18          1150
     17        2           320          1116
     18        2           172           862
     19        1            13           893
     20        2           208           764
     21        2           200           637
     22        2           127           487
     23        1            16          1207
     24        2           255           954
     25        2           241          1146
     26        2           197           829
     27        2           156           750
     28        2           135           584
     29        2           117           490
     30        2            96           488
     31        2           113           520
     32        2           119           544
     33        2           113           496
     34        2            98           445
     35        2           111           452
     36        2           124           482
     37        2           126           448
     38        1            14           638
     39        2           125           502
     40        2           143           590
     41        2           171           600
     42        2           147           542
     43        2           155           531
     44        2           149           651
     45        1            16           674
     46        2           102           560
     47        2           126           555
     48        1             8           503
     49        2           130           478
Attempt Distance          Time         TTime
      0        2         44250         81957
      1        2         35271         82554
      2        2         37420         87785
      3        2         34958        132097
      4        2         41674         99653
      5        2         22156         69742
      6        2         31502         91112
      7        2         25085         60602
      8        2         20214         69472
      9        2         20327         81615
     10        2         20460         68986
     11        2         39544         78601
     12        2         18481         89769
     13        1           571         73672
     14        2         15055         67296
     15        2         15948         81265
     16        1           554         71301
     17        2         15559         71928
     18        2         15287         80311
     19        1           467         72204
     20        2         17917         90259
     21        2         25293         91805
     22        2         18340         89136
     23        1           509         69502
     24        2         16587         74322
     25        2         11979         69289
     26        2         12709         69369
     27        2         15674         94303
     28        2         17392         74785
     29        2         19327         69980
     30        2         13970         81340
     31        2         20664         69803
     32        2         14492         71253
     33        2         15958         83927
     34        2         12252         66678
     35        2         14488         69608
     36        2         19080         82477
     37        2         19806         75969
     38        1           595         80946
     39        2         21846         74341
     40        2         15781         66834
     41        2         18521         86070
     42        2         27043         84288
     43        2         17971         64425
     44        2         34064         86902
     45        1           554         72305
     46        2         14821         73739
     47        2         17351         90066
     48        1           549         75883
     49        2         19574         75389
Attempt Distance          Time         TTime
      0        2         17793         85651
      1        2         16655         72438
      2        2         18665         74694
      3        2         35093         70997
      4        2         16801         73580
      5        2         13678         86766
      6        2         17608         69791
      7        2         14677         81735
      8        2         15629         72869
      9        2         17900         67844
     10        2         22915         89293
     11        2         16259         79304
     12        2         14530         77636
     13        1           848         91242
     14        2         16437         81143
     15        2         14549         78133
     16        1           732         66725
     17        2         14189         70788
     18        2         27329         69482
     19        1           830         71778
     20        2         13928        113803
     21        2         23683         77106
     22        2         17651         68297
     23        1           850         89782
     24        2         18461        104582
     25        2         14276         90836
     26        2         13785         71347
     27        2         22374        119581
     28        2         25650         75144
     29        2         16819         68426
     30        2         16205         84324
     31        2         14898         67865
     32        2         13887         69860
     33        2         28432         77223
     34        2         12618         69303
     35        2         16191         81818
     36        2         18570         69323
     37        2         20282         83298
     38        1           697         69245
     39        2         17287         75292
     40        2         15634         83432
     41        2         16308         69634
     42        2         15601         78757
     43        2         20749         71405
     44        2         13486         84928
     45        1           864         88138
     46        2         14810         67152
     47        2         17750         83771
     48        1           658         81348
     49        2         19852         67277
