Attempt Distance          Time         TTime
      0        1           167          1950
      1        2           711          1483
      2        2           404          1076
      3        2           754          1741
      4        2           630          1677
      5        2           485          1027
      6        2           764          1601
      7        2           748          1081
      8        2           404          1590
      9        2           503          1744
     10        2           597          1543
     11        2           692          1633
     12        2           607          1588
     13        2           579          1700
     14        2           673          1429
     15        1            18           723
     16        2           332           994
     17        1            29           856
     18        2           491          1279
     19        1            39          2168
     20        1            18           759
     21        2           308          1273
     22        2           511          2072
     23        2           621          1854
     24        2           357           808
     25        2           235           671
     26        2           234           646
     27        2           199           685
     28        2           426          1018
     29        2           360          1017
     30        2           657          1650
     31        1            32          1238
     32        1            25          1293
     33        1            27           637
     34        1            14           557
     35        2           207           589
     36        1            14           725
     37        2           216           999
     38        2           318           847
     39        1            26           873
     40        2           333           806
     41        2           294          1155
     42        1            19          1069
     43        2           373           916
     44        2           307           718
     45        2           198           596
     46        2           186           660
     47        2           422          1229
     48        2           394          1120
     49        1            31          1140
Attempt Distance          Time         TTime
      0        1          5790         94310
      1        2        105798        129081
      2        2         84498        124763
      3        2         87090        141843
      4        2        107312        163945
      5        2         75284         84889
      6        2         24861         86760
      7        2         29645         77542
      8        2         71857        135771
      9        2         48637        130594
     10        2         33820         86160
     11        2         39201        174314
     12        2         47640         90332
     13        2         33783         97449
     14        2         39367        158322
     15        1          1096        108395
     16        2         37639        104372
     17        1           544         94208
     18        2         45982        127621
     19        1           556        133885
     20        1           694        110727
     21        2         44591         84727
     22        2         32237         87131
     23        2         87545        121038
     24        2         34671        109769
     25        2         31144         99326
     26        2         37637         87918
     27        2         27869         90551
     28        2         33891         77042
     29        2         34634        201698
     30        2         52685        147634
     31        1           745        149223
     32        1          1006        113335
     33        1           548        126604
     34        1           736        131558
     35        2         33677         90077
     36        1           590         94733
     37        2         32738         86997
     38        2         45063        134678
     39        1          1013        135859
     40        2         28212        115487
     41        2         74683         90715
     42        1           503         84768
     43        2         35696         96711
     44        2         35207        161764
     45        2         41692        176906
     46        2         54760        114947
     47        2         31931         96158
     48        2         47935        141628
     49        1          1162        130951
