Attempt Distance          Time         TTime
      0        2           387          1763
      1        2           270          1514
      2        2           337          1799
      3        2           279          1681
      4        2           334          1588
      5        3          1638          1511
      6        1            33          1537
      7        2           336          1388
      8        2           326          1404
      9        1            33          1464
     10        3          1244          1372
     11        2           278          1426
     12        3          1154          1459
     13        2           253          1431
     14        1            40          1999
     15        2           413          1429
     16        1            29          1515
     17        2           195          1783
     18        2           236          1475
     19        2           279          1619
     20        2           219          1514
     21        2           217          1275
     22        2           184          1941
     23        1            25          1458
     24        2           218          1390
     25        2           262          1543
     26        2           277          1370
     27        3          1095          1166
     28        2           223          1275
     29        2           180          1555
     30        2           320          1804
     31        2           279          1236
     32        2           217           985
     33        2           233          1236
     34        2           316          1574
     35        2           258          1428
     36        2           229          1399
     37        1            23          1297
     38        2           261          1308
     39        2           741          2470
     40        2           551          1820
     41        2           280          1529
     42        2           295          1525
     43        1            43          1617
     44        2           278          1663
     45        2           563          1813
     46        2           634          1589
     47        2           353          2070
     48        2           297          2026
     49        2           295          1650
Attempt Distance          Time         TTime
      0        2         40972         75605
      1        2         21201         68784
      2        2         14490         77423
      3        2         22996         80158
      4        2         18151         78566
      5        3        106134         73169
      6        1          1068         77661
      7        2         30836         67826
      8        2         21900         80677
      9        1           854         58125
     10        3         94974         59206
     11        2         10972         58758
     12        3         78028         71211
     13        2         16286         63788
     14        1           619         79078
     15        2          9044         63144
     16        1           668         66507
     17        2          7412         70027
     18        2         10185         67573
     19        2         11054         69098
     20        2          9266         62915
     21        2         13889         86781
     22        2         11237         77270
     23        1           516         68394
     24        2         10582         77077
     25        2         40225         87871
     26        2         12354         64023
     27        3         64433         70243
     28        2          9156         68510
     29        2          9216         68454
     30        2         13973         61181
     31        2         10647         61834
     32        2         11944         66622
     33        2         11398         68989
     34        2         12498         74757
     35        2          8940         65828
     36        2          9478         71177
     37        1           464         63417
     38        2          8645         90002
     39        2         12921         67241
     40        2         10124         69671
     41        2         10184         58706
     42        2         10732         64069
     43        1           485         68750
     44        2         12056         63507
     45        2         13278         64392
     46        2         10309         65959
     47        2         10778         68937
     48        2          6501         61268
     49        2          9704         70834
Attempt Distance          Time         TTime
      0        2         11119         64513
      1        2          9152         75490
      2        2          7296         60844
      3        2          8944         65818
      4        2          9053         63614
      5        3         68674         57540
      6        1           885         67795
      7        2         10841         60111
      8        2         10742         64181
      9        1           752         63971
     10        3         67652         55644
     11        2         10309         64803
     12        3         56718         73600
     13        2         11101         64454
     14        1           656         70409
     15        2          8064         60301
     16        1           720         69705
     17        2          6655         59073
     18        2          9022         70384
     19        2         10366         71607
     20        2          8800         71709
     21        2         10387         64341
     22        2          8762         67267
     23        1           663         64104
     24        2          9855         64870
     25        2          9392         59884
     26        2         18175         67343
     27        3         59377         67660
     28        2         10200         60682
     29        2          8145         68045
     30        2          9473         58264
     31        2         17974         59598
     32        2         11792         66219
     33        2         10625         59268
     34        2         12672         65694
     35        2          8818         59724
     36        2          9299         69673
     37        1           681         63142
     38        2          9725         83696
     39        2         14224         66021
     40        2          8078         66827
     41        2          8890         53178
     42        2         10104         60123
     43        1           606         56452
     44        2         11264         68135
     45        2          9910         64279
     46        2         10007         68699
     47        2         10304         62341
     48        2          7075         70265
     49        2          9883         58163
