Attempt Distance          Time         TTime         RTime        RTTime
      0        1           198          2178         31872         12680
      1        1           114          3169          5470         10251
      2        2           456          2640          8147          5564
      3        2           542          1176          8978          7439
      4        2          1351          2089          4445          6313
      5        1            64           948          7123          4715
      6        2          1008          1191          5076          4752
      7        2          1378          1477          6293         11466
      8        2           528          2398         10509          7209
      9        2           727          1038          8571          5599
     10        2           830          1499          8316          6102
     11        2           821          2733          7411          4545
     12        2           493          1668         12050          9126
     13        2           909          4678          9180          7289
     14        1            45          3338          3987          7851
     15        2           531          3139          3994          6507
     16        1           107          1747          3283         12111
     17        1            45          1142          4182          9792
     18        2           755           824          3070          4514
     19        1            71          1302          6701          3629
     20        1            30          1969          5420          5800
     21        1            44          4340          3289          7345
     22        1            43          2286          5702          3573
     23        2           360          1237          4203          5390
     24        1            47           763          5546          3535
     25        1            33          2511          4001          5453
     26        2           460          1135          3691          7032
     27        2           586           860          2626          6581
     28        2          1489          1382          4977          3428
     29        2           373          2416          6948          4396
     30        2           394           720          1995          5811
     31        1            30           790          2796          2750
     32        2           572          2317          4177          5173
     33        2           604          1019          4201          2214
     34        2           981          1369          4683          5484
     35        2           703          2147          3931          3842
     36        2           648           882          3452          2791
     37        2          1263          1368          3225          3187
     38        1            34          1021          2048          5540
     39        2           468           728          2422          3831
     40        2           628          4282          2516          3039
     41        2           857           795          2585          2444
     42        1            27          2641          3288          4121
     43        2           836          1026          4585          6049
     44        2           421          1326          4004          2829
     45        2           511          1506          4801          2659
     46        2           315           689          1987          2153
     47        1            26           677          1845          3877
     48        1            29           656          1719          2653
     49        1            24           707          1754          2210
