Attempt Distance          Time         TTime         RTime        RTTime
      0        2          2083          3943         29193         10956
      1        2           429          1739          6261          9652
      2        2           416          1586         17945         10047
      3        2           484          2155         14159         10044
      4        1           139          1091          3700          3702
      5        2           363          1391          5476          4808
      6        2           340          1137          8172          4411
      7        1            45          1793          8590          6525
      8        1           152           857          9425          4605
      9        2           503           973          9834          3386
     10        2           453          2025          4540          4281
     11        2           349          1802          6163          6903
     12        1            51          1207          5693          5810
     13        1            43           941          4605          5262
     14        1            59           750          2797          2800
     15        2           375          1629          3107          3767
     16        2           238          1164          2638          4746
     17        2           232          1391          4198          5068
     18        2           433           936          3750          4663
     19        2           294           668          2122          4119
     20        2           264           678          2814          7708
     21        2           375           925          4601          5165
     22        1            33           839          3735          2835
     23        1            42          3352          4370          5049
     24        1            47           586          2863          2098
     25        2           241          1280          2279          5790
     26        2           316           846          2479          3319
     27        2           471           983          5712          2530
     28        2           305           616          1942          2280
     29        2           234          1747          4203          6529
     30        2           298           550          2667          3166
     31        2           350           783          2680          2785
     32        2           218           865          2708          3366
     33        2           412           850          2758          2468
     34        2           166           486          1615          4091
     35        1            32          1249          4072          3483
     36        2           314          1105          2681          3582
     37        2           571           732          3219          2424
     38        1            24           561          2016          2494
     39        2           232          1139          2234          3849
     40        1            24           544          2230          1988
     41        2           336           544          2391          2657
     42        2           374           486          2309          2020
     43        2           262           812          2658          2803
     44        1            17           851          1916          5513
     45        1            27           468          2802          2749
     46        2           187           471          1449          1673
     47        2           355           517          2324          2791
     48        2           241           486          1660          1863
     49        2           139           506          2250          3318
