Attempt Distance          Time         TTime         RTime        RTTime
      0        2          3926          7137         59400         11822
      1        2          1037          6203          8414          8181
      2        1           338          1111          9717          6753
      3        2           675          3449         19928         19483
      4        2          1153           948          9414         10988
      5        1            85          2685          5632         11931
      6        1            70          2484         12135         15680
      7        2           798          2610         11920          7791
      8        2          1822          2446          9038         16286
      9        1            79          2330         10089          9134
     10        2          1918          6103         14057         11836
     11        2           606          1970          7782          6767
     12        1            63          1452          9495          8322
     13        1            67          1707          5884          9538
     14        2          1019          1135          4369          6889
     15        2           883          1475          4942          4662
     16        1            58          1051          7449          4482
     17        2           373          1065          3582          5207
     18        2           775          2788          4545         10133
     19        1            72          1085          4723          7895
     20        2           610          2760          4447          9026
     21        1            51          1928          5253          7348
     22        2           644          1027          5094          2905
     23        2           766          1180          6800          5219
     24        2           576          1412          5700          6485
     25        2           671          1922          6949          5186
     26        2           427           814          4149          6146
     27        1            40           953          2454          3565
     28        2           367          2257          2366          3812
     29        2           550          1627          3425          5092
     30        2           776           767          3177          2707
     31        2           398           681          2166          2426
     32        2           283           816          5751          3042
     33        2           525          1081          3542          5481
     34        1            35           807          2924          3215
     35        1            45           954          3209          6287
     36        2           464          1705          4001          4585
     37        2           527           843          3742          3865
     38        2           397           890          3505          5384
     39        2           469           783          3759          2728
     40        2           328          1169          5089          2916
     41        2           526           739          3266          2970
     42        2           468          1462          5123          4755
     43        1            39          1151          4233          5785
     44        2           402           687          3573          4012
     45        2           462          1181          3525          2584
     46        2           309           835          3779          2497
     47        2           298           997          2184          4037
     48        2           408           707          2505          2347
     49        2           369          1138          3314          4593
