Attempt Distance          Time         TTime
      0        1           165          1939
      1        2           455          1350
      2        2           541          1628
      3        2           403          1365
      4        2           721          1710
      5        2           396          1157
      6        2           514          1345
      7        1            29          1511
      8        2           482          1205
      9        2           515          1165
     10        2           336           959
     11        2           357          1313
     12        1            27          1280
     13        2           289          1013
     14        2           312           951
     15        2           347           958
     16        1            15           997
     17        2           267           968
     18        2           307           970
     19        1            23          1039
     20        2           348          1027
     21        2           280          1080
     22        2           258           981
     23        2           259          1249
     24        2           344          1083
     25        2           415          1422
     26        2           490          1130
     27        1            21          1201
     28        2           435           965
     29        2           232           797
     30        1            10           646
     31        2           152           756
     32        2           286           836
     33        1            11           768
     34        2           176           589
     35        2           241           836
     36        2           212           797
     37        2           164           682
     38        2           205           817
     39        1            12           783
     40        1            13           761
     41        2           206           841
     42        1            21          1063
     43        2           325           861
     44        2           292           826
     45        2           244           939
     46        2           239          1078
     47        2           179           855
     48        1            12           653
     49        2           179           829
Attempt Distance          Time         TTime
      0        1          4584         91077
      1        2         60440         93722
      2        2         70821        102485
      3        2         40871         93634
      4        2         34447         92660
      5        2         66371         77220
      6        2         44419         88768
      7        1          1047         89507
      8        2         20916         77703
      9        2         29811         93603
     10        2         22079         77539
     11        2         25083         97860
     12        1           622         85247
     13        2         21672         89265
     14        2         24878         93011
     15        2         26853         94753
     16        1           677         81742
     17        2         27773         86573
     18        2         24667         97670
     19        1           558         96794
     20        2         36237        106313
     21        2         25841         79856
     22        2         24284         86138
     23        2         78940         81772
     24        2         26924         90704
     25        2         22021         73223
     26        2         27099         93633
     27        1           570         85498
     28        2         23137         91612
     29        2         24820         86348
     30        1           563         78273
     31        2         28216         84740
     32        2         28249         81237
     33        1           562         95801
     34        2         21296         81750
     35        2         22454         88984
     36        2         24425         81197
     37        2         19991         86391
     38        2         22492         79410
     39        1           590         94461
     40        1           733         86887
     41        2         21550         88285
     42        1           607         76890
     43        2         25055         77474
     44        2         21185         66257
     45        2         61876         95025
     46        2         23875         70987
     47        2         21900         82422
     48        1           623         73674
     49        2         21047         97663
Attempt Distance          Time         TTime
      0        1          2352         88396
      1        2         21302         86541
      2        2         25206         82398
      3        2         20815         74852
      4        2         18621         63449
      5        2         21272         88583
      6        2         30960         76435
      7        1           752         88956
      8        2         25189         87754
      9        2         27984         74462
     10        2         22668         87192
     11        2         24266         91213
     12        1           986         94170
     13        2         20146         82460
     14        2         19518         96327
     15        2         22766         80331
     16        1           769         98207
     17        2         25425         90020
     18        2         20489         76727
     19        1          1169         96586
     20        2         23306         78409
     21        2         23999         90927
     22        2         25426         78694
     23        2         37545         76912
     24        2         22709         88931
     25        2         23428         80453
     26        2         26740         95075
     27        1           962         85136
     28        2         21383         95625
     29        2         21361         99426
     30        1           820        101780
     31        2         17238         89697
     32        2         26595         71506
     33        1           655         80930
     34        2         21183         85528
     35        2         23766         93046
     36        2         22054         66531
     37        2         31046         75250
     38        2         24651         83513
     39        1           684         73651
     40        1           801         86080
     41        2         22041         77441
     42        1           846         91970
     43        2         29317         85705
     44        2         25834         95347
     45        2         25390         77326
     46        2         31676         78189
     47        2         21648         94698
     48        1           869         85522
     49        2         19983         92728
