Attempt Distance          Time         TTime
      0        2          1304          2237
      1        2           665          1669
      2        2           687          1257
      3        2           691          1482
      4        2           531          1447
      5        2           600          1348
      6        2           480          1425
      7        2           516          1789
      8        2           700          1176
      9        2           465          1527
     10        1            33          1463
     11        1            90          1202
     12        2           711          1327
     13        1            38           881
     14        2           368           836
     15        1            18           826
     16        1            18           830
     17        2           450          1228
     18        2           407           799
     19        2           299           806
     20        2           430           729
     21        2           280           828
     22        2           311          1214
     23        2           830          2028
     24        1            22           851
     25        1            14           809
     26        2           322           770
     27        1            16           786
     28        1            16           686
     29        1            16           933
     30        2           324           934
     31        2           229           639
     32        2           210           593
     33        1            13           582
     34        2           228           566
     35        2           224           606
     36        2           216           590
     37        1            19          1007
     38        2           448           875
     39        2           206           618
     40        2           213           566
     41        2           212           558
     42        0             2           855
     43        2           267           665
     44        1            13           587
     45        2           196           647
     46        2           189           560
     47        2           209           756
     48        2           335           722
     49        2           277           768
Attempt Distance          Time         TTime
      0        2        109900        116372
      1        2         83220        119394
      2        2         95505         96642
      3        2         60197        109435
      4        2         65162         90443
      5        2         41392        124751
      6        2         68683        124343
      7        2         38282         90810
      8        2         44614        114123
      9        2         41193         86605
     10        1           625        113614
     11        1           936        111369
     12        2         56399        130787
     13        1          1046        114635
     14        2         42983        100766
     15        1           690        121970
     16        1           730        103242
     17        2         40419         97257
     18        2         82060         92816
     19        2         40873         97618
     20        2         36707        104223
     21        2         39583        115489
     22        2         49114        107953
     23        2         30054         92249
     24        1           485         86230
     25        1           751        105469
     26        2         29434         98782
     27        1           510        108459
     28        1           536         94411
     29        1           530        117839
     30        2         38567        115246
     31        2         38846         92517
     32        2         37001        103491
     33        1           757        110755
     34        2         84190         98768
     35        2         43483        113923
     36        2         39311         92573
     37        1           660        112740
     38        2         36478         92316
     39        2         35725        101775
     40        2         35853        101962
     41        2         39896        120816
Standard and transitive algorithms inconsistent (0 != 1)
     43        2         42271        101959
     44        1           524        130109
     45        2         41465        112747
     46        2         33014        103284
     47        2         76953        111484
     48        2         42959        107366
     49        2         37920        124642
