Attempt Distance          Time         TTime
      0        2           506          1795
      1        3          1016          1142
      2        2           127           997
      3        2           125           552
      4        2           126           581
      5        2           100           645
      6        2           119           698
      7        3           936          1656
      8        3           787           996
      9        3           530           892
     10        2           154           913
     11        2            95           878
     12        2            99          1014
     13        2           200          2551
     14        2           164          1005
     15        1            26           911
     16        2           246           964
     17        2           137           783
     18        2            84           741
     19        3           503           736
     20        2           139           813
     21        2           229          1375
     22        3           434           671
     23        2            60           675
     24        3           298           638
     25        2            74           682
     26        2            99           546
     27        2            66           515
     28        2            70           491
     29        3           269           448
     30        2            76           425
     31        2            78           461
     32        3           309           519
     33        2            86           892
     34        3           884           993
     35        2            80           813
     36        3           439           760
     37        2            99           455
     38        3           372           621
     39        3           242           531
     40        3           451           652
     41        2            57           686
     42        2            99           955
     43        3           503          2071
     44        2           116           846
     45        3           479           758
     46        2            83           787
     47        3           424           731
     48        2            98           723
     49        3           482           735
Attempt Distance          Time         TTime
      0        2         20291         93286
      1        3        148067         46248
      2        2          9082         51233
      3        2          9556         64905
      4        2         12976        124545
      5        2         21194         98290
      6        2         12148         65672
      7        3         47782         51218
      8        3         73401         57210
      9        3         58345         75023
     10        2         13244         68429
     11        2         14030         58423
     12        2          6066         43872
     13        2          9700         51880
     14        2         10377         70057
     15        1           610         59994
     16        2          8791         54956
     17        2          9559         54198
     18        2          5627         60178
     19        3         46957         64749
     20        2          5834         53519
     21        2         11574         61116
     22        3         41390         51627
     23        2          5466         68530
     24        3         42599         50086
     25        2          4096         67980
     26        2          7057         69462
     27        2          6157         62471
     28        2          4761         97030
     29        3         69886         98848
     30        2         11161         67906
     31        2          7267         66647
     32        3         41599         50596
     33        2          3462         64185
     34        3         65166         74321
     35        2          5626         62144
     36        3         37400         46197
     37        2          4968         49155
     38        3         34371         75265
     39        3         56644         64989
     40        3         73854         54771
     41        2          3617         56577
     42        2          7842         86866
     43        3         46008         44050
     44        2          5425         45325
     45        3         32444         59085
     46        2          5157         80839
     47        3         35586         47171
     48        2          5601         44093
     49        3         36377         52498
