Attempt Distance          Time         TTime
      0        2           552          1337
      1        2          1673          5196
      2        2           749          1976
      3        2           819          6095
      4        2          1420          5771
      5        2           571          2376
      6        1            79          2822
      7        2           633          1666
      8        2           637          2519
      9        2           841          4379
     10        2           432          1068
     11        2           304          1064
     12        2           499          2144
     13        2           622          1309
     14        2           230           993
     15        2           210           868
     16        2           262          1107
     17        2           478          1762
     18        1            48          4531
     19        2           424           859
     20        2           217          1029
     21        1            28          1246
     22        2           146           717
     23        2           138           539
     24        2           123           451
     25        2           139           629
     26        2           174           675
     27        1            12           721
     28        2           199          1490
     29        2           413           824
     30        2           177           683
     31        2           187           719
     32        2           134           799
     33        2           234           796
     34        2           212           711
     35        2           116           585
     36        2           117           510
     37        2            90           520
     38        2           118           591
     39        2           105           579
     40        2           261          2659
     41        2           222           833
     42        2           257           875
     43        2           248           704
     44        2           118           564
     45        2           101           506
     46        1            10           749
     47        1            13           886
     48        1            26          1287
     49        2           303          1039
Attempt Distance          Time         TTime
      0        2         69000        103218
      1        2         77799        110809
      2        2         33728        116350
      3        2         42142        160521
      4        2         74735        220570
      5        2         60366        123724
      6        1          1981        127514
      7        2         81187        197329
      8        2         69037         95675
      9        2         33968         68532
     10        2         16186         68006
     11        2         18777         77526
     12        2         24510         77090
     13        2         32902         78075
     14        2         18034         92560
     15        2         32605        127894
     16        2         23369         83473
     17        2         16092         73224
     18        1           636        132933
     19        2         23516         72888
     20        2         18915         66170
     21        1           460         64465
     22        2         19734         94124
     23        2         22373        109642
     24        2         25761         87209
     25        2         18414         64853
     26        2         19471         75770
     27        1           535         75751
     28        2         18118        142400
     29        2         30670         74549
     30        2         20993         64503
     31        2         22906        101190
     32        2         24905         76459
     33        2         20155         95401
     34        2         20982         71673
     35        2         14917         82028
     36        2         27195        100887
     37        2         12907         83672
     38        2         28145         93409
     39        2         16171        107038
     40        2         22135         80170
     41        2         17734         73016
     42        2         18328         75280
     43        2         23637        103103
     44        2         18344         65609
     45        2         17777         68077
     46        1           496         79643
     47        1           496         85232
     48        1           532         66499
     49        2         16311        130574
