Attempt Distance          Time         TTime         RTime        RTTime
      0        2          7234          3304         41603         16728
      1        2          2009          2947         14676          6945
      2        2           991          2783          6799          9417
      3        2          1741          1796         10060         16777
      4        2           712          1865         15036          4530
      5        1            48           910          9263          3642
      6        1            46           733          8241          3498
      7        1            42          1464          3561         10168
      8        1            65          1610          3305          4839
      9        1            50          1013          3192          3298
     10        2           326          1670          7821          2493
     11        1            25           593          1736          2031
     12        1            63           831          3100          3057
     13        2           284          1387          3521          4369
     14        2           556          1075          3421          2699
     15        1            26           625          1996          4273
     16        2           461          1070          2948          3440
     17        2           342           925          3843          4281
     18        2           402           901          2840          4346
     19        2           260          1207          2636          5133
     20        2           259           613          3243          3083
     21        1            25           951          1863          4458
     22        1            21           545          1754          1854
     23        2           179           640          2204          2873
     24        2           626           567          2789          1999
     25        2           234           543          1446          1970
     26        2           167           545          1556          2431
     27        1            30           783          3873          3139
     28        1            24           892          1738          2732
     29        1            68           680          1713          3170
     30        2           263           548          1550          1822
     31        2           237           526          1693          2964
     32        2           196           533          1453          2988
     33        2           341           545          2009          1721
     34        0             2           481          1296          1806
     35        2           163           701          2312          2395
     36        2           467           542          1766          1634
     37        2           168           515          1587          2461
     38        1            19           753          1543          3424
     39        2           545           545          3240          1760
     40        2           239           581          1588          1926
     41        2           197           593          1727          2492
     42        2           268           569          1568          2030
     43        1            21           905          2009          2045
     44        2           178           626          2361          3187
     45        1            32           567          2608          2811
     46        2           198           490          1758          1844
     47        2           172           506          1326          2747
     48        1            34           667          1828          2156
     49        1            23           591          2450          1780
