Attempt Distance          Time         TTime
      0        2           597          1770
      1        1            22          2222
      2        2           530          1464
      3        2           418          1741
      4        2           828          1817
      5        1            39          1478
      6        2           541          1262
      7        2           507          2169
      8        2           730          2260
      9        2           763          1846
     10        2           539          1548
     11        2           552          1705
     12        2          1170          1734
     13        2           420          1614
     14        1            19          1479
     15        1            50          1523
     16        2           388          1271
     17        2           621          1758
     18        2           735          2252
     19        2           443          1165
     20        1            18          1464
     21        2           423           990
     22        2           164           863
     23        1            16          1027
     24        2           288           937
     25        1            18          1205
     26        2           472          1609
     27        2           556          1612
     28        2           437          1446
     29        2           332          1228
     30        2           212          1163
     31        2           641          1937
     32        2           502          1426
     33        1            14          1385
     34        2           450          1135
     35        2           292          1204
     36        2           471          1231
     37        2           262           842
     38        2           367          1128
     39        2           298           971
     40        2           226          1243
     41        1            17          1478
     42        2           753          1694
     43        1            63          1797
     44        2           441          1036
     45        2           288           884
     46        1            14           957
     47        1            13           920
     48        1            10           686
     49        2           241           936
Attempt Distance          Time         TTime
      0        2         71953        104622
      1        1          1379        102533
      2        2         62799        123955
      3        2         41442         99477
      4        2         76651         83837
      5        1           984        107426
      6        2         48836         79787
      7        2         23838        103993
      8        2         29020         91702
      9        2         33216         81918
     10        2         35493         79775
     11        2         22975         70701
     12        2         27991         84066
     13        2         28176         73339
     14        1           539        120277
     15        1           728         83501
     16        2         29517         89272
     17        2         29890        104312
     18        2         39588         90550
     19        2         37870        104977
     20        1           626         90669
     21        2         75436         88555
     22        2         27572        118679
     23        1           585         89672
     24        2         30469        100746
     25        1           476         78412
     26        2         23375         83463
     27        2         27949         95307
     28        2         27764         76948
     29        2         25527         95655
     30        2         22451         79054
     31        2         25883         73305
     32        2         25169         82465
     33        1           482         80534
     34        2         24190         88294
     35        2         25479         73137
     36        2         25944         73311
     37        2         24847         97492
     38        2         28335         88528
     39        2         69003         98632
     40        2         22949        104034
     41        1           738        101761
     42        2         39102         96652
     43        1           925         86262
     44        2         24343        109190
     45        2         25545         83152
     46        1           485         79448
     47        1           466         93002
     48        1           545         92265
     49        2         27751        102483
