Attempt Distance          Time         TTime
      0       -1           389          3396
      1        7           133           310
      2       12           101           293
      3        7            73           287
      4       -1            14            13
      5        7            60           219
      6       -1           165          2089
      7        9           101           716
      8       -1           273          2154
      9       -1            16            12
     10       -1           324          1760
     11       -1            25            23
     12       -1            40            26
     13        2            69            98
     14       -1           675          2060
     15        8           382           489
     16       13           175           948
     17       -1           213          1600
     18       -1             9             8
     19       -1           198          1658
     20       -1            25           210
     21       -1           178          1482
     22       -1           179          1417
     23       -1            35            26
     24       10            70           298
     25        8           183           254
     26       -1            24            22
     27        6           108           659
     28       -1            12            16
     29       -1            10            10
     30       -1           166           881
     31       -1            11            11
     32       10            64           430
     33       -1            10            15
     34       -1           183           830
     35       11           140           502
     36       -1            14            20
     37       -1             6            10
     38       -1           235          4180
     39       -1            11            19
     40       -1           188          1822
     41        5            34           260
     42       -1            10            13
     43       -1            14            12
     44       -1             8            10
     45       -1           135          1207
     46       -1             7            10
     47       -1             6            11
     48       12           102           634
     49       -1             4             6
Attempt Distance          Time         TTime
      0       -1         71865        987789
      1        7         23093        139952
      2       12         32923        100629
      3        7         13084         62745
      4       -1          1311          3403
      5        7         20764         69280
      6       -1         43938        898960
      7        9         11910        150861
      8       -1         34549        649504
      9       -1           251           251
     10       -1         32752        613913
     11       -1           213           219
     12       -1           203           215
     13        2           721          5040
     14       -1         28441        409305
     15        8         19331         56801
     16       13         20867        183276
     17       -1         24791        421986
     18       -1           156           174
     19       -1         21315        375761
     20       -1           129           177
     21       -1         23040        384073
     22       -1         22347        370099
     23       -1          1110          5039
     24       10          7597         42945
     25        8         17162         36110
     26       -1           306           234
     27        6         17388         86854
     28       -1           348           745
     29       -1           174           189
     30       -1         23843        419872
     31       -1           216           185
     32       10          9331         84093
     33       -1           861          3075
     34       -1         25667        427620
     35       11          9893         59533
     36       -1           698          1304
     37       -1           214           328
     38       -1         35262        420960
     39       -1           701          2892
     40       -1         24303        342220
     41        5          5814         38417
     42       -1           181           208
     43       -1           189           205
     44       -1           190           269
     45       -1         27630        391132
     46       -1           333          1077
     47       -1           824          2848
     48       12         26064        150841
     49       -1           203           226
