Attempt Distance          Time         TTime
      0        2          1851          2172
      1        1            26          1609
      2        1            26          1765
      3        1            40          2256
      4        1            38          1213
      5        2           458          1163
      6        2           683          1972
      7        2           800          2008
      8        2           808          1877
      9        2           781          1240
     10        1            25          1266
     11        1            29          1196
     12        2           943          2291
     13        1            29          1354
     14        1            28           959
     15        2           311           784
     16        1            19           738
     17        1            14           687
     18        2           278           683
     19        2           346          1023
     20        2           542          1275
     21        2           352          1446
     22        2          1215          1854
     23        1            30          1829
     24        1            20          1167
     25        2           455           949
     26        1            29          1013
     27        2           266           795
     28        1            18           730
     29        1            32          1070
     30        2           430           861
     31        2           349           810
     32        2           318           999
     33        2           330           843
     34        1            19           688
     35        2           279           896
     36        2           291           974
     37        1            13           976
     38        2           295           641
     39        1            17           849
     40        1            15           828
     41        1            14           705
     42        1            31           749
     43        2           256           754
     44        2           289          1203
     45        2           723          1491
     46        0             3          1160
     47        1            19           949
     48        1            20           895
     49        0             2           960
Attempt Distance          Time         TTime
      0        2        107584        128165
      1        1          1922        121180
      2        1          1231        106961
      3        1          1650        120752
      4        1          1593        124910
      5        2         86601        111101
      6        2         43898        101187
      7        2         72508        105771
      8        2         37006        112449
      9        2         43512         99569
     10        1           759        117747
     11        1           773        104231
     12        2         50398        104804
     13        1           742        105816
     14        1           622        116994
     15        2         43200        110043
     16        1           865        111001
     17        1           631        103646
     18        2         47224        102755
     19        2         40473        116126
     20        2         44476        100112
     21        2         77713        102856
     22        2         35641        112451
     23        1           822        110929
     24        1           679        110569
     25        2         36810        105122
     26        1           716        116539
     27        2         61770        112101
     28        1           644        108576
     29        1           663        107551
     30        2         44781        108685
     31        2         38656        100185
     32        2         32002         99773
     33        2         36867         99649
     34        1           675        101059
     35        2         41428        103784
     36        2         66807        111179
     37        1           570        107752
     38        2         42827        105598
     39        1           684        113881
     40        1           962        108246
     41        1           511        113609
     42        1           660        114758
     43        2         38296        109180
     44        2         39232        110033
     45        2         44906         99320
Standard and transitive algorithms inconsistent (0 != 1)
     47        1           632        110041
     48        1           642        112205
Standard and transitive algorithms inconsistent (0 != 1)
Attempt Distance          Time         TTime
      0        2         58180        110822
      1        1          1186        133450
      2        1          1075        115767
      3        1          1000        103691
      4        1           896        114848
      5        2         35239        107625
      6        2         49222        112514
      7        2         40362        104351
      8        2         37133        101403
      9        2         51840         99704
     10        1           951        106894
     11        1           981         98402
     12        2         42981        104874
     13        1          1262        112249
     14        1           793         99224
     15        2         48206        108652
     16        1           915        108157
     17        1           822        106772
     18        2         42465        107344
     19        2         41698         97927
     20        2         39384        102855
     21        2         37703        101762
     22        2         42580         97304
     23        1          1067        113985
     24        1           869        109733
     25        2         38319        125907
     26        1          1433        124631
     27        2         35833        107094
     28        1          1095        113953
     29        1          1379        111094
     30        2         50730         97202
     31        2         40576        111708
     32        2         46555         99972
     33        2         33864        104373
     34        1           865        107020
     35        2         42895        109309
     36        2         45761        109959
     37        1           859        109864
     38        2         37815        107578
     39        1           890        107141
     40        1          1071        113860
     41        1           893        109611
     42        1          1021        114352
     43        2         44823         95228
     44        2         40279        101163
     45        2         44025        105663
Standard and transitive algorithms inconsistent (0 != 1)
     47        1          1454         99686
     48        1          1037        108202
Standard and transitive algorithms inconsistent (0 != 1)
