Attempt Distance          Time         TTime         RTime        RTTime
      0        2          1650          3229         33360         11913
      1        2           375          2669          7161          6190
      2        2           493          2408          5042          7480
      3        2           718          3703          7284          6053
      4        2          1991          1156          7277          4537
      5        2           763          2031          9138          5301
      6        2           681          1450          5392         10249
      7        2           490          1767          3710          7658
      8        1            46          2131          5601         10881
      9        2           396          1415          4176          8272
     10        2          1177           769          3177          4333
     11        2          2296          1027          4699          3510
     12        2           354          2074          8255          4119
     13        2           496          1878          4898          6104
     14        2           288           863          2128          4045
     15        2           652           917          3638          2898
     16        2           228           660          2210          6535
     17        1            30           607          1699          2550
     18        1            31          1196          2397          5285
     19        2           427          1608          3305          4767
     20        1            28          1776          4233          3491
     21        2           459          1045          2377          2958
     22        1            30           689          4761          2462
     23        2           293           859          2495          3881
     24        2           267          1444          4384          2337
     25        2           398          1548          3980          4939
     26        1            42          1106          3093          4639
     27        1            36          1423          9108          5042
     28        1            34          1099          2596          3143
     29        1            23          1571          3064          3852
     30        2           545          1255          4487          4323
     31        2           398          1243          2846          2485
     32        2           420           778          3753          2701
     33        2           228           628          1932          2531
     34        1            25           611          2131          4101
     35        2           531           755          2674          3158
     36        2           257           689          1874          5415
     37        2           347           683          2501          2960
     38        2           321           834          1842          3093
     39        2           515          1127          3774          2476
     40        2           207          1030          2641          2440
     41        1            87           995          2914          2367
     42        2           370          1040          2329          2703
     43        2           428          1052          4002          3423
     44        2           264           756          2952          3143
     45        2           278          1265          5223          2837
     46        2           252          1235          1950          4841
     47        2          1572           732          3586          2098
     48        2           258           761          1940          2131
     49        2           352           745          2325          1942
