Attempt Distance          Time         TTime
      0        2          1075          2520
      1        1            33          1510
      2        1            33          1457
      3        2           539          1353
      4        2           327          1736
      5        2           534          1844
      6        2           538          1542
      7        2           478          1467
      8        2           496          1644
      9        2           430          1200
     10        2           355          1088
     11        2           344          1416
     12        2           625          1396
     13        2           312          1064
     14        2           294          1009
     15        2           259           932
     16        1            31          1304
     17        2           331          1281
     18        2           324           974
     19        2           281           959
     20        1            16          1334
     21        2           252          1063
     22        2           217           648
     23        2           312          1114
     24        2           504          1550
     25        2           372          1900
     26        1            20          1148
     27        2           384          1006
     28        1            19          1018
     29        2           286          1337
     30        2           275           866
     31        2           243           863
     32        1            14           869
     33        2           190           656
     34        1            14           614
     35        1            14           793
     36        2           214          1662
     37        1            13          1044
     38        1            17           971
     39        2           179           779
     40        2           229           808
     41        2           194           690
     42        2           235           968
     43        1            22          1041
     44        2           251          1027
     45        1            13          1095
     46        2           369          1119
     47        2           311          1116
     48        1            18          1315
     49        1            20          1161
Attempt Distance          Time         TTime
      0        2         87322        117899
      1        1          1227         97502
      2        1          1037        102179
      3        2         66222        105564
      4        2         51259         96420
      5        2         52541         88943
      6        2         35800        100583
      7        2         23095         74540
      8        2         21802         87633
      9        2         25956         88082
     10        2         22790         76859
     11        2         34983         72463
     12        2         25661         83353
     13        2         24325         98175
     14        2         26147         85718
     15        2         25725         92055
     16        1           572         84639
     17        2         24531         90018
     18        2         28293        109825
     19        2         31610         80870
     20        1           672         82780
     21        2         64697         77757
     22        2         30176         98697
     23        2         23489         82183
     24        2         22190         82882
     25        2         21055         86028
     26        1           706         90706
     27        2         25753         86957
     28        1           605         86139
     29        2         20996         87167
     30        2         20931         90186
     31        2         21101         84960
     32        1           585         89991
     33        2         23360         92453
     34        1           594         86239
     35        1           619         80409
     36        2         20744         89515
     37        1           584         87146
     38        1           513         85180
     39        2         21919         94484
     40        2         24633         85097
     41        2         22727         84568
     42        2         24449         89187
     43        1           513         81556
     44        2         22450        114436
     45        1         19143         91525
     46        2         25448         83583
     47        2         23228         88323
     48        1           496        107919
     49        1           487        102535
Attempt Distance          Time         TTime
      0        2         24788         90778
      1        1           974         88944
      2        1           817         80791
      3        2         36194         88315
      4        2         21297         90244
      5        2         24122         85520
      6        2         22000         84790
      7        2         21284         92954
      8        2         24601         97530
      9        2         25255         96799
     10        2         21494         87590
     11        2         26950         98052
     12        2         27514         89987
     13        2         23177         90066
     14        2         27524         83610
     15        2         24483         88504
     16        1           975         90725
     17        2         20335         89339
     18        2         24740         94198
     19        2         22645         89233
     20        1           848         88322
     21        2         22029         82689
     22        2         36696         72876
     23        2         31340         77085
     24        2         37418         84340
     25        2         22045        107346
     26        1           979         87552
     27        2         31842         78949
     28        1          5090         75184
     29        2         26896         86044
     30        2         27561         72301
     31        2         26538         71368
     32        1           787         83901
     33        2         29977         70515
     34        1           879         83201
     35        1           901         90130
     36        2         20160         94107
     37        1           953         94210
     38        1           817         90734
     39        2         21119         84400
     40        2         24132         95659
     41        2         24249         86895
     42        2         25568         88349
     43        1           888        101138
     44        2         22147         93170
     45        1           767        104196
     46        2         25821        100973
     47        2         24853         91695
     48        1           913         86298
     49        1           846         90085
