Attempt Distance          Time         TTime
      0        1           141          2512
      1        2           681          1583
      2        2           881          1478
      3        2           401          1527
      4        1            33          1599
      5        2           595          1476
      6        2           537          1518
      7        2           400          1354
      8        2           722          1380
      9        2           367          1502
     10        0             5          1510
     11        2           538          1458
     12        2           425          1388
     13        2           579          1898
     14        2           492          1465
     15        2           443          1378
     16        2           388           983
     17        1            17          1013
     18        2           358          1365
     19        2           565          1502
     20        2           531          1810
     21        2           521          1477
     22        2           389          1094
     23        1            14          1135
     24        2           216           969
     25        2           231          1047
     26        1            16           995
     27        2           345          1166
     28        1            27          1344
     29        2           291          1336
     30        2           435          1365
     31        2           368          1152
     32        2           385          1030
     33        1            15           924
     34        2           235           701
     35        1            17           910
     36        2           240           934
     37        2           307           898
     38        2           292           955
     39        2           217           775
     40        2           184          1159
     41        2           360          1136
     42        1            18          1300
     43        2           266          1067
     44        1            11          1023
     45        2           270           745
     46        2           225           804
     47        2           175           864
     48        2           307           869
     49        1            32           972
Attempt Distance          Time         TTime
      0        1          6106         96526
      1        2         69435         83409
      2        2         54789        112443
      3        2         45406        119146
      4        1          1582        141995
      5        2         76116        104583
      6        2         63616        107436
      7        2         27744         74195
      8        2         32663         69605
      9        2         20937         92236
Standard and transitive algorithms inconsistent (0 != 2)
     11        2         28209         79691
     12        2         23381         95796
     13        2         25295         75630
     14        2         27552         76574
     15        2         28070         97120
     16        2         28943         94020
     17        1           644        116322
     18        2         33920        125075
     19        2         36784         77632
     20        2         28220         82338
     21        2         83469        118799
     22        2         31836         74489
     23        1           400         71207
     24        2         18894         87147
     25        2         34152         87759
     26        1           616         86180
     27        2         29349         85318
     28        1           790        104106
     29        2         24702         79099
     30        2         30180         79959
     31        2         27877        110221
     32        2         35011        104368
     33        1          1197        104196
     34        2         35137        107649
     35        1           929        104499
     36        2         24899         74043
     37        2         42700        168292
     38        2         28759         79249
     39        2         19837         79966
     40        2         28186         88741
     41        2         23044        112665
     42        1           593         82141
     43        2         18801        106429
     44        1           464         84178
     45        2         31930         80394
     46        2         24970         99527
     47        2         26085         73782
     48        2         28875         81408
     49        1           520        122311
