Attempt Distance          Time         TTime         RTime        RTTime
      0        1           142          4188         21856          5845
      1        2           350          1090          4366          4045
      2        2           412           996          4339          4220
      3        0            11          1023          3985          5305
      4        1            94          1267          5334          5118
      5        2           232          1294          8936          3025
      6        2           195          1117          4827          3608
      7        2           336          1001         11059          4445
      8        2           220          2456          8243          5648
      9        3          1024           671          4444          2401
     10        2           116           840          1850          7760
     11        2           240           822          2943          8317
     12        1            24           746          5161          4152
     13        2           364          1337          4842          9077
     14        2           247          1211          3946         13649
     15        2           148           941         14661         15461
     16        2           194           796          6225          8608
     17        2           175          1439          2443         15703
     18        1            75           483          1846          7073
     19        2           179          1133          3422          3167
     20        1            21          1572          2434          2463
     21        2           145           678          2228          1811
     22        1            23           454          1774          4614
     23        2           512           819          2474          2274
     24        2           132           397          1813          1976
     25        2           105          1021          2537          2435
     26        2           148           438          1828          2652
     27        2           200           400          3086          4630
     28        2          1934          1179          3023          2589
     29        2           128           786          3670          3876
     30        2           109           719          2075          2204
     31        2           212           748          2155          6876
     32        1            30           762          2420          2583
     33        2           145           722          2712          6049
     34        2           138           788          2219          3326
     35        2           319           806         11783          2349
     36        3           570          1638          3082          6532
     37        2           140           791          1933          2426
     38        2           144           788          2848          8740
     39        2           110           701          1500          1683
     40        2          1753           952          2895          3185
     41        2           143           506          1983          1625
     42        2           199          1486          7692          1551
     43        2           108           794          2987          2718
     44        2           226           401          6151          2598
     45        2           120           488          2061          2196
     46        1            16          2131          5563          2977
     47        1            28           629          1932          2496
     48        1            27          1054          4187          2405
     49        3           283           600          1656          1652
