Attempt Distance          Time         TTime
      0        1           224          1612
      1        2           281          1103
      2        2           592          1656
      3        2           467          1369
      4        2           397          1181
      5        0             4          1394
      6        1            30          1130
      7        2           253           772
      8        2           360           784
      9        2           248           796
     10        1            32          1385
     11        2           312           809
     12        2           243           761
     13        2           175           470
     14        2           272           721
     15        2           342          1204
     16        1            23           541
     17        2           210           574
     18        2           306           496
     19        2           155           603
     20        2           172           513
     21        1            14           461
     22        1            12           598
     23        1            13           566
     24        2           164           532
     25        2           174           540
     26        1            17           476
     27        2           204           456
     28        2           172           451
     29        2           124           428
     30        2           170           467
     31        1            12           667
     32        2           181           470
     33        2           145           497
     34        2           144           519
     35        2           270           537
     36        1            13           775
     37        2           169           502
     38        2           221           758
     39        2           239           540
     40        1            18           656
     41        2           145           575
     42        2           217           660
     43        1            15           543
     44        2           158           528
     45        2           145           510
     46        1            11           465
     47        2           154           604
     48        2           227           569
     49        1            12           540
Attempt Distance          Time         TTime
      0        1          4934        106854
      1        2         61735        108301
      2        2         67727        121134
      3        2         69865         92680
      4        2         74557        139480
Standard and transitive algorithms inconsistent (0 != 1)
      6        1          1310         93691
      7        2         45867        105355
      8        2         42814         90629
      9        2         27102         93042
     10        1           676         84944
     11        2         26885         89806
     12        2         27812         86787
     13        2         23099         94152
     14        2         32488         83430
     15        2         34023         96618
     16        1           710         93291
     17        2         42092        125236
     18        2         82912        109736
     19        2         54042         93074
     20        2         25272         94129
     21        1           485         71430
     22        1           702         96826
     23        1           642         96480
     24        2         27327         97023
     25        2         26820         87634
     26        1           791        106674
     27        2         28089        102917
     28        2         40170        111969
     29        2         21212         87662
     30        2         30452         96033
     31        1           591        113648
     32        2         25964         92660
     33        2         22917        109835
     34        2         35203        129782
     35        2         28440         97690
     36        1           591        101824
     37        2         32060         97222
     38        2         25270        118579
     39        2         63439         84579
     40        1           653        113571
     41        2         23864         88471
     42        2         30839        108001
     43        1           687        111368
     44        2         27331        120555
     45        2         22240         85052
     46        1           460         93822
     47        2         29250         90047
     48        2         23855        122482
     49        1           945        120735
Attempt Distance          Time         TTime
      0        1          2073         85304
      1        2         25360        100673
      2        2         26001         89364
      3        2         49969         93100
      4        2         26752         93220
Standard and transitive algorithms inconsistent (0 != 1)
      6        1           954         89298
      7        2         21793         86311
      8        2         29697         74039
      9        2         22284        100758
     10        1           871        100027
     11        2         24579         88637
     12        2         31892        100759
     13        2         32036        104764
     14        2         32752         81895
     15        2         35246        101187
     16        1          1077        100384
     17        2         29289         99563
     18        2         29305         97221
     19        2         27984        103813
     20        2         28209         78796
     21        1           857        120265
     22        1          1383        110146
     23        1           825        100847
     24        2         24427         95276
     25        2         26177         82941
     26        1           958        100303
     27        2         27620        109294
     28        2         31176         86396
     29        2         32632         87738
     30        2         25933        107592
     31        1           848         82381
     32        2         24314         94717
     33        2         20767         94096
     34        2         23228         81629
     35        2         45187         85704
     36        1           813         98448
     37        2         26784         82145
     38        2         32834         91690
     39        2         31870         97441
     40        1           995         92137
     41        2         20901         98400
     42        2         28362        104744
     43        1           890         91950
     44        2         25759         98584
     45        2         23953         92231
     46        1           756         81731
     47        2         22785         91183
     48        2         23531         96769
     49        1           920         91268
