Attempt Distance          Time         TTime
      0        1           199          2851
      1        2           608          1767
      2        2           609          1661
      3        2           470          1791
      4        1            30          2223
      5        2           533          1556
      6        2           621          1964
      7        1            24          1556
      8        2           658          1945
      9        2           919          1420
     10        2           560          1668
     11        1            29          1634
     12        2           490          1422
     13        2           533          1428
     14        2           372          1341
     15        1            21          1597
     16        2           470          1463
     17        1            27          1594
     18        2           581          1744
     19        1            28          1613
     20        1            71          1419
     21        2           334           996
     22        2           326          1167
     23        2           391          1296
     24        2           230           908
     25        2           325          1109
     26        2           340          1123
     27        2           344          1801
     28        2           351          1399
     29        2           341          1067
     30        2           434          1103
     31        2           254           920
     32        1            14         12723
     33        2           185           514
     34        2           162           438
     35        2           129           479
     36        2           165           600
     37        1            13           460
     38        2           150           499
     39        2           156           453
     40        1            11           498
     41        0             1           453
     42        2           142           417
     43        1            27           453
     44        1            12           413
     45        1            11           411
     46        1            11           410
     47        2           160           504
     48        2           169           565
     49        2           214           535
Attempt Distance          Time         TTime
      0        1          5749         85105
      1        2         72907        102382
      2        2         53626        112775
      3        2         50076         91755
      4        1          1453         95990
      5        2         45317         95596
      6        2         27159         78812
      7        1           844         81593
      8        2         35192         84794
      9        2         35131         91453
     10        2         32977         85556
     11        1           684         89354
     12        2         24172         96422
     13        2         24886         92037
     14        2         23101         90299
     15        1           664         91342
     16        2         27072         87820
     17        1           601         92611
     18        2         24148         88260
     19        1           608         88407
     20        1           680         91046
     21        2         27640         91579
     22        2         24124         89408
     23        2         67273         84544
     24        2         23069         88299
     25        2         29269         96604
     26        2         28396         75033
     27        2         24718         79695
     28        2         28925         69000
     29        2         22706         78484
     30        2         23659         72980
     31        2         24546         71044
     32        1           550         89334
     33        2         30612         81471
     34        2         25662         83296
     35        2         22557         79450
     36        2         25219         79785
     37        1           677         75120
     38        2         27203         79771
     39        2         23146         80713
     40        1           511         85740
Standard and transitive algorithms inconsistent (0 != 2)
     42        2         24520        107604
     43        1          1157        101239
     44        1           636         85214
     45        1           625         87731
     46        1           596         83016
     47        2         29891         87195
     48        2         26690         85776
     49        2         25195        103916
Attempt Distance          Time         TTime
      0        1          2156         83483
      1        2         22975         87030
      2        2         25913         89113
      3        2         24176         95364
      4        1           825        102942
      5        2         24563         93360
      6        2         27909         74993
      7        1           852         93264
      8        2         32170         76414
      9        2         29640         85648
     10        2         35466         85669
     11        1           828         96166
     12        2         23195         88140
     13        2         25052        109741
     14        2         23581         96111
     15        1           740         94314
     16        2         22442         84556
     17        1           946         92463
     18        2         22809         84181
     19        1           871         97349
     20        1           813         86595
     21        2         34317         88190
     22        2         26967         86678
     23        2         25435        110502
     24        2         40013        109558
     25        2         43015        151877
     26        2         27958         95508
     27        2         37627        149181
     28        2         25068         89206
     29        2         22697        150971
     30        2         57264         74109
     31        2         31976        122761
     32        1          2529        103931
     33        2         41267         92040
     34        2         33052        161496
     35        2         25975        105334
     36        2         27331        157646
     37        1          2332        102812
     38        2         24366         77603
     39        2         25045        160807
     40        1           974         79671
Standard and transitive algorithms inconsistent (0 != 2)
     42        2         34680        130852
     43        1           872         82856
     44        1           776        104710
     45        1           979        149598
     46        1          1991        101961
     47        2         24541         92308
     48        2         47189        134883
     49        2         23480         77746
