Attempt Distance          Time         TTime         RTime        RTTime
      0        1           221          4001         37886          7333
      1        2          5108          1308         15669          4535
      2        2          1101          1486          8883          6915
      3        1            50          2332          7754          6151
      4        2           921           901          6879          3588
      5        0             8          1671          3309          4999
      6        2           705          1252          4835          7497
      7        2           647          2249          8122          8473
      8        2           660          3641          5036          6773
      9        1            43          1897          4690          5920
     10        2           565          3438          5630          9108
     11        2           536          2130          4862          5387
     12        2           514          1066          6387          7078
     13        1            36          1190          3282          7027
     14        1            55          2066          3624          4616
     15        2           822          1362          8819          4279
     16        2           589          1568          4090          3625
     17        1            36          1029          2623          3087
     18        2           585          1540          3908          4060
     19        2           644           817          2987          2650
     20        2           854           882          3106          2856
     21        2           544          1127          2963          4319
     22        2           671           766          3057          2670
     23        2           371           828          2236          2384
     24        1            19           737          3430          2392
     25        2           423           732          2440          2441
     26        2           387           859          2299          4318
     27        1            42           814          1962          2801
     28        1            36           744          2436          2943
     29        2           836           782          2747          2979
     30        2           514           874          2705          2360
     31        2           283           911          3715          2500
     32        1            25           675          1879          2222
     33        1            36           799          2921          3759
     34        2           427           688          1957          2794
     35        2           404           701          1938          2149
     36        2           273          1131          4279          2492
     37        2           412           775          3122          3392
     38        2          2297           902          4282          2819
     39        1            30           662          2348          2578
     40        1            33           994          5589          3932
     41        2           461           726          2252          4762
     42        2           655          1205          2574          2338
     43        1            22          1166          3196          6597
     44        1            40           754          3523          3801
     45        2           377          1019          6359          3145
     46        2           335           708          2049          2304
     47        1            24          1699          1773          6174
     48        1            28           717          1878          2776
     49        2           357           671          1857          5402
