Attempt Distance          Time         TTime
      0        2           731          1886
      1        2           325           949
      2        2           360           873
      3        2           330           937
      4        1            43           974
      5        2           413          1289
      6        2           525          1180
      7        2           525          1302
      8        2           394           876
      9        2           418          1343
     10        2           330           904
     11        1            22           960
     12        1            32          1393
     13        2           463          1250
     14        1            32          1199
     15        2           415          1270
     16        2           418          1224
     17        2           282           571
     18        1            15           691
     19        2           284           829
     20        2           184           552
     21        2           182           489
     22        2           178           477
     23        2           171           467
     24        2           157           462
     25        2           154           564
     26        2           381           751
     27        2           282           774
     28        1            22           735
     29        2           196           640
     30        2           526           804
     31        1            19           693
     32        2           243           669
     33        2           189           663
     34        2           308           682
     35        2           217           729
     36        2           345           794
     37        2           239           751
     38        1            27           519
     39        2           130           509
     40        2           157           597
     41        1            14           554
     42        1            17           564
     43        1            17           559
     44        1            14           521
     45        2           156           484
     46        2           166           499
     47        1            11           713
     48        2           183           533
     49        2           200           491
Attempt Distance          Time         TTime
      0        2         73758         91708
      1        2         54526        103459
      2        2         54888        103474
      3        2         54895        108129
      4        1          1379         91396
      5        2         52844         89563
      6        2         63463         96036
      7        2         31898         92347
      8        2         45698        106003
      9        2         32275         85620
     10        2         75986         87255
     11        1           547         80479
     12        1           739        101489
     13        2         28784        100871
     14        1           729         95971
     15        2         38305         90944
     16        2         30084        100039
     17        2         28290         99778
     18        1           642        100101
     19        2         38521        112493
     20        2         26020         97149
     21        2         30031         94644
     22        2         35903         84399
     23        2         30597         92718
     24        2         30965        101035
     25        2         35342         93445
     26        2         36077         83593
     27        2         69144         94650
     28        1           610        101449
     29        2         31533        102068
     30        2         30583         83416
     31        1           539        104180
     32        2         32016        108482
     33        2         35075        112676
     34        2         30432        100186
     35        2         51216        121654
     36        2         28896         86556
     37        2         26456        100591
     38        1           563        101650
     39        2         31856        128323
     40        2         31429        147554
     41        1           624        100858
     42        1          8467        110970
     43        1           620        101250
     44        1           526         85623
     45        2         26602         91446
     46        2         29902         95094
     47        1           603        102604
     48        2         74167         90464
     49        2         33274         90762
