Attempt Distance          Time         TTime
      0        2           515          2228
      1        2           647          1228
      2        2           360          1047
      3        2           416          1017
      4        2           418          1166
      5        2           455          1347
      6        0             6          1556
      7        1            21          1317
      8        2           617          1484
      9        1            50          1089
     10        1            25           698
     11        2           168           564
     12        2           252           550
     13        1            16           541
     14        2           207           619
     15        2           148          1096
     16        2           395          1553
     17        2           417          1142
     18        2           292           757
     19        2           224           749
     20        1            22           813
     21        2           271           706
     22        1            31           664
     23        2           269           889
     24        2           251          1332
     25        2           333          1641
     26        2           306           967
     27        2           331           816
     28        1            28          1029
     29        2           279          1008
     30        2           238           556
     31        1            12           584
     32        2           168           532
     33        1            10           483
     34        2           174           538
     35        1            27           913
     36        2           419          1478
     37        2           171           726
     38        2           148           507
     39        2           141           549
     40        2           220           528
     41        1            14           483
     42        1            15           593
     43        2           232           592
     44        2           145           577
     45        2           245           610
     46        2           362           606
     47        1            13           503
     48        2           327           821
     49        1            83          1264
Attempt Distance          Time         TTime
      0        2         69292        114297
      1        2         78822        128911
      2        2         65391        132085
      3        2         67221        100770
      4        2         64225         99489
      5        2         53713        126263
Standard and transitive algorithms inconsistent (0 != 2)
      7        1           643         92601
      8        2         30290        102879
      9        1           714         98324
     10        1           645         94074
     11        2         25033        100378
     12        2         40738         98067
     13        1           669         94292
     14        2         30330         92482
     15        2         29061         99051
     16        2         30646         95971
     17        2         96916        105341
     18        2         37391         87649
     19        2         25142        100009
     20        1           751        100817
     21        2         33208         98192
     22        1           866        103610
     23        2         40295         90598
     24        2         33972         83773
     25        2         31507         91737
     26        2         29044        102607
     27        2         32814        101057
     28        1           673         95762
     29        2         26472         97598
     30        2         28355         79433
     31        1           570         96165
     32        2         27192        100470
     33        1           561        112370
     34        2         35985        101277
     35        1           609        100323
     36        2         74305         91906
     37        2         30116         88873
     38        2         31731        111995
     39        2         35176        136207
     40        2         30903         98161
     41        1           640         99692
     42        1           900        102278
     43        2         32212         79127
     44        2         31601         82196
     45        2         34412         87515
     46        2         24111         89987
     47        1           601         93671
     48        2         28052        102548
     49        1           648        117916
Attempt Distance          Time         TTime
      0        2         26390         92033
      1        2         28849        106045
      2        2         24379         93561
      3        2         26590         98778
      4        2         34513        101474
      5        2         34399        100686
Standard and transitive algorithms inconsistent (0 != 2)
      7        1           923         99545
      8        2         25982         89546
      9        1           936         91647
     10        1           873         93353
     11        2         22001         97341
     12        2         44260         76916
     13        1          1023        100135
     14        2         27120         95096
     15        2         25339         98341
     16        2         27894        126928
     17        2         37011         85665
     18        2         44344         76488
     19        2         32738         94470
     20        1           878        111259
     21        2         40211         74964
     22        1           913         95683
     23        2         25211         90059
     24        2         32837         83702
     25        2         34007         80979
     26        2         34772         82542
     27        2         35997         98760
     28        1           890         81468
     29        2         36902         81773
     30        2         43349        100218
     31        1          1492        108111
     32        2         40021         80830
     33        1          1044         91319
     34        2         27945         92979
     35        1          1002         92271
     36        2         28728         86883
     37        2         30259         88661
     38        2         26218         94028
     39        2         35166         80330
     40        2         36330         82021
     41        1           918         93578
     42        1           925         97307
     43        2         28384         93933
     44        2         23929         93312
     45        2         33719        100860
     46        2         37407         96064
     47        1          2568        119151
     48        2         33195        127348
     49        1           878        100534
