Attempt Distance          Time         TTime
      0        2           714          1924
      1        2           447          1439
      2        1            40          1244
      3        2           431          1239
      4        2           249          1058
      5        2           408          1191
      6        1            27          1299
      7        2           352          1281
      8        2           331          1385
      9        2           313          1271
     10        2           390          1062
     11        2           275           957
     12        2           348          1175
     13        2           157           999
     14        1            14          1015
     15        2           277          1140
     16        2           167           848
     17        1            17           801
     18        2           243           804
     19        2           176           735
     20        1            17           918
     21        2           208           708
     22        2           226           751
     23        1            12           767
     24        2           164           751
     25        2           197           762
     26        2           187           727
     27        2           302           811
     28        2           218           775
     29        1            10           816
     30        2           153           828
     31        1            10           692
     32        2           298           827
     33        2           266           836
     34        2           167           838
     35        2           228          1070
     36        2           422          1484
     37        2           245          1165
     38        2           470          1033
     39        2           175           697
     40        1            12           556
     41        2           111           606
     42        2           123           717
     43        2           245           852
     44        2           178           721
     45        2           162           521
     46        2           158           572
     47        2           152           627
     48        2           159           935
     49        1            11           852
Attempt Distance          Time         TTime
      0        2         67112         96388
      1        2         37804         94947
      2        1          1479         99726
      3        2         34670         99964
      4        2         37413         88630
      5        2         46324         69675
      6        1          1077         80716
      7        2         51799         92968
      8        2         22973         70170
      9        2         19462         68383
     10        2         22380         80108
     11        2         16830         96277
     12        2         23499         74105
     13        2         11857         75353
     14        1           497         81894
     15        2         28808        106693
     16        2         14352         72220
     17        1           605         83007
     18        2         17190         71366
     19        2         16146         95262
     20        1           538         76866
     21        2         29368         78378
     22        2         25770         87116
     23        1           610         77677
     24        2         21151         75551
     25        2         20939         73515
     26        2         25256         91470
     27        2         26420         78346
     28        2         23643         78587
     29        1           482         76876
     30        2         19132         90856
     31        1           505         81587
     32        2         27262         74451
     33        2         23173         71144
     34        2         19952         94611
     35        2         17590         69230
     36        2         68410         77803
     37        2         19128         66786
     38        2         21314         93895
     39        2         20231         68348
     40        1           562         74139
     41        2         19790         70851
     42        2         19238         92200
     43        2         19231         73053
     44        2         20187         68520
     45        2         19702         69523
     46        2         22764         99179
     47        2         23397         71825
     48        2         23324         72402
     49        1           480         75389
