Attempt Distance          Time         TTime
      0        2           983          2201
      1        2           550          1450
      2        2           484          1445
      3        2           525          1485
      4        2           663          1881
      5        1            36          1802
      6        2           808          1906
      7        1            54          1830
      8        1            44          2287
      9        2          1491          2045
     10        0             5          1993
     11        1            67          2218
     12        1            39          1565
     13        2           715          1594
     14        2           435          1272
     15        1            25          1162
     16        2           453          1344
     17        2           546          1135
     18        1            30          1151
     19        1            30          1061
     20        2           658          1563
     21        2           580          1548
     22        1            39          1616
     23        2           446           960
     24        2           418           847
     25        2           456          1077
     26        1            26          1289
     27        2           453          1474
     28        2           575          1356
     29        2           517          1257
     30        1            29          1151
     31        1            22           976
     32        1            17           959
     33        2           385           926
     34        2           362           826
     35        2           421           805
     36        1            25          1161
     37        2           317           732
     38        1            17           832
     39        2           548          1183
     40        1            23          1295
     41        1            29          1332
     42        2           474          1209
     43        1            42          1482
     44        2           437          1164
     45        1            28          1250
     46        1            24          1084
     47        2           401          1269
     48        2           385          1264
     49        1            59          1373
Attempt Distance          Time         TTime
      0        2        106983        149281
      1        2         77699        151308
      2        2        106068        148962
      3        2        128139        112000
      4        2         84892         92506
      5        1           546         87254
      6        2         44548         97887
      7        1           705        114518
      8        1           645        109715
      9        2         40654        115027
Standard and transitive algorithms inconsistent (0 != 2)
     11        1           943         97228
     12        1           650        115251
     13        2         48954        101451
     14        2         40282        109830
     15        1           747        104406
     16        2         49664        108147
     17        2         45200        125525
     18        1           751        104697
     19        1          1108        118142
     20        2         40208        104064
     21        2         85043        108003
     22        1           603        107987
     23        2         47220        115491
     24        2         56933        122006
     25        2         46129        123349
     26        1          1171        119221
     27        2         40087        116084
     28        2         40796        114317
     29        2         44450        119153
     30        1           730        114878
     31        1           857        125952
     32        1           740        126726
     33        2         48715        114689
     34        2         45566        139051
     35        2         78399        108672
     36        1           618        100425
     37        2         45653        102568
     38        1           624        118562
     39        2         45172        115151
     40        1           757        112930
     41        1           793        107468
     42        2         40915        100105
     43        1           674        116335
     44        2         44432        115511
     45        1           781        135281
     46        1           987        117446
     47        2         36128         97549
     48        2         35547        109033
     49        1           720        101042
