Attempt Distance          Time         TTime
      0        2          1082          1731
      1        1            28          1377
      2        1            21          1343
      3        2           498          1150
      4        2           401          1197
      5        1            84          2624
      6        2           682          1775
      7        2           647          1921
      8        2           906          1810
      9        2           919          1911
     10        0             5          2197
     11        2           646          1632
     12        2           701          1169
     13        2           563          1154
     14        1            31          1070
     15        2           320           865
     16        1            39          1034
     17        2           537           698
     18        1            53           741
     19        2           270           695
     20        2           313           727
     21        1            16           754
     22        1            16           596
     23        2           301           606
     24        1            15           887
     25        2           428           938
     26        2           597          1212
     27        1            28          1374
     28        2           485          1057
     29        1            38          1014
     30        2           309           750
     31        1            13           763
     32        2           223           611
     33        2           218           560
     34        2           207           573
     35        1            13           693
     36        2           247           670
     37        2           230           624
     38        1            14           698
     39        1            13           651
     40        2           271           930
     41        1            14           702
     42        1            34          1025
     43        1            19          1741
     44        2           302           744
     45        1            16           679
     46        2           227           748
     47        2           271           875
     48        2           327          1024
     49        1            13           770
Attempt Distance          Time         TTime
      0        2        110303        116575
      1        1          1793        145602
      2        1          1488        117347
      3        2         85785        124905
      4        2         88215        119819
      5        1          1441        110081
      6        2         54566        108092
      7        2         62041        107171
      8        2         43731        112658
      9        2         39859        108351
Standard and transitive algorithms inconsistent (0 != 1)
     11        2         37389         97155
     12        2         40375        110130
     13        2         44573        109756
     14        1          1988        113598
     15        2         50965        135064
     16        1           740        101360
     17        2         45757        108228
     18        1           610        110750
     19        2         34695        100112
     20        2         85695        106314
     21        1           655        112105
     22        1           684        110713
     23        2         38607         96728
     24        1           755        108974
     25        2         34753         98865
     26        2         47034        110739
     27        1           736        101568
     28        2         34632        101261
     29        1           572        104792
     30        2         41701        112384
     31        1           642        103377
     32        2         39241         94064
     33        2         37475        124652
     34        2         36412         99269
     35        1           598         93424
     36        2         66706         94047
     37        2         32300        103276
     38        1           726         92955
     39        1          1515        107618
     40        2         34701         98881
     41        1           621        103468
     42        1           772        104224
     43        1          1015         98490
     44        2         40322        100613
     45        1           682         99881
     46        2         38498        101289
     47        2         28491         98914
     48        2         33029        104048
     49        1           750        102688
Attempt Distance          Time         TTime
      0        2         39054        100565
      1        1          1009        105694
      2        1          1088        104383
      3        2         47387        109989
      4        2         38615        100743
      5        1           928        121044
      6        2         30223        100009
      7        2         48267        106152
      8        2         36725        109553
      9        2         38861        103128
Standard and transitive algorithms inconsistent (0 != 1)
     11        2         47934        105207
     12        2         30188         98916
     13        2         37038        100060
     14        1           905        100679
     15        2         44950        110131
     16        1          1003        100200
     17        2         41105        105136
     18        1          1028        107612
     19        2         36738        111003
     20        2         48787        109649
     21        1          1006        107450
     22        1          1018        101820
     23        2         40491        107852
     24        1           983        110713
     25        2         35943         99802
     26        2         49525        103642
     27        1           957        109310
     28        2         34586        104137
     29        1          1131        101721
     30        2         39886        101490
     31        1           871        112262
     32        2         47374        110157
     33        2         35137        107091
     34        2         35180        101244
     35        1           901        112751
     36        2         49994        102213
     37        2         35542        103859
     38        1           920        110066
     39        1          1029         97760
     40        2         35227        108528
     41        1           932        108618
     42        1          1010        104426
     43        1           984        109626
     44        2         54599        101693
     45        1           919        105314
     46        2         41521        124171
     47        2         34051         89739
     48        2         46435         94628
     49        1           894        120216
