Attempt Distance          Time         TTime
      0        2           897          1962
      1        1            51          1696
      2        2           387           874
      3        1            44          1405
      4        2           512          1523
      5        2           550          1580
      6        1            46          1364
      7        2           331          1218
      8        2           477          1097
      9        1            27          1053
     10        2           301           744
     11        2           405          1384
     12        2           394           909
     13        1            27           958
     14        2           303           869
     15        2           334           889
     16        2           242           485
     17        1            15           466
     18        2           158           446
     19        1            49           646
     20        1            21           862
     21        2           215           797
     22        1            25           682
     23        1            15           662
     24        1            17           504
     25        2           146           528
     26        1            14           488
     27        2           155           532
     28        1            23           519
     29        2           149           609
     30        1            11           491
     31        1            11           522
     32        2           144           436
     33        1            13           704
     34        2           370          1104
     35        2           342           993
     36        2           275           785
     37        1            33           869
     38        1            16           512
     39        2           200           519
     40        2           150           460
     41        1             9           512
     42        2           188           610
     43        2           321           740
     44        2           212           722
     45        2           241           756
     46        2           171           499
     47        1            13           564
     48        2           178           509
     49        2           201           692
Attempt Distance          Time         TTime
      0        2         91375         89200
      1        1          1446        102565
      2        2         50743        106190
      3        1           855        129305
      4        2         55336         99631
      5        2         72240        112469
      6        1           823         82826
      7        2         27135         83354
      8        2         32659         99131
      9        1           749         82651
     10        2         30189         81700
     11        2         32562        109065
     12        2         29384         84027
     13        1           593         89565
     14        2         30445        110806
     15        2         41109         82029
     16        2         67641         74194
     17        1           644        103516
     18        2         36522        111492
     19        1           560        106198
     20        1           638        116516
     21        2         27741        125065
     22        1           609        107152
     23        1           633        109084
     24        1          1724         95730
     25        2         26260         90487
     26        1           590        102788
     27        2         30358         89918
     28        1           807        106387
     29        2         38373         86656
     30        1          1410         91364
     31        1           764        113758
     32        2         36574         84920
     33        1           533         86941
     34        2         33006         96053
     35        2         37086         95421
     36        2         31713         98993
     37        1           657        108332
     38        1           642         94820
     39        2         26728         84509
     40        2         33576        108688
     41        1           571         93419
     42        2         35480         85735
     43        2         70900         97172
     44        2         28866        112773
     45        2         35130        103429
     46        2         31098        111904
     47        1           804         97566
     48        2         38841        117677
     49        2         27081         99981
