Attempt Distance          Time         TTime
      0        2           558          1944
      1        2           847          1569
      2        1            21          1269
      3        2           247          1614
      4        2           683          1736
      5        2           347          1697
      6        2           455          2042
      7        2           347          2144
      8        1            31          2056
      9        2           513          1767
     10        2           414          2110
     11        2           572          1412
     12        2           248          1196
     13        2           213          1218
     14        2           217          1000
     15        2           189          1126
     16        2           171          1097
     17        2           318          1326
     18        2           462          2272
     19        2           686          2159
     20        2           469          1802
     21        2           514          2653
     22        2           374          1649
     23        1            39          1862
     24        2           373          1367
     25        2           420          1605
     26        2           297          1928
     27        2           416          1366
     28        2           310          1301
     29        2           466          1344
     30        2           207          1123
     31        2           890          1451
     32        2           194          1256
     33        2           226          1382
     34        2           230          1300
     35        2           215          1117
     36        2           215          1104
     37        2           216          1097
     38        2           385          1676
     39        2           183           925
     40        2           149          1167
     41        2           233          1140
     42        2           244          1155
     43        1            19          1293
     44        2           198          1469
     45        2           304          2191
     46        2           264          1909
     47        2           342          1727
     48        1            23          1656
     49        2           326          1891
Attempt Distance          Time         TTime
      0        2         62135         93209
      1        2         49696         79216
      2        1          1397         90032
      3        2         24451         85044
      4        2         46319         89085
      5        2         23749        118065
      6        2         28881         77545
      7        2         25438         76175
      8        1           709         74950
      9        2         35410         73554
     10        2         24645         59738
     11        2         11017         68054
     12        2         37904         64829
     13        2         19698         60631
     14        2         16876         63490
     15        2         10183         60193
     16        2          9910         57356
     17        2         15330         55023
     18        2          8017         86065
     19        2         18590         85254
     20        2         16176         68460
     21        2         17796         82971
     22        2         15485         65176
     23        1           638         92298
     24        2         20078         89408
     25        2         18330         83135
     26        2         10418         60502
     27        2         12688         63006
     28        2         14320         58813
     29        2         13687         54136
     30        2          8348         56837
     31        2         14976        110400
     32        2         16417         60907
     33        2         12818         65206
     34        2         12146         54495
     35        2         12795         65174
     36        2         14693         66625
     37        2         11661         85297
     38        2         14120         73733
     39        2         14667         78044
     40        2         12795         73192
     41        2         13164         70461
     42        2         13253         93448
     43        1           786        110588
     44        2         17469         90737
     45        2          9694         72127
     46        2          7469         66937
     47        2         15035         82448
     48        1           375         70202
     49        2         14478         77761
