Attempt Distance          Time         TTime
      0        2          1009          1928
      1        2           621          1274
      2        1            28          1349
      3        2           707          1848
      4        1            36          1531
      5        2           577          1683
      6        2           580          1553
      7        2           432          1384
      8        2           468          1802
      9        1            33          1681
     10        2           512          1045
     11        0             4          1263
     12        2           345          1843
     13        2           616          1145
     14        1            21           786
     15        2           285           690
     16        1            18           739
     17        2           243           815
     18        1            59           846
     19        1            21           916
     20        2           324           684
     21        1            15           695
     22        1            12           750
     23        2           252           609
     24        2           237           576
     25        2           301          1008
     26        2           501          1190
     27        2           416          1024
     28        2           320           959
     29        2           324           823
     30        2           264           710
     31        1            14           710
     32        2           235           752
     33        1            28           618
     34        2           178           510
     35        2           184           527
     36        2           197           613
     37        2           219           559
     38        2           173           553
     39        1            12           534
     40        2           437           676
     41        2           302           765
     42        2           252           747
     43        1            13           595
     44        2           178           577
     45        2           158           561
     46        2           182           548
     47        1            15           583
     48        2           189           541
     49        2           242           565
Attempt Distance          Time         TTime
      0        2         99472        123306
      1        2         76151        103497
      2        1          1191        140577
      3        2         81812         98610
      4        1          1373        133981
      5        2         85929        107271
      6        2         70261         88609
      7        2         53134        127185
      8        2         62868         75541
      9        1           777         94802
     10        2         46500        112777
Standard and transitive algorithms inconsistent (0 != 1)
     12        2         27430        125198
     13        2         33215        105229
     14        1           688         88580
     15        2         37176        122444
     16        1           810        128527
     17        2         46833        112517
     18        1           751        104353
     19        1           787         91087
     20        2         37806         95608
     21        1           625        115234
     22        1           523         90135
     23        2         41998         85287
     24        2         37450        139719
     25        2         45053        147423
     26        2         64605        122718
     27        2         37541         97530
     28        2         30924         94318
     29        2         32202        116551
     30        2         46765        136829
     31        1          1441        136646
     32        2         38555        150793
     33        1           621        135633
     34        2         50599        113573
     35        2         44613         89940
     36        2         30482        110217
     37        2         43247        114007
     38        2         68485         84366
     39        1           649         90847
     40        2         50956        158689
     41        2         47767        124753
     42        2         42791        113868
     43        1           732        129995
     44        2         33100         80993
     45        2         30205        105919
     46        2         35042         87659
     47        1           672         94533
     48        2         42111        125061
     49        2         35483         95505
Attempt Distance          Time         TTime
      0        2         33532        107736
      1        2         34561         80686
      2        1          1381         98757
      3        2         40711        148409
      4        1          1066        130941
      5        2         51676        155889
      6        2         42408        115984
      7        2         38934        127527
      8        2         40493        139877
      9        1          1080        114328
     10        2         78968        121137
Standard and transitive algorithms inconsistent (0 != 1)
     12        2         42407        141941
     13        2         41141        110134
     14        1           938        110787
     15        2         33700         85677
     16        1           944         82920
     17        2         58374         95369
     18        1           979         99028
     19        1          1392        115209
     20        2         28808         90950
     21        1           919        107494
     22        1           916        150082
     23        2         47514        124464
     24        2         49411        139946
     25        2         38942         91511
     26        2         35176        110258
     27        2         32805         91791
     28        2         30148         97156
     29        2         29833         93668
     30        2         35043        116555
     31        1           984         88698
     32        2         30912         83759
     33        1           954        119863
     34        2         34149         87770
     35        2         30702         97695
     36        2         28796         76322
     37        2         37787        102470
     38        2         28568         93864
     39        1           906        110619
     40        2         39696         93052
     41        2         33968         93100
     42        2         55028         99996
     43        1          1213         95022
     44        2         32141        109294
     45        2         27198         86169
     46        2         36507        118783
     47        1           958         92745
     48        2         32807        112362
     49        2         34618         83127
