Attempt Distance          Time         TTime         RTime        RTTime
      0        2          1684          2726         29671         11945
      1        2           513          4736          5897          7088
      2        2           595          3091          6129          4687
      3        1            46          3953          6205          7142
      4        2           890           772         10145          6433
      5        2           826           637          5538          3249
      6        2           340          1409          5810          4651
      7        1            34           842          3812          8996
      8        2           430          1087          3828          9434
      9        2           438           808          3008          6264
     10        2           800          1058          4885          3477
     11        2           815          1128          4525          4074
     12        1            42          3192          3102          5664
     13        2           607          1178          3180          5478
     14        2           691          1074          2976          2460
     15        1            51           978          2214          4596
     16        2           868           715          2760          3959
     17        1            27          2045          7951          4301
     18        2           586          1726          6444          5309
     19        2           461          1447          3062          6232
     20        2           365           732          2751          4160
     21        2           782          1012          7209          3668
     22        1            35          1518          2994          6739
     23        1            34          1233          2920          3651
     24        1            41          1358          6136          2521
     25        2           444           690          2937          4178
     26        1           122          1176          5026          3118
     27        1            30          3246          2543          3674
     28        2           451           732          2030          4089
     29        2           374          1017          4440          2759
     30        2           332           940          2400          2448
     31        1            22           570          1490          6621
     32        1            44          1360          3484          3310
     33        1            34          1736          4795          4475
     34        1            28          3750          4426          5240
     35        2           479          1542          3740          9060
     36        2          1205          1127          3493          4490
     37        2          1130           937          5598          3287
     38        2           353          2237          7158          6032
     39        2           338          1416          3516          5579
     40        1            24          1356          2929          3651
     41        1            47          1354          3482          4719
     42        2           267          2107          2926          5934
     43        2           455          1507          3279          6336
     44        2          1192          1436          4522          4144
     45        1            48          1454          4156          4278
     46        2           447           818          2894          5931
     47        2           579           863          3105          2965
     48        2           433          1084          2296          5106
     49        1            36           935          2632          3069
