Attempt Distance          Time         TTime
      0        1           166          2139
      1        2          1269          1544
      2        2           305          1658
      3        2           333          1156
      4        2           248          1334
      5        2           228          2379
      6        2           234          1117
      7        2           166           841
      8        2           228          1028
      9        2           295          1283
     10        1            36          1250
     11        2           355          1356
     12        1            28           944
     13        2           222          1158
     14        2           187          1021
     15        1            37          1333
     16        2           203          1028
     17        2           161          1117
     18        1            89          1805
     19        2           191          1464
     20        1            36          1400
     21        2           204          1500
     22        1            26          1085
     23        2           204          1045
     24        2           240          1047
     25        2           169          1231
     26        3           939          1224
     27        2           208          1926
     28        2           205           827
     29        2           132           923
     30        2           159          1163
     31        2           127          1207
     32        3          2225           867
     33        2           150           958
     34        2           166          1119
     35        2           170           964
     36        2            86           661
     37        2           333           854
     38        2          1244          1256
     39        2           156           656
     40        2           130           796
     41        2           123           605
     42        1            18           893
     43        2           204           809
     44        2           159           807
     45        2           120           530
     46        2           123           820
     47        2           155           660
     48        2           141           619
     49        2           145           755
Attempt Distance          Time         TTime
      0        1          6008         85438
      1        2         31592         69699
      2        2         17079         63492
      3        2         19031         63166
      4        2         19433         92613
      5        2         32158         71317
      6        2         10175         70474
      7        2         16673         71759
      8        2         19871         71852
      9        2         23039        106430
     10        1           996         73684
     11        2         28909        116167
     12        1          1032         85983
     13        2         20214         99359
     14        2         13815        135093
     15        1          3419         94310
     16        2         22668         64473
     17        2         13766         68204
     18        1           510         58570
     19        2         17255         52421
     20        1           418         59676
     21        2          7814         60716
     22        1           538         56711
     23        2         14491         87584
     24        2         11826         80447
     25        2          8681         62629
     26        3         59102         51737
     27        2         12697         59890
     28        2          9216         65445
     29        2          8938         62193
     30        2         13116         62727
     31        2          7039         58950
     32        3         67362         49159
     33        2         16849         72099
     34        2          8332         58874
     35        2          8077         60172
     36        2          6326         49881
     37        2          7156         65924
     38        2         11627         60306
     39        2         48942         57769
     40        2         10911         58042
     41        2          9389         58835
     42        1           407         70925
     43        2         10802         67446
     44        2         10002         62240
     45        2         12604         59467
     46        2          9337         61132
     47        2         10170         76955
     48        2         12094         69359
     49        2         10971         63259
