Attempt Distance          Time         TTime
      0        2          1321          3064
      1        2           607          1882
      2        2           447          1187
      3        2           521          1744
      4        2           634          1468
      5        2           549          1478
      6        1            45          1970
      7        2           580          1746
      8        2           510          1152
      9        2           411          1054
     10        2           363           850
     11        1            44          1284
     12        1            29           657
     13        2           279           557
     14        1            20           599
     15        1            33          1217
     16        2           360           687
     17        1            15           580
     18        1            14           611
     19        2           235           561
     20        1            34          1647
     21        1            31           747
     22        2           256           913
     23        2           334           905
     24        2           388          1570
     25        2           908          1509
     26        2           811          1209
     27        2           427           998
     28        2           250           980
     29        1            20           808
     30        2           206           687
     31        1            20           578
     32        2           286           965
     33        1            27           839
     34        1            36           598
     35        2           270           603
     36        2           313          1119
     37        1            29          1054
     38        2           615          1049
     39        2           327          1019
     40        2           267           859
     41        2           293           823
     42        1            23           908
     43        2           326           799
     44        2           305           820
     45        2           167           510
     46        1            12           810
     47        2           207           672
     48        2           216           885
     49        2           460           981
Attempt Distance          Time         TTime
      0        2        109709        159716
      1        2        106229        162009
      2        2         78291        138620
      3        2         78978        147888
      4        2         78757        114574
      5        2         63514         96436
      6        1           531         85061
      7        2         31619         97617
      8        2         47048         84838
      9        2         31140         71566
     10        2         31584         92119
     11        1           554         74439
     12        1           650         93444
     13        2         36850         92349
     14        1           761        100008
     15        1           680        109480
     16        2         40227         84984
     17        1           539        104797
     18        1           565         83211
     19        2         40897        103946
     20        1           694         87047
     21        1           560         95571
     22        2         27311         88375
     23        2         35976         86303
     24        2         34337        120202
     25        2         40743         78562
     26        2         24627         95520
     27        2         33524         77501
     28        2         30519        113811
     29        1           660        103274
     30        2         37641        122648
     31        1           595        115485
     32        2         37417         85491
     33        1           542        128617
     34        1           984         94626
     35        2         36830         98394
     36        2         71529         84148
     37        1           555        104494
     38        2         35306         90519
     39        2         33918         76881
     40        2         26634         91131
     41        2         32783         76770
     42        1           627        100189
     43        2         36891         76847
     44        2         36522         95734
     45        2         25397         86747
     46        1           596        105860
     47        2         31565         88379
     48        2         29760         99411
     49        2         30892         85006
