Attempt Distance          Time         TTime         RTime        RTTime
      0        1           244          3892         24045          9495
      1        1            57          1587          7056          5965
      2        2           346          1105          2983          6378
      3        2           338           988          3888          7324
      4        2           318          1233          3308          3460
      5        1           113          1111         11573          3007
      6        2           802          1440          4981          3496
      7        1            73          1209          4502         13079
      8        2           271           831          3991          4212
      9        2           246           887          8760          4769
     10        2           556           817          4257          3143
     11        2           308           491          2445          3420
     12        2           659          1146          3677          4004
     13        2           207           521          1411          4487
     14        2           773          1839          2683          2609
     15        2           139           417          1561          4724
     16        2           262           774          2418          2637
     17        2           403           591          1559          1604
     18        2           308           555          1984          1690
     19        2           118           568          3064          2084
     20        1            19           395          1318          1824
     21        2           351           804          2653          1962
     22        1            14           421          1300          1457
     23        2           173           562          1239          1981
     24        2           126           661          2647          1701
     25        2           132           397          1400          1687
     26        2            94           442          1313          2345
     27        1            27          1021          2404          3484
     28        2           213           712          1688          1594
     29        3           451           445          2172          1823
     30        2            89          2132          1142          2379
     31        2           118           386          1110          1316
     32        2           100           350          1118          1312
     33        1            13           355          1070          1200
     34        2            89           367          1062          2083
     35        2           212           684          1675          1302
     36        1            16           469          2362          1342
     37        2           119           376          1046          1283
     38        2           121           357          1061          2576
     39        2           182           383          1309          1300
     40        2            96           541          1721          2005
     41        2           225           445          1893          1283
     42        2            98           600          2690          1861
     43        2           109           414          1365          1696
     44        2           194           454          1768          1356
     45        2           140           365          1041          1310
     46        2            79           648          2209          1366
     47        2            97           379          1095          1257
     48        2            84           379           979          1192
     49        1            11           396          1084          1228
