Attempt Distance          Time         TTime
      0        2          1296          1961
      1        2           658          1694
      2        1            23          1356
      3        1            24          1837
      4        1            51          1734
      5        1            26          1274
      6        2           542          1419
      7        1            26          1775
      8        2           490          1199
      9        1            24          1957
     10        1            35          2093
     11        2           768          2011
     12        2           813          1873
     13        2           737          1915
     14        2           798          1756
     15        2           664          1147
     16        2           426          1182
     17        1            43          1274
     18        1            21          1200
     19        2           485          1210
     20        1            83          1018
     21        2           299           784
     22        1            15           696
     23        1            18           853
     24        1            41           870
     25        2           321           711
     26        2           323           957
     27        2           362           972
     28        2           354           808
     29        2           309           732
     30        1            14           661
     31        2           326           831
     32        1            13           838
     33        1            12           695
     34        2           235           570
     35        2           252           638
     36        2           281           664
     37        1            14           621
     38        1            15           665
     39        2           191           615
     40        2           308           989
     41        2           438           946
     42        1            27          1039
     43        2           348           707
     44        1            19           742
     45        2           340           706
     46        1            14           631
     47        1            12           595
     48        1            21           602
     49        2           238           659
Attempt Distance          Time         TTime
      0        2        103356        131938
      1        2        129438        116588
      2        1          1781        142641
      3        1          1783        134269
      4        1          1643        106118
      5        1          1503        180992
      6        2        105495         97072
      7        1           756         93988
      8        2         74787        111904
      9        1           802        106952
     10        1           784         95664
     11        2         39845        105387
     12        2         41104         96243
     13        2         42341        100839
     14        2         40409        105334
     15        2         42534         87455
     16        2         40467        114527
     17        1           852        109242
     18        1           762         89199
     19        2         38140         99283
     20        1           654         86153
     21        2         30909         97887
     22        1           778         96861
     23        1           666         86671
     24        1           579         92091
     25        2         77127         96821
     26        2         31899        106018
     27        2         33864        108597
     28        2         37132         86747
     29        2         50463        121976
     30        1          1094        115417
     31        2         39323         95517
     32        1           606        105505
     33        1           684         85129
     34        2         31602        107560
     35        2         43375        108394
     36        2         42354         94327
     37        1           725        113119
     38        1           651         92348
     39        2         67468        107560
     40        2         40190        105408
     41        2         43056         87633
     42        1           523        114725
     43        2         44694         98443
     44        1           736         91343
     45        2         38490        106606
     46        1           729         95064
     47        1           644        122029
     48        1           669         96279
     49        2         45399         94836
Attempt Distance          Time         TTime
      0        2         37477        108062
      1        2         34766        110981
      2        1          1066         91904
      3        1          1102        113734
      4        1           949        100806
      5        1          1008        118437
      6        2         52122        116286
      7        1           933         92159
      8        2         53579         92396
      9        1          1081        108284
     10        1           871         93374
     11        2         55113         96103
     12        2         57462         93784
     13        2         35606        104634
     14        2         39944        101952
     15        2         43277        109242
     16        2         38114         90139
     17        1           967        112788
     18        1           880        116891
     19        2         37285         97945
     20        1           910        110467
     21        2         34258        107101
     22        1           841         97636
     23        1           922        119482
     24        1           952        119888
     25        2         43236         94172
     26        2         45964         94653
     27        2         33500        101909
     28        2         38081        109664
     29        2         37774        105931
     30        1          1071         93735
     31        2         50085         94725
     32        1           955        117205
     33        1           973         95566
     34        2         52759         89148
     35        2         42059        110105
     36        2         43384        114050
     37        1          1069         92379
     38        1           965        111924
     39        2         31566        106448
     40        2         37984        107181
     41        2         43361        113577
     42        1           975        125120
     43        2         45305        107792
     44        1           975        111381
     45        2         40586         91146
     46        1           949        107404
     47        1           855        107400
     48        1           969         97228
     49        2         51408        102512
