Attempt Distance          Time         TTime
      0        1           125          2522
      1        2           838          1676
      2        2           579          1596
      3        1            23          1856
      4        1            23          1656
      5        1            25          1444
      6        1            21          1404
      7        1            41          1906
      8        1            31          1850
      9        2           805          1572
     10        2           772          1828
     11        1            25          1693
     12        2           540          1273
     13        2           430          1066
     14        1            18          1018
     15        2           414          1037
     16        2           426          1104
     17        2           412          1007
     18        1            23          1104
     19        2           442           938
     20        2           426           788
     21        1            18           936
     22        2           371           757
     23        2           430          1015
     24        1            15           959
     25        2           575          1513
     26        1            38          1605
     27        1            47          1450
     28        2           795          1262
     29        2           393          1128
     30        1            20           936
     31        2           439           833
     32        2           277           685
     33        2           279           655
     34        1            14          1012
     35        2           367           882
     36        1            26          1049
     37        2           417           820
     38        1            14           817
     39        2           302           764
     40        2           242           745
     41        1            15           693
     42        2           356           865
     43        1            25          1092
     44        2           375           967
     45        1            27           705
     46        2           279           634
     47        2           458           757
     48        1            16           834
     49        1            17           777
Attempt Distance          Time         TTime
      0        1          6101        103083
      1        2        113465        120087
      2        2        123598        165335
      3        1          1259        112656
      4        1          1185        147509
      5        1          1238        117795
      6        1          1634        164561
      7        1          1848        117571
      8        1          1416        135413
      9        2         52497         93876
     10        2         44321        110979
     11        1           765         94668
     12        2         33903        111520
     13        2         45868         98130
     14        1           877        116287
     15        2         44034         98740
     16        2         46416        113033
     17        2         44516         94459
     18        1           628        117959
     19        2         51125         93833
     20        2         83417        111501
     21        1           681         98496
     22        2         39730        101585
     23        2         52433         92982
     24        1           606        112047
     25        2         49258         83888
     26        1           524         97731
     27        1           629         80550
     28        2         37302        106389
     29        2         35903         91656
     30        1           670        123734
     31        2         57216         99991
     32        2         36287        106352
     33        2         81141         90438
     34        1           662        110397
     35        2         34183         90827
     36        1           616        108338
     37        2         42157        106620
     38        1           646        112511
     39        2         35701         82099
     40        2         32854         92187
     41        1           625         84021
     42        2         41380        105663
     43        1           537         86508
     44        2         38524        111594
     45        1           708         95470
     46        2         46163        119242
     47        2         71318         86916
     48        1           616        112147
     49        1           640         98211
Attempt Distance          Time         TTime
      0        1          1952        116833
      1        2         46787         97848
      2        2         61112         94482
      3        1           733        116916
      4        1           982         87995
      5        1          1708        120913
      6        1          1172        116078
      7        1          1249         98912
      8        1           929        119401
      9        2         43852        115536
     10        2         41149         88384
     11        1           838        115367
     12        2         37056        104701
     13        2         61692        101061
     14        1           863        120786
     15        2         38940         92845
     16        2         37371        116189
     17        2         40572        113523
     18        1          1065         92940
     19        2         42677        113378
     20        2         44608        118564
     21        1          1012         99180
     22        2         42009        117984
     23        2         46349        101850
     24        1           891        113426
     25        2         43200        100808
     26        1           810         99179
     27        1           975        119954
     28        2         40589         94991
     29        2         58322        101325
     30        1          1051        150326
     31        2         35160         91977
     32        2         35275        115113
     33        2         42909        111531
     34        1           899        105492
     35        2         33008        116277
     36        1           988         95730
     37        2         39307        102709
     38        1           903         96863
     39        2         57000        103034
     40        2         37244        117730
     41        1           865         86473
     42        2         42176        119844
     43        1          1016        102054
     44        2         62461         90941
     45        1           940        119446
     46        2         46146         90091
     47        2         57189         97744
     48        1          1015        119089
     49        1          1034         98006
