Attempt Distance          Time         TTime
      0        2           354          1397
      1        1            25          1103
      2        3           659          1045
      3        2           104           983
      4        3           435           873
      5        2            87          1250
      6        2           167          1029
      7        2           157           990
      8        3           621           747
      9        2           120          1237
     10        1            20           816
     11        3           495           605
     12        1            18           687
     13        2            92          2162
     14        2           181          1958
     15        1            34          1445
     16        3           502         12961
     17        2           144           429
     18        3           325           533
     19        2           107           723
     20        3           415           771
     21        3           322           718
     22        3           369           665
     23        3           367           687
     24        2            89           780
     25        3          1685           875
     26        3           381           993
     27        3           296           691
     28        2            81           717
     29        2           116           721
     30        2            78           688
     31        3           310           683
     32        2            65           675
     33        3           443           538
     34        2            73           490
     35        3           299           680
     36        2           110           856
     37        3           305           781
     38        3           344           741
     39        3           408           676
     40        2            70           700
     41        2           112           673
     42        3           256           688
     43        1            18           765
     44        2            72           656
     45        2            80           739
     46        3           463           775
     47        3           434           766
     48        3           356          1307
     49        2           185           737
Attempt Distance          Time         TTime
      0        2         20838         61843
      1        1          1222         56026
      2        3         72492         58062
      3        2          9150         66092
      4        3         55837         60230
      5        2          5219         53527
      6        2         11194         59506
      7        2          8804         55858
      8        3         41535         75266
      9        2          4960         36111
     10        1           627         59570
     11        3         52515         70007
     12        1          1155         49587
     13        2          3118         49009
     14        2          6706         57219
     15        1           411         45034
     16        3         30154         52564
     17        2          6825         53468
     18        3         41490         57062
     19        2          3710         67626
     20        3         25517         51103
     21        3         28236         55623
     22        3         38402         51969
     23        3         27738         52886
     24        2          6275         53626
     25        3         38692         47086
     26        3         29433         52047
     27        3         21427         51824
     28        2          4018         43007
     29        2          5889         55578
     30        2          5019         57395
     31        3         33938         52663
     32        2          3827         38171
     33        3         31945         40104
     34        2          5110         46509
     35        3         20014         68198
     36        2          6200         64060
     37        3         31658         64933
     38        3         32145         59082
     39        3         35691         54355
     40        2          3016         62561
     41        2          4040         62909
     42        3         22623         43373
     43        1           365         75988
     44        2          7577         44864
     45        2          4683         45774
     46        3         33953         48229
     47        3         25402         41721
     48        3         27235         49439
     49        2          3289         40149
Attempt Distance          Time         TTime
      0        2          5027         55921
      1        1           667         63874
      2        3         27791         59381
      3        2          4637         47114
      4        3         24138         61417
      5        2          3023         68234
      6        2          6900         58380
      7        2          5694         60165
      8        3         27682         51737
      9        2          3877         57543
     10        1           711         70246
     11        3         39549         55278
     12        1           644         54525
     13        2          3175         43075
     14        2          4879         46614
     15        1           695         76563
     16        3         28751         61043
     17        2          5174         61432
     18        3         41030         64445
     19        2          5689         77974
     20        3         36064         60893
     21        3         21079         44257
     22        3         31178         45377
     23        3         33691         55299
     24        2          4858         44674
     25        3         29605         51876
     26        3         27213         43020
     27        3         19173         70173
     28        2          3115         55622
     29        2          5765         42721
     30        2          3469         52966
     31        3         22584         44802
     32        2          7849         46242
     33        3         34460         52344
     34        2          5159         55778
     35        3         20276         48162
     36        2          5564         62032
     37        3         28205         52789
     38        3         27734         64832
     39        3         37097         63717
     40        2          4279         67028
     41        2          4202         47491
     42        3         28566         58543
     43        1           687         59210
     44        2          6124         71368
     45        2          4149         55206
     46        3         31653         53328
     47        3         27951         44063
     48        3         25357         53645
     49        2          3922         58489
