Attempt Distance          Time         TTime
      0        2           468          1792
      1        2           330          1258
      2        2           232          1055
      3        2           217           996
      4        2           165          1001
      5        2           189           900
      6        2           234           886
      7        1            18           933
      8        2           255           996
      9        2           214           983
     10        3          1090          1001
     11        2           254           894
     12        2           192           916
     13        2           214           841
     14        1            14           800
     15        2           195           991
     16        2           218          1035
     17        3           661           703
     18        2           210          1033
     19        2           308          1197
     20        2           187           902
     21        2           178           945
     22        2           214           846
     23        3           873          1388
     24        2           676           921
     25        2           240           961
     26        2           228          1148
     27        1            30          1088
     28        2           224           732
     29        1            23          1385
     30        2           164           812
     31        1            42          1068
     32        1            23          1207
     33        2           282          1521
     34        2           158           806
     35        2           312           890
     36        2           137           610
     37        1            13           578
     38        2            76           641
     39        2            94           529
     40        2           229           634
     41        2           129           547
     42        2           204           697
     43        2           130           786
     44        2           194           658
     45        2           126           623
     46        2            95           444
     47        2            45           421
     48        2            75           485
     49        2           101           901
Attempt Distance          Time         TTime
      0        2         59124         67692
      1        2         21273         72312
      2        2         23208         76653
      3        2         15166         73973
      4        2         20895         80857
      5        2         47442         82002
      6        2         20720         61347
      7        1           704         55160
      8        2         17914         58318
      9        2         16523         77125
     10        3         75257         59752
     11        2         12648         66424
     12        2         13949         69155
     13        2         12632         79218
     14        1           592         82186
     15        2         14300         62415
     16        2         12046         63917
     17        3         84420         69408
     18        2         11617         75253
     19        2          9950         84459
     20        2         10711         63404
     21        2         10626         59942
     22        2         11046         61667
     23        3        103834         64910
     24        2         11442         86280
     25        2         10419         78735
     26        2         12248         64480
     27        1           603         68179
     28        2         14556         75885
     29        1           485         77472
     30        2         10174         59954
     31        1           430         63617
     32        1           440         65939
     33        2         12168         61094
     34        2          9733         77079
     35        2         12909         60901
     36        2          9046         75241
     37        1           572         80232
     38        2         10335         78638
     39        2          9416         66552
     40        2         12042         59483
     41        2          8191         55734
     42        2          9464         51852
     43        2          8020         61431
     44        2         10774         86475
     45        2          8810         60239
     46        2         12383         60454
     47        2          5826         51021
     48        2         10372         60537
     49        2         11969         74851
Attempt Distance          Time         TTime
      0        2         10710         59286
      1        2         10128         62409
      2        2         10932         57727
      3        2          9522         77070
      4        2          9542         62572
      5        2          8431         65375
      6        2         11487         61069
      7        1           619         60421
      8        2         27131         57276
      9        2         11095         57143
     10        3         51526         54745
     11        2         13427         72273
     12        2         11640         63618
     13        2         10130         64195
     14        1           674         61907
     15        2          9277         63041
     16        2         24256         65494
     17        3         58612         58748
     18        2          8984         62722
     19        2          9942         82212
     20        2         10362         61717
     21        2          9468         60018
     22        2          9272         60614
     23        3         60348         75909
     24        2         11083         62042
     25        2          8703         64421
     26        2         11994         63014
     27        1           655         84302
     28        2         15762         84437
     29        1           716         65460
     30        2         10475         60661
     31        1           649         66680
     32        1           689         79964
     33        2         11652         61322
     34        2          9753         60170
     35        2         12122         59696
     36        2          8865         78188
     37        1           703         66393
     38        2          8052         65939
     39        2          9681         65740
     40        2         12025         60918
     41        2          8978         85492
     42        2         13079         59259
     43        2          7924         67442
     44        2         12463         64113
     45        2         10015         79064
     46        2         13634         64971
     47        2          8718         62791
     48        2          9043         59578
     49        2         11366         74635
