Attempt Distance          Time         TTime         RTime        RTTime
      0        2          1251          3085         67896         36363
      1        2           405          5388         50079         17192
      2        2           199          1194         16576         13498
      3        3           842         11536         18729          4014
      4        1            50           894         15153         13971
      5        3           855          5471          4147          8957
      6        2           136           694          3271          5773
      7        0            46          5357          4800         15074
      8        1            26           770          3303         11130
      9        2           159          1014          3962          7842
     10        3          1066           877         12441          6368
     11        2           112          1938          9531         13443
     12        3           369           690         13964          3315
     13        2           139          1247          2578         13986
     14        3           377           727         15361         12575
     15        3           402          1306          3604          8925
     16        3           717           872         12024         12949
     17        2            82          1101          3304         14487
     18        3           408          2537          2707          9609
     19        2           406           574         14911          2529
     20        2           128           706         27834          2764
     21        2           181          6167          6140          6040
     22        2           139           492          3171          9912
     23        2           115           598          2955          2858
     24        2           120           687         12864          2337
     25        2           123          1413          3263         10180
     26        1            25          3146          4699          2426
     27        3           241          4783          2161         10011
     28        2           221           678          1976         10386
     29        3           358           639          2059          2463
     30        2           110           714          1936          6016
     31        2           121           620          2067          2023
     32        2           111           546          1944          7617
     33        2            62           461          1491          2070
     34        2            82           541          1793          3030
     35        3           388           364          2749          1865
     36        2           129           572          2259          8633
     37        2           126           713          1982          2499
     38        2           262           541          8722          2531
     39        2           172           683          2127          2279
     40        3           347           570          2588          3203
     41        1            30           465          9563          3974
     42        2           129           526          1774          2839
     43        2           126           295          7379          1863
     44        3           261           512          1880          2747
     45        3          1566           507          3451          1586
     46        3           280           469          1338          1583
     47        3           308          1404          3268          3347
     48        3           276           453          1401          1773
     49        1            55           648          1599          1378
