Attempt Distance          Time         TTime
      0        1           185          1936
      1        2           365          1411
      2        2           312           934
      3        1            25          1770
      4        1            26           989
      5        2           265          1239
      6        2           297          1088
      7        2           204           865
      8        2           310          1152
      9        2           348          1381
     10        2           431          1505
     11        2           330          1219
     12        2           364           849
     13        2           254          1175
     14        2           314          1228
     15        2           234           758
     16        2           211           686
     17        2           182           621
     18        2           247          1070
     19        2           229           824
     20        2           283           936
     21        2           192           778
     22        2           247           780
     23        2           157           610
     24        2           110           572
     25        2           169           992
     26        1            19           856
     27        2           335          1087
     28        2           239           801
     29        2           194           635
     30        2           154           518
     31        2           129           537
     32        2           101           382
     33        1            15           594
     34        2           118           488
     35        2           128           467
     36        2           105           477
     37        2            88           448
     38        2           102           447
     39        2            93           383
     40        2           153           497
     41        2           119           406
     42        2           111           435
     43        2           106           478
     44        2            86           400
     45        1             8           377
     46        2            77           550
     47        2            89           415
     48        2            82           393
     49        1            19           650
Attempt Distance          Time         TTime
      0        1          2979         62590
      1        2         33489         76361
      2        2         29300         85621
      3        1          1094        122258
      4        1          2177         81531
      5        2         38154         75451
      6        2         32778         68448
      7        2         29193         74346
      8        2         26286        105475
      9        2         18340         59237
     10        2         18768         61033
     11        2         13736         79364
     12        2         18157         64633
     13        2         18484         86790
     14        2         17684         68968
     15        2         15828         71966
     16        2         17315         61731
     17        2         17666         60660
     18        2         16737         97124
     19        2         47088         70556
     20        2         18368         64817
     21        2         18730         65052
     22        2         19360         73372
     23        2         19883         99430
     24        2         16155         81222
     25        2         12402         62911
     26        1           453         70673
     27        2         20879         76513
     28        2         22490         72704
     29        2         17639         82556
     30        2         22100         65153
     31        2         18343         75257
     32        2         20691         75132
     33        1           572         74233
     34        2         15866         96751
     35        2         14250         79506
     36        2         11719         54571
     37        2         14373         75383
     38        2         22029         82534
     39        2         18186         84712
     40        2         17980         63454
     41        2         14866         73483
     42        2         18996         69326
     43        2         16375         77133
     44        2         16811         84232
     45        1           579         70077
     46        2         14924         64098
     47        2         12466         57763
     48        2         14190         60865
     49        1           485         81054
