Attempt Distance          Time         TTime
      0        2           748          1909
      1        2           593          1603
      2        2           366          1256
      3        2           421          1567
      4        2           603          1267
      5        2           438          1164
      6        2           400          1324
      7        2           347          1116
      8        2           364          1298
      9        1            28          1470
     10        2           429          1449
     11        2           426          1228
     12        2           231          1196
     13        2           420          1314
     14        2           440          1307
     15        2           416          1310
     16        2           260          1021
     17        1            18          1021
     18        2           362           949
     19        1            13          1013
     20        2           469          1493
     21        2           471          1390
     22        2           352          1083
     23        2           318          1093
     24        2           281          1245
     25        2           480          1522
     26        2           504          1792
     27        2           487          1263
     28        1            39          1298
     29        2           435           974
     30        2           187           749
     31        2           170           862
     32        1            11           805
     33        1            16           769
     34        2           202           823
     35        2           154           912
     36        2           240           880
     37        1            11           754
     38        1            13           723
     39        2           167           762
     40        2           238           875
     41        2           227           886
     42        2           236           770
     43        1            20           969
     44        2           288           909
     45        2           208           824
     46        2           187           652
     47        2           159           586
     48        1            10           710
     49        2           202           855
Attempt Distance          Time         TTime
      0        2         64255         97034
      1        2         67622        112645
      2        2         32007         93791
      3        2         48624        108107
      4        2         63499        105922
      5        2         66878        108579
      6        2         35893         71716
      7        2         19462         67865
      8        2         23785         77955
      9        1           621         86248
     10        2         28936         82896
     11        2         24351         78660
     12        2         22914         90840
     13        2         23271         82390
     14        2         31136         85347
     15        2         26836         90360
     16        2         23129         83462
     17        1           645         84881
     18        2         25769         81977
     19        1           635         85655
     20        2         21710         82196
     21        2         26174         97350
     22        2         76300         86589
     23        2         22697         77366
     24        2         23503         75981
     25        2         33004         72138
     26        2         23161         86361
     27        2         27025         84658
     28        1           564         86665
     29        2         22099         86295
     30        2         20201         86778
     31        2         28000         87850
     32        1           542         94609
     33        1           537         85094
     34        2         22513         89457
     35        2         19012        109522
     36        2         28906         90189
     37        1           543         82322
     38        1           547         82507
     39        2         23293         91333
     40        2         21101        103404
     41        2         24681         66559
     42        2         22813         77105
     43        1           524         79091
     44        2         25860        101316
     45        2         60320         76493
     46        2         24106         74388
     47        2         23002         78526
     48        1           518        102596
     49        2         19599         81170
