Attempt Distance          Time         TTime
      0        1           141          2177
      1        2           601          1320
      2        1            35          1274
      3        2           503          1470
      4        2           761          1354
      5        2           640          1750
      6        1            27          1645
      7        2           780          2502
      8        2           754          2064
      9        1            39          2280
     10        2           687          1929
     11        2           909          1409
     12        1            38          1097
     13        2           316           844
     14        1            32          1126
     15        2           392           993
     16        1            22          1024
     17        2           468          1124
     18        2           533          1357
     19        2           813          1272
     20        1            30           847
     21        1            18           886
     22        2           216           687
     23        1            17           714
     24        2           230           585
     25        1            16           696
     26        2           311           654
     27        1            17           754
     28        2           291           674
     29        1            15           676
     30        2           293           727
     31        1            26           670
     32        1            14           594
     33        2           268           747
     34        2           382           737
     35        1            18           641
     36        1            17           643
     37        2           257           874
     38        1            25          1077
     39        2           409           981
     40        2           368           931
     41        2           308           808
     42        2           321           863
     43        1            21          1083
     44        2           365          1403
     45        2           543          1085
     46        2           304           930
     47        2           473           903
     48        2           274           875
     49        2           299           936
Attempt Distance          Time         TTime
      0        1          5552        132418
      1        2        164957        208533
      2        1          2391        203120
      3        2        105373        189845
      4        2        169582        136253
      5        2        134824        108070
      6        1           870        137659
      7        2         48810        111713
      8        2         33806         91893
      9        1           697        113014
     10        2         40665        140355
     11        2         62442        105417
     12        1           647        111466
     13        2         49561        117897
     14        1          1007        152055
     15        2         44848         96819
     16        1           691         99656
     17        2         50324        109007
     18        2         59791        118663
     19        2         98516        113662
     20        1           971        154030
     21        1          1320        117976
     22        2         35762        115584
     23        1           754        111504
     24        2         45705        132918
     25        1          1096        122125
     26        2         44325        104590
     27        1           863        125150
     28        2         49673        117481
     29        1          1075        104706
     30        2         41496        113031
     31        1           595        113980
     32        1           683        117225
     33        2         61776        101567
     34        2         49044         89280
     35        1           495        106872
     36        1           599        101907
     37        2         33935         95085
     38        1           660         93883
     39        2         69773        104067
     40        2         39899        103929
     41        2         38655         95566
     42        2         38883        106488
     43        1           704         93614
     44        2         51977         97189
     45        2         44649         93788
     46        2         47068         99431
     47        2         35382         99934
     48        2         35379        109289
     49        2         40975        110949
