Attempt Distance          Time         TTime         RTime        RTTime
      0        3          2423          1241         42233         16882
      1        1           141           856         11806          6723
      2        2           156          1126          5573          6229
      3        2           296           921          4978          4471
      4        3           597           888          3364          4218
      5        2           463           789          5729          9733
      6        2           208          3112          5077          4375
      7        1            34           979          9766          4138
      8        2           196           982          8079          5774
      9        2           280           902         11078          2463
     10        2           167          4909          3164          6981
     11        2           186           669          8398          3942
     12        2           263           881          9560          2184
     13        2           177           845          3110          3916
     14        3           444           644          2554          2219
     15        2            87          1014          3490          3779
     16        3           610           632          2785          2941
     17        3           729          2183          5471          2761
     18        2           106           528          2603          2168
     19        2            65           674          2077          3645
     20        3           461           546          2888          2767
     21        2           128           607          2505          3196
     22        2            86           552          2523          5961
     23        2           265          1431          8699          3671
     24        2            98           565          3298          5592
     25        2           152           607          5821          3127
     26        2            76           542          3064          2824
     27        2           238           574          2923          2870
     28        2           116           606          3383          3909
     29        2           180           585          2921          2695
     30        2           120           550          1880          2544
     31        2           111           861          2335          3140
     32        3           551           561          2109          2018
     33        2           291           625          2147          2412
     34        2            88           866          2192          1903
     35        2           168           785          2795          2866
     36        1            21           734          2863          2088
     37        3           367           312          1943          1457
     38        1            29           550          1056          1538
     39        3           310          1240          1864          1979
     40        1            24           594          2736          2100
     41        2            84           417          2044          3265
     42        2           133           427          1770          3064
     43        2           146           669          2617          3262
     44        2           113           765          1913          4334
     45        2            91           261          1251           951
     46        2            60           374           884          1843
     47        2           103           442          1826          1744
     48        2           310           492          2282          1697
     49        3           281           610          1425          1728
