Attempt Distance          Time         TTime
      0        3          2162          1724
      1        2           219          1241
      2        2           255          1242
      3        2           274          1354
      4        2          1163          3168
      5        3          1420          1362
      6        2           370          1458
      7        2           186          1271
      8        3          2408          2849
      9        2           334          1534
     10        2           222          1476
     11        2           255          1429
     12        2           196          1549
     13        2           472          1648
     14        2           176          1113
     15        2           221          1607
     16        2           188          1210
     17        2           168          1360
     18        3           952          1895
     19        2           197          1102
     20        1            29          1596
     21        2           187          1355
     22        3          1451          2188
     23        0            10          1945
     24        2           203          1130
     25        2           149          1146
     26        2           157          1116
     27        2           226          1558
     28        2           123          1278
     29        1            27          1407
     30        2           508          3472
     31        2           575          1539
     32        2           204          1197
     33        2           165          1499
     34        2           112          1293
     35        2           159          1353
     36        3           813          1468
     37        2           309          2286
     38        2           181          1240
     39        2           183          1802
     40        2           271          3614
     41        2           361          1424
     42        2          2186          3940
     43        3           918          1079
     44        2            88          1252
     45        2           161          1101
     46        3          1041          1348
     47        2           333          2205
     48        2           283          3500
     49        1            35          1769
Attempt Distance          Time         TTime
      0        3        173885         76368
      1        2         15281         93547
      2        2         18290         55101
      3        2         16242         56488
      4        2         12195        122637
      5        3        135403         59420
      6        2         15545         81569
      7        2         16353         61676
      8        3         89976         63574
      9        2         24609         78807
     10        2         13974         66977
     11        2         16285         53653
     12        2          8213         46873
     13        2          9153         53859
     14        2         10428         98336
     15        2         14821         72463
     16        2          8548         50491
     17        2          7948         56670
     18        3         76412         62919
     19        2          8940         54594
     20        1           425         54318
     21        2          8267         50111
     22        3         65807         77613
Standard and transitive algorithms inconsistent (0 != 2)
     24        2          9056         57791
     25        2          5798         67655
     26        2          6354         50094
     27        2          8923         83138
     28        2          4916         53128
     29        1           497         57433
     30        2          6445         52705
     31        2          6759         67178
     32        2         41583         44713
     33        2          5910         47496
     34        2          2824         62483
     35        2          7174         72992
     36        3         46754         47757
     37        2          7556         54018
     38        2          7944         49927
     39        2          7792         59587
     40        2          9815         51488
     41        2          7440         49095
     42        2          8633         62044
     43        3         44012         89179
     44        2         10583        149311
     45        2          7639         59052
     46        3         59051         45036
     47        2          9415         73035
     48        2          9708         74875
     49        1           357         46341
