Attempt Distance          Time         TTime
      0        2           393          1656
      1        2           240           937
      2        2           162           780
      3        2           350           999
      4        2           184          1177
      5        2           220          1002
      6        2           238          1014
      7        1            20          1054
      8        2           215          1150
      9        2           250          1053
     10        2           260           986
     11        1            24          1029
     12        2           214           900
     13        2           207           996
     14        1            53           762
     15        2           238           717
     16        2           136           755
     17        2           122           732
     18        2           141           655
     19        2           195           610
     20        1            11           617
     21        2           134           461
     22        1             9           610
     23        2           191           572
     24        2            92           436
     25        2            78           425
     26        2            68           444
     27        2           108           416
     28        1            11           381
     29        2            66           626
     30        2            99           551
     31        2           154           884
     32        2           155           693
     33        2           186           678
     34        2            74           440
     35        1            16           810
     36        2           136           475
     37        2            87           383
     38        2            74           469
     39        2            72           362
     40        2            51           312
     41        2            51           323
     42        2            85           438
     43        2            70           353
     44        2            58           324
     45        2            58           307
     46        2            80           312
     47        2            62           297
     48        2            59           589
     49        2            90           357
Attempt Distance          Time         TTime
      0        2         35939         68865
      1        2         31950         81027
      2        2         18000         83999
      3        2         29166         70684
      4        2         21050         65431
      5        2         19415         76369
      6        2         25525         79498
      7        1           906         79663
      8        2         20427         77563
      9        2         22848         93512
     10        2         27694         75632
     11        1           775         96417
     12        2         16299         59078
     13        2          9207         56554
     14        1           464         60047
     15        2         14175         55653
     16        2          7595         49958
     17        2         10111         61505
     18        2         13021         58810
     19        2         14731         67856
     20        1           496         97932
     21        2         19236         59058
     22        1           443         60877
     23        2         16249         75795
     24        2         22070         87239
     25        2         15978         69556
     26        2         10132         69078
     27        2         10275         52668
     28        1           445         84229
     29        2         12019         69465
     30        2         11010         58830
     31        2         13356         52350
     32        2          7581         69514
     33        2         14836         68846
     34        2         12548         59147
     35        1           453         60184
     36        2         43436         58028
     37        2         14442         83733
     38        2          9311         64667
     39        2         13292         75281
     40        2          9057         59645
     41        2          8838         56794
     42        2         11720         62930
     43        2         12009         51478
     44        2          8865         56516
     45        2          9866         66143
     46        2         14033         89207
     47        2         13283         68823
     48        2         11508         62294
     49        2          9316         61877
