Attempt Distance          Time         TTime
      0        2           307          1470
      1        2           169          1242
      2        2           267          1231
      3        2           227          1208
      4        2           278          1099
      5        2           240          1297
      6        1            30          1281
      7        2           294          1162
      8        1            53          1405
      9        2           276          1193
     10        2           408          1575
     11        2           230          1225
     12        2           274          1429
     13        2           262          1159
     14        1            26          1316
     15        2           205          1178
     16        2           219          1416
     17        1            24          1406
     18        2           237          1144
     19        2           232          1269
     20        2           238          1239
     21        1            24          1265
     22        1            44          1194
     23        0             5          1200
     24        2           172          1112
     25        2           178          1292
     26        2           228          1156
     27        2           217          1115
     28        2           181          1180
     29        2           143          1065
     30        2           172          1189
     31        1            17          1234
     32        2           151          1505
     33        2           251          1160
     34        2           220          1252
     35        3          1016          1147
     36        2           126           851
     37        2           135           946
     38        1            31           929
     39        2           201           987
     40        2           106           740
     41        2           136           688
     42        2            81           766
     43        2           151           713
     44        1            13           878
     45        2           125           836
     46        2            91           671
     47        2           118           716
     48        2           130           722
     49        1            18           744
Attempt Distance          Time         TTime
      0        2         25704         80756
      1        2         23769         74200
      2        2         17041         67164
      3        2         20579         67572
      4        2         18155         78254
      5        2         12717         75190
      6        1           848         71121
      7        2         14516         71908
      8        1          1311         70302
      9        2         12838         63087
     10        2         12296         58692
     11        2         13222         67227
     12        2          9252         57783
     13        2         10588         58453
     14        1           516         70894
     15        2         10990         74242
     16        2         11246         87678
     17        1           560         80178
     18        2         10230         61249
     19        2          8619         55127
     20        2          8029         68300
     21        1           445         60002
     22        1           496         62731
Standard and transitive algorithms inconsistent (0 != 2)
     24        2          9928         65070
     25        2          9002         61382
     26        2         11308         68969
     27        2         12312         66990
     28        2         10105         58385
     29        2          6693         67162
     30        2          8875         60849
     31        1           446         63644
     32        2          7959         61773
     33        2          8481         71425
     34        2         12515         60567
     35        3         65208         57568
     36        2          7028         69317
     37        2          8977         62273
     38        1           798         64279
     39        2         12982         75054
     40        2         10900         75527
     41        2         13457         63618
     42        2          7075         71372
     43        2         10833         62304
     44        1           526         68395
     45        2         45401         81669
     46        2          8387         63296
     47        2         10975         66201
     48        2          9882         69537
     49        1           450         64485
Attempt Distance          Time         TTime
      0        2         11750         63453
      1        2          8480         90113
      2        2          7856         76753
      3        2         10618         61914
      4        2         11652         88700
      5        2          9157         59839
      6        1           722         63764
      7        2         10078         69428
      8        1           690         66819
      9        2         10464         80101
     10        2         10767         91369
     11        2          9835         71615
     12        2          8760         78728
     13        2         11738         70906
     14        1          2251         82586
     15        2         10880         88420
     16        2         11648         83017
     17        1           617         79175
     18        2         12134         76100
     19        2          7456         60528
     20        2          8070         96587
     21        1           853         93977
     22        1           617         81904
Standard and transitive algorithms inconsistent (0 != 2)
     24        2         16925         51596
     25        2          6441         51670
     26        2         11501         90634
     27        2          9936         58970
     28        2          9723         64443
     29        2          7028         81331
     30        2         13726         73878
     31        1           801         64646
     32        2          8435         74127
     33        2          8465         67200
     34        2         11248         85925
     35        3         58952         60691
     36        2          6960         69115
     37        2          8502         64203
     38        1           549         59299
     39        2          9554         69472
     40        2          8063         56636
     41        2         12198         61857
     42        2          7310         90479
     43        2          8800         55009
     44        1           477         61706
     45        2          9537         55974
     46        2          8583         52809
     47        2         10463         65353
     48        2          8712         58258
     49        1           728         61070
