Attempt Distance          Time         TTime
      0        2           852          1594
      1        1            28          1161
      2        2           282           855
      3        2           392          1162
      4        2           403           712
      5        2           297           765
      6        2           277           744
      7        1            24           848
      8        1            26          1020
      9        2           308           784
     10        2           253           773
     11        2           307           682
     12        2           372           734
     13        1            29           780
     14        2           183           737
     15        2           269           955
     16        2           260           911
     17        1            22           936
     18        2           223           511
     19        2           171           516
     20        1            21           521
     21        2           145           457
     22        2           153           452
     23        2           140           446
     24        2           135           455
     25        1            21           923
     26        1            15           507
     27        1            18           516
     28        2           171           480
     29        2           132           441
     30        1            11           446
     31        1            12           686
     32        1            14           459
     33        2           208           564
     34        2           225           488
     35        2           174           442
     36        2           152           532
     37        2           166           717
     38        2           179           727
     39        2           180           657
     40        2           195           494
     41        1            14           613
     42        2           194           593
     43        2           231           591
     44        2           160           715
     45        1           139           955
     46        0             4          1162
     47        2           283           746
     48        2           210           717
     49        1            21           720
Attempt Distance          Time         TTime
      0        2         67671        130530
      1        1          1419        118688
      2        2         65502         91913
      3        2         59972         97768
      4        2         77456         91827
      5        2         56358        102922
      6        2         29231         97899
      7        1           697        113994
      8        1           584        107793
      9        2         30336         79947
     10        2         30135         97494
     11        2         30649        108852
     12        2         41008        112372
     13        1          1571        119916
     14        2         33366         90577
     15        2         26217         95884
     16        2         89143         95497
     17        1           924         98430
     18        2         26549         90337
     19        2         35588        111998
     20        1           693        116699
     21        2         27058         91230
     22        2         28497         80819
     23        2         24882         89857
     24        2         26949         95311
     25        1           717        106455
     26        1           823        128808
     27        1           670         95588
     28        2         31221         89884
     29        2         29936        103986
     30        1           862         90391
     31        1           524         98398
     32        1           603         89894
     33        2         22308         89424
     34        2         26581         79197
     35        2         27501         93353
     36        2         33157         95999
     37        2         27254        100323
     38        2         58808         97386
     39        2         28299         95988
     40        2         31437         94944
     41        1           560         93050
     42        2         21992         95250
     43        2         29421        100103
     44        2         25311         95864
     45        1           649         97267
Standard and transitive algorithms inconsistent (0 != 2)
     47        2         35115         90354
     48        2         29414         96331
     49        1           622         98540
Attempt Distance          Time         TTime
      0        2         27554        100356
      1        1           966         92879
      2        2         27753         90956
      3        2         24314         89625
      4        2         29408         97030
      5        2         24592         92581
      6        2         33581         92623
      7        1           859         97889
      8        1          1049         96824
      9        2         29480         89493
     10        2         27062        100125
     11        2         35814        100580
     12        2         28473         95119
     13        1           893        112733
     14        2         32265        102106
     15        2         26155        113142
     16        2         27685         92699
     17        1          1026         95942
     18        2         23741        102793
     19        2         31486         96415
     20        1           788        100562
     21        2         22625         93730
     22        2         29688         93984
     23        2         26931         96235
     24        2         27940         96467
     25        1           901        106098
     26        1           931         97403
     27        1          1494         97714
     28        2         41486         85750
     29        2         33629         86824
     30        1          1046         98968
     31        1          1050         91162
     32        1           936         93291
     33        2         26030         99894
     34        2         31860         97680
     35        2         26928        104047
     36        2         32841        108094
     37        2         25657         82188
     38        2         19785         85595
     39        2         28721         95742
     40        2         26833         86783
     41        1           923         96323
     42        2         22734         97420
     43        2         27218         97445
     44        2         21003         82549
     45        1           766         90273
Standard and transitive algorithms inconsistent (0 != 2)
     47        2         22990         77043
     48        2         22006         90476
     49        1           910         98329
