Attempt Distance          Time         TTime         RTime        RTTime
      0        1           215          3720         29776          8379
      1        1           129          1234          5287          7087
      2        1            62          2488          7080         10297
      3        2          1067          4356          6382          6656
      4        2           846          1913          7305          4668
      5        1            54          2385          7222          6450
      6        2          1020           893          7251          4539
      7        1            46          1394          9885          6026
      8        1            87           913          7616          5724
      9        2          1472          2694         11639          8104
     10        2           482          1123          4210          5565
     11        2          1038          1633          5726          7556
     12        1            72          2554          8298         16275
     13        1            91          1032         10677          4776
     14        2           584           905         10149          4335
     15        2           856          3008          8912          9404
     16        1            81          1395          7880         11386
     17        1            28          2364          5097         13501
     18        1            49          1601          7386          7062
     19        1            37          1058          7884          5212
     20        1            64          2137          7491          5062
     21        2           676          4336          5736          7076
     22        2           568          1888          5569          5180
     23        2           606          1874          5492          7928
     24        1            43          2173          5859          5218
     25        2           742          5872          5476          5676
     26        2           468          2960          5434          5573
     27        1            76          5550          4686          6046
     28        2           627           713          2365          8375
     29        2           730           965          4860          5417
     30        2          1005          2232          5689          6110
     31        2           961           809          4832          3421
     32        2           611          4228          2219          3581
     33        1            29          1032          2371          2221
     34        1            20          2523          3059          3351
     35        1            39           639          2047          2213
     36        2           436           675          2223          4393
     37        2           600          1089          3150          3047
     38        1            43           681          1848          3766
     39        1            48           724          1987          2210
     40        1            19           717          1886          2193
     41        2           452          2344          2354          3301
     42        1            20           740          1931          2456
     43        1            28           700          3242          3355
     44        2           447           671          2200          2706
     45        2           411           740          2506          2411
     46        2           388          2018          3815          3820
     47        2           334           666          2033          3684
     48        1            39           699          3211          2107
     49        2           284           694          2058          2395
