Attempt Distance          Time         TTime
      0        1           189          1751
      1        2           216          1687
      2        2           154           824
      3        2           116           881
      4        2           107           981
      5        2           115           874
      6        2           194          1122
      7        2           177          1463
      8        2           215          1529
      9        2           300          1361
     10        2           282          1924
     11        2           151           841
     12        2           168           912
     13        2           215          1052
     14        2           222          1154
     15        2           161          1067
     16        2           218          1082
     17        2           188           762
     18        2           210           935
     19        2           178           741
     20        2           165           718
     21        2           157           758
     22        1            19           495
     23        2           106           412
     24        1             9           363
     25        2            63           377
     26        2            67           371
     27        2            68           419
     28        2            90           378
     29        3           219           339
     30        2            54           308
     31        2            64           366
     32        2            54           391
     33        2            61           298
     34        2            49           316
     35        3           273           333
     36        2            73           366
     37        3           522           405
     38        2            54           437
     39        2            68           436
     40        2            60           857
     41        2            93           419
     42        2            96           384
     43        2            56           569
     44        2           138           709
     45        3           527           624
     46        3           639           609
     47        2           169           756
     48        2           119           727
     49        2           121           701
Attempt Distance          Time         TTime
      0        1          6477         67596
      1        2         21647         59753
      2        2         20458         55324
      3        2         13966         65963
      4        2         11198        101080
      5        2         11882         69247
      6        2         15038         61953
      7        2         12016         59124
      8        2         12490         64408
      9        2         21716         66671
     10        2         14723         79279
     11        2         19136         66402
     12        2         18690         50749
     13        2         13574         60936
     14        2         14177         51936
     15        2          6351         56455
     16        2         10985         64256
     17        2         11515         64711
     18        2         12087         60888
     19        2          8028         67704
     20        2         10018         52038
     21        2          9120         62431
     22        1           509         74380
     23        2         10994         52539
     24        1           451         47269
     25        2          8096         45749
     26        2          7283         51068
     27        2          9008         56823
     28        2          9713         64359
     29        3         53593         54034
     30        2          9531         62459
     31        2         11562         55215
     32        2          5590         44749
     33        2          8949         46353
     34        2          8203         66224
     35        3         63035         46937
     36        2          9806         52374
     37        3         48856         58017
     38        2          7035         57965
     39        2          6912         51024
     40        2          8845         71321
     41        2         13108         53888
     42        2         44531         46483
     43        2          5730         58544
     44        2          7414         52061
     45        3         50342         55109
     46        3         56055         80674
     47        2          8134         59299
     48        2          3922         59361
     49        2          8310         61030
