Attempt Distance          Time         TTime
      0        3           127           108
      1        7           145           648
      2       -1            11             9
      3        6           179          3149
      4        5           169          5624
      5        5           320          5013
      6        7           254          2097
      7        8           173           334
      8        5           141          1632
      9        6           169          2031
     10        6           104          1018
     11        7           122           645
     12       -1            15            12
     13        7           303          3438
     14        2            30           166
     15        6           346          3768
     16        3            57           130
     17        6            78           815
     18        7           231          1747
     19        7           275          1812
     20        6           180          1464
     21       -1           372          7445
     22       -1            10             6
     23        3            37            81
     24        7           126           605
     25        5            75          1481
     26        5            77          1671
     27        4            38            40
     28        5            94          3770
     29        5           129          3825
     30        3            44           210
     31        7           251          1366
     32       -1           210          5277
     33        8           187           569
     34       -1             4             5
     35        3            19            46
     36        7            73           331
     37       -1           142          5189
     38        4            68           188
     39        6           118         10853
     40       -1            12             7
     41        7           136           911
     42        5           118          1201
     43        8           144          1236
     44       -1            15            10
     45       -1           186          5328
     46        7           206          1354
     47       -1            12             8
     48        5           177          2869
     49        4            36            28
Attempt Distance          Time         TTime
      0        3          7953         10729
      1        7         38965         79666
      2       -1           500           439
      3        6         38712        310076
      4        5         28727        494685
      5        5         27612        547230
      6        7         33417        256153
      7        8         20601         33458
      8        5         21804        220243
      9        6         30672        271785
     10        6         20286        185879
     11        7         23093         98874
     12       -1           196           177
     13        7         34287        327996
     14        2          1697         14410
     15        6         44186        616892
     16        3          5766         16713
     17        6          9620        125924
     18        7         29305        161962
     19        7         40424        240054
     20        6         14454        202860
     21       -1         43173       1753646
     22       -1           204           180
     23        3          3634         14657
     24        7         19985         74314
     25        5         14583        246069
     26        5         13015        224652
     27        4          8269         10617
     28        5         16318        306767
     29        5         16469        323616
     30        3          5521         15047
     31        7         29335        143314
     32       -1         30039       1545421
     33        8         31106        111328
     34       -1           215           233
     35        3          3513          7848
     36        7         16246         63276
     37       -1         60773       1948226
     38        4          8978          9256
     39        6         16366        183487
     40       -1           235           218
     41        7         25084        210971
     42        5         11837        280573
     43        8         39719        281615
     44       -1           589          1547
     45       -1         90491       1604502
     46        7         26074        186899
     47       -1           218           225
     48        5         25265        469221
     49        4          5026          6683
