Attempt Distance          Time         TTime
      0        2          1442          2088
      1        1            38          1977
      2        1            26          1558
      3        1            29          1468
      4        2           512          1633
      5        1            46          1567
      6        1            29          1334
      7        1            23          1307
      8        1            23          1499
      9        2           506          1321
     10        1            28          1499
     11        2           609          1519
     12        1            58          2108
     13        1            39          2009
     14        2           891          1566
     15        1            24          1412
     16        2           582          1158
     17        1            23          1093
     18        2           380          1260
     19        2           522          1154
     20        2           449          1107
     21        2           388           989
     22        1           125          1927
     23        2           614          1233
     24        1            16          1156
     25        1            43          1072
     26        2           312           786
     27        2           529          1054
     28        1            23          1171
     29        1            30          1066
     30        2           305           647
     31        2           271           679
     32        2           234           664
     33        1            15           691
     34        1            15           739
     35        1            24           728
     36        2           308           752
     37        2           365           813
     38        1            15           942
     39        2           495           957
     40        2           480           819
     41        2           287           842
     42        1            18           894
     43        1            17           879
     44        2           313           820
     45        2           235           689
     46        2           241           633
     47        2           258           631
     48        1            13           629
     49        2           260           636
Attempt Distance          Time         TTime
      0        2        103754        119867
      1        1          2306        141587
      2        1          2064        122762
      3        1          1570        130227
      4        2         99195        120759
      5        1          2109        106090
      6        1          1359        104213
      7        1           875        112390
      8        1           592        104682
      9        2         79042         93771
     10        1           721        110058
     11        2         44851        112215
     12        1           809         93325
     13        1           655         95473
     14        2         42471        104876
     15        1           766        115302
     16        2         51378         96731
     17        1          1248         91165
     18        2         42490        105215
     19        2         47145        115231
     20        2         44799         99481
     21        2         51023        114205
     22        1           660        116911
     23        2        106206        117295
     24        1           590         93794
     25        1           684        115645
     26        2         42139        108375
     27        2         41721        113621
     28        1           651         97166
     29        1           620        110310
     30        2         46473        101382
     31        2         47137        111590
     32        2         37278         94603
     33        1           659        116580
     34        1           737        105644
     35        1           636         90097
     36        2         43030         88021
     37        2         46149        111238
     38        1           969        113730
     39        2         70971        102519
     40        2         53732         97769
     41        2         38258        102905
     42        1           975        111247
     43        1           715        109259
     44        2         51093         97189
     45        2         38979        109610
     46        2         43646        126024
     47        2         74769        120220
     48        1           543        100330
     49        2         47257        114372
