Attempt Distance          Time         TTime
      0       -1           417          2440
      1       -1            14            10
      2       -1            12            11
      3       -1            11             8
      4       -1           165          1372
      5       -1            14            13
      6       -1           158           668
      7       -1             7             6
      8        5            16           103
      9       -1            13             9
     10       12           167           590
     11       -1            29            23
     12       -1           273          1586
     13        5            73           378
     14       -1            16            17
     15       -1           238          3076
     16       -1           138           818
     17       -1            49            42
     18       -1            18            16
     19       -1            19            21
     20       10           122           488
     21       13           134           889
     22        5            40           199
     23       -1            31            12
     24       -1            17            29
     25       -1           271          1383
     26        7            58           150
     27        9            99          3284
     28       -1           137           978
     29        9           118          3880
     30       12           265           914
     31        6            32           101
     32       -1            10            12
     33       -1           191          2495
     34       -1           147           957
     35       -1             9            11
     36       -1           131           807
     37       10            76           439
     38       -1            12            12
     39        6            25            76
     40       -1           146           792
     41        9           111           721
     42       -1            11            13
     43       -1             9             9
     44       -1           137           814
     45        5            59           168
     46       -1             7             8
     47       -1           382           712
     48        7            50            77
     49       10            22           101
Attempt Distance          Time         TTime
      0       -1         72483       1369541
      1       -1           307           365
      2       -1           237           319
      3       -1           357           328
      4       -1         45938       1148799
      5       -1           376           346
      6       -1         49390        372185
      7       -1           209           236
      8        5          1960         22475
      9       -1           237           222
     10       12         16102        172857
     11       -1          1092          2207
     12       -1         31335        372697
     13        5          3786         47869
     14       -1           705          1964
     15       -1         23211        366123
     16       -1         20230        275732
     17       -1           610          2687
     18       -1           191           196
     19       -1           691          2498
     20       10         11821         85261
     21       13         12722        219132
     22        5          3193         25901
     23       -1           218           231
     24       -1          1003          3738
     25       -1         18508        271900
     26        7          5523         30193
     27        9         11956        177148
     28       -1         17100        273546
     29        9         12276        173224
     30       12         13639        135044
     31        6          8394         16615
     32       -1           445          1260
     33       -1         19913        256186
     34       -1         23697        248833
     35       -1           219           231
     36       -1         16345        279925
     37       10          8804        102337
     38       -1           747          2929
     39        6          2922         15718
     40       -1         15385        240571
     41        9         12631        164945
     42       -1           366           829
     43       -1           154           143
     44       -1         14293        234050
     45        5          4038         30288
     46       -1           197           267
     47       -1         21760        288878
     48        7          5073         19724
     49       10          4021         32964
Attempt Distance          Time         TTime
      0       -1         18926        328475
      1       -1           546           581
      2       -1          1179           623
      3       -1           791           545
      4       -1         16797        226425
      5       -1           472           531
      6       -1         30675        220134
      7       -1           538           618
      8        5          1939         16339
      9       -1           457           459
     10       12         16352        108473
     11       -1          1223          1441
     12       -1         18495        297582
     13        5          3107         39693
     14       -1           557           895
     15       -1         16686        322490
     16       -1         19404        202999
     17       -1          1058          2190
     18       -1           345           393
     19       -1           715          2560
     20       10          9042         70815
     21       13         12350        140038
     22        5          2703         18786
     23       -1           721           481
     24       -1          1029          3439
     25       -1         19627        234334
     26        7          7455         33144
     27        9         14333        202081
     28       -1         17124        274590
     29        9         15818        155213
     30       12         16606        188977
     31        6          3129         13561
     32       -1           876          1194
     33       -1         12889        228794
     34       -1         22685        298368
     35       -1           715          1104
     36       -1         26197        249224
     37       10         17552        113455
     38       -1           923          2722
     39        6          3289         13927
     40       -1         15901        256726
     41        9         18332        177927
     42       -1           952          1862
     43       -1          1171           648
     44       -1         24973        249228
     45        5          4239         28541
     46       -1           541           534
     47       -1         20132        262296
     48        7          4876         19635
     49       10          4704         37768
