Attempt Distance          Time         TTime
      0        1           163          1485
      1        2           162           876
      2        2           140           741
      3        2           216          1007
      4        2           260           907
      5        2           178           872
      6        2           180           944
      7        1            24           982
      8        0             4           933
      9        2           158           960
     10        2           172           884
     11        3           690           573
     12        1            20           585
     13        3           481           548
     14        2           107           690
     15        2            80           751
     16        2           151           791
     17        2            84           599
     18        2           133           671
     19        2           100           619
     20        2            95           742
     21        2           105           641
     22        2           153           882
     23        2           129           949
     24        2           156           883
     25        2           159           857
     26        2           114           867
     27        3           705           766
     28        2           129           947
     29        2           116           970
     30        1            17           960
     31        2           133          1115
     32        3           877          1199
     33        2           297          1214
     34        2           175           925
     35        2           142           839
     36        2           110           904
     37        2            96           846
     38        3           780           939
     39        2           134           876
     40        2           144          1033
     41        1            29           918
     42        1            20           991
     43        2           195           876
     44        2           108           812
     45        2           157           834
     46        2           133           913
     47        2           195          1081
     48        2           119           854
     49        2           118           878
Attempt Distance          Time         TTime
      0        1          5876         79612
      1        2         19888         57619
      2        2         13040         62255
      3        2         20617         69636
      4        2         20010         62412
      5        2         10512         70480
      6        2         13439         79390
      7        1          1191         84674
Standard and transitive algorithms inconsistent (0 != 2)
      9        2         10895         75319
     10        2         24882         69724
     11        3         78445         70981
     12        1           458         60689
     13        3         64527         63673
     14        2          7153         61741
     15        2          9016         64910
     16        2          7464         69459
     17        2          7791         60338
     18        2         13183         63348
     19        2         10239         58617
     20        2          9951         76331
     21        2          8808         65072
     22        2          8783         67772
     23        2          8211         58983
     24        2         11150         78387
     25        2         13621         70683
     26        2          7990         70429
     27        3         65786         61000
     28        2          7789         65738
     29        2          7829         76014
     30        1           817         75326
     31        2          6261         49102
     32        3         48091         64736
     33        2         10568         60430
     34        2         11429         72600
     35        2          8178         67836
     36        2          8797         58279
     37        2          6046         52242
     38        3         81215         69083
     39        2          8484         64475
     40        2          7304         59352
     41        1           416         62252
     42        1           571         63025
     43        2          9440         68239
     44        2          9126         61671
     45        2          8375         59131
     46        2          9288         71476
     47        2          8220         73490
     48        2          8371         66719
     49        2          7450         61271
Attempt Distance          Time         TTime
      0        1          1514         62566
      1        2          8700         65833
      2        2          8279         68578
      3        2          9385         57645
      4        2         10446         56812
      5        2          6398         56800
      6        2          7844         74894
      7        1           710         61226
Standard and transitive algorithms inconsistent (0 != 2)
      9        2          5742         59218
     10        2          7797         71082
     11        3         47641         58659
     12        1           724         59590
     13        3         49043         58337
     14        2         17657         57106
     15        2          7360         58493
     16        2          6855         51991
     17        2          6552         57039
     18        2         10160         70092
     19        2          6992         60286
     20        2          8343         58336
     21        2          6952         59050
     22        2          7867         71261
     23        2          9333         66345
     24        2         10289         59870
     25        2          9857         63066
     26        2          7151         77076
     27        3         61912         59692
     28        2          8287         60160
     29        2          7241         71560
     30        1           805         64129
     31        2          6188         64406
     32        3         48354         62007
     33        2         10663         67811
     34        2          7180         65585
     35        2          7721         57503
     36        2          8949         66498
     37        2          6519         70524
     38        3         48942         57416
     39        2          6800         77454
     40        2          8300         74974
     41        1           748         58548
     42        1           935         66640
     43        2          8153         54438
     44        2          8119         65011
     45        2         19926         64819
     46        2          8998         60360
     47        2          7283         61161
     48        2          7063         60112
     49        2         17235         62602
