Attempt Distance          Time         TTime
      0        2           751          2009
      1        1            22          2221
      2        1            37          1960
      3        1            37          1858
      4        2           693          1678
      5        1            27          1802
      6        2           743          1477
      7        2           366          1181
      8        2           593          1932
      9        2           408          1605
     10        2           473          1091
     11        2           237          1001
     12        2           447          1273
     13        2           386          1237
     14        2           315          1112
     15        1            16          1199
     16        2           190           723
     17        2           496          1177
     18        1            19          1021
     19        2           337          1201
     20        2           532          1368
     21        2           398          1605
     22        2           329          1200
     23        1            15          1144
     24        2           162           766
     25        1            11           780
     26        2           215           720
     27        2           206           699
     28        1            11           736
     29        2           209           698
     30        2           198           784
     31        2           219           896
     32        2           248           873
     33        2           215           690
     34        1            23           601
     35        1            10           695
     36        2           267          1105
     37        2           272          1155
     38        2           409          1003
     39        2           151           651
     40        2           171           523
     41        2           151           517
     42        2           187           638
     43        2           231           696
     44        2           201           621
     45        2           127           525
     46        2           131           543
     47        2           123           508
     48        2           125           497
     49        2           167           544
Attempt Distance          Time         TTime
      0        2         61124         86076
      1        1          1283         94565
      2        1          1472         88672
      3        1          1447         89757
      4        2         60443        102265
      5        1          1014         83587
      6        2         45242         94997
      7        2         68660        105338
      8        2         37913         69243
      9        2         25733         75461
     10        2         21568         92567
     11        2         18571         74297
     12        2         22774         65632
     13        2         20898         89518
     14        2         21961         76246
     15        1           499         76034
     16        2         23449         74735
     17        2         23786         86016
     18        1           578         72690
     19        2         19104         81232
     20        2         28177         92484
     21        2         35646         96870
     22        2         19032         76167
     23        1           608         99645
     24        2         20796         65251
     25        1           632         75851
     26        2         22696         71341
     27        2         31176         82240
     28        1           441         71266
     29        2         27537         80305
     30        2         27677         88717
     31        2         21528         86227
     32        2         19240         75745
     33        2         66791         88363
     34        1           604         81003
     35        1           538         77548
     36        2         22193         92676
     37        2         20741         72056
     38        2         24722         73742
     39        2         18416         85860
     40        2         26312         74784
     41        2         27510         79297
     42        2         22917         73110
     43        2         22390         90617
     44        2         23965         69271
     45        2         20750         69601
     46        2         22081         84904
     47        2         20367         70215
     48        2         21832         71423
     49        2         21398         88011
