Attempt Distance          Time         TTime
      0        2          1030          1889
      1        1            22          1564
      2        1            29          1153
      3        2           568          1563
      4        2           506          1526
      5        2           644          1583
      6        2           539          1436
      7        2           522          1789
      8        2           545          1109
      9        1            22          1065
     10        2           356          1065
     11        2           435          1459
     12        2           413          1351
     13        2           437           949
     14        2           269           602
     15        2           406           622
     16        2           354           995
     17        2           298           677
     18        2           255           590
     19        2           285           681
     20        2           220           590
     21        2           272           601
     22        1            13           720
     23        2           306           682
     24        2           245           617
     25        2           208           608
     26        2           179           615
     27        2           235           704
     28        2           221           617
     29        2           224           613
     30        1            11           597
     31        2           250           519
     32        2           255           978
     33        2           257          1077
     34        1            60          1110
     35        2           432           978
     36        1            19           731
     37        2           210           553
     38        2           182           542
     39        2           171           498
     40        2           214           772
     41        1            13           784
     42        2           412          1051
     43        2           267           574
     44        2           160           549
     45        2           186           496
     46        1            11           492
     47        1            11           520
     48        2           240           779
     49        1            12           843
Attempt Distance          Time         TTime
      0        2         87581        103700
      1        1          1259        122932
      2        1          1332        124916
      3        2         76805         99404
      4        2         70529        100399
      5        2         80153        120679
      6        2         37317         73296
      7        2         30760         76576
      8        2         31290         99395
      9        1           561        106889
     10        2         52050         96538
     11        2         34317        115581
     12        2         28390        114876
     13        2         40370         91493
     14        2         43043         97100
     15        2         38022        117331
     16        2         32914         85993
     17        2         34314         91219
     18        2         35209        100153
     19        2         31419         93448
     20        2         72722         87777
     21        2         33056         83654
     22        1           691        115580
     23        2         41802         87198
     24        2         36558        100453
     25        2         35509        108888
     26        2         29061        106374
     27        2         29281         84686
     28        2         30461         95792
     29        2         45086        112713
     30        1           520         86993
     31        2         33895         80805
     32        2         31442        111465
     33        2         73714         93074
     34        1           628        118924
     35        2         33340        110945
     36        1           712         94331
     37        2         34924         83627
     38        2         29105         87507
     39        2         32554        120180
     40        2         35034         94477
     41        1          1109         97268
     42        2         36080        119408
     43        2         36230        102365
     44        2         28754         87851
     45        2         31102         79668
     46        1           602        110111
     47        1           601        107140
     48        2         41054         95238
     49        1           640        121661
Attempt Distance          Time         TTime
      0        2         40734         94146
      1        1          1260        107874
      2        1          1126        133132
      3        2         37618         93568
      4        2         33612         91833
      5        2         32063        114974
      6        2         32693         87706
      7        2         31712         94678
      8        2         64238         92606
      9        1           867         89999
     10        2         35071         84386
     11        2         59063         93693
     12        2         26021         88755
     13        2         35124        124068
     14        2         35174        118414
     15        2         39950         97067
     16        2         38504        106185
     17        2         31185         80380
     18        2         33024        106825
     19        2         29005         90474
     20        2         31508         85921
     21        2         34688        106975
     22        1           923         97690
     23        2         33487         84208
     24        2         31287        113305
     25        2         36355         93837
     26        2         28614         85815
     27        2         61111         87180
     28        2         29500         85840
     29        2         37212        114281
     30        1           879         88412
     31        2         33835         89724
     32        2         27637        111625
     33        2         33499        101353
     34        1          1011         99923
     35        2         32518        124328
     36        1           815         85849
     37        2         34060         81426
     38        2         31444        109758
     39        2         40346        125863
     40        2         39314         87475
     41        1          1014        124370
     42        2         39817         89902
     43        2         33133        103266
     44        2         36016        116900
     45        2         37039         90349
     46        1           778        117698
     47        1           841         92651
     48        2         34519         79492
     49        1           789        116939
