Attempt Distance          Time         TTime
      0        2           887          2711
      1        1            28          1310
      2        2           437          1043
      3        2           388          1307
      4        1            27          1477
      5        2           576          1345
      6        2           333           969
      7        2           304           879
      8        1            21          1020
      9        2           400          1118
     10        2           386          1123
     11        1            20          1312
     12        2           552          1624
     13        2           517          1559
     14        2           472          1610
     15        2           511          1005
     16        1            21          1001
     17        2           322          1200
     18        2           395          1207
     19        2           535          1485
     20        1            18           687
     21        1            13           648
     22        2           162           499
     23        1            13           586
     24        2           207           520
     25        2           225           611
     26        1            13           622
     27        2           261          1054
     28        2           413          1262
     29        1            29          1336
     30        1            28           998
     31        1            19           980
     32        2           366           861
     33        2           302           828
     34        2           269           787
     35        2           359          1094
     36        2           314           620
     37        2           203           507
     38        1            16           627
     39        2           158           526
     40        2           196           516
     41        2           155           515
     42        1            15           547
     43        1            21           600
     44        2           173           557
     45        1            12           586
     46        2           179           634
     47        1            13           649
     48        2           216           557
     49        2           193           555
Attempt Distance          Time         TTime
      0        2         82048        114727
      1        1          1671        119890
      2        2         70157        100255
      3        2         69351        104632
      4        1          1387        124252
      5        2         44306         83071
      6        2         35087        117913
      7        2         31802         77157
      8        1           634         87150
      9        2         28671         81644
     10        2         29166         82517
     11        1           801        127260
     12        2         76647         82706
     13        2         32045         80493
     14        2         29709         86418
     15        2         35916        119774
     16        1           793        100934
     17        2         33227         80950
     18        2         27573         84119
     19        2         32336         85372
     20        1           586        112916
     21        1           589         93038
     22        2         32836         90578
     23        1           591         89530
     24        2         28081         84583
     25        2         27258        120670
     26        1           829         91046
     27        2         29884         81050
     28        2         27788         83370
     29        1           600         94596
     30        1           571        119781
     31        1           583         84746
     32        2         75008         79589
     33        2         31939         90352
     34        2         34820         86081
     35        2         32861        112241
     36        2         26382         94143
     37        2         27775         79398
     38        1           684         97580
     39        2         26897         90113
     40        2         30649        118845
     41        2         29207         89582
     42        1           915        111434
     43        1           547         85918
     44        2         32096         80746
     45        1           523        123203
     46        2         30928         79185
     47        1           846         96272
     48        2         26722         77925
     49        2         61857        111687
Attempt Distance          Time         TTime
      0        2         28935         74342
      1        1           938         80082
      2        2         32655         80465
      3        2         28764        115517
      4        1           875         85065
      5        2         24634         68205
      6        2         24665         85211
      7        2         29199         83959
      8        1          1083        118136
      9        2         30362         86238
     10        2         30085         78422
     11        1           824         84420
     12        2         27095        112745
     13        2         27539         84892
     14        2         26537         82164
     15        2         29277         89244
     16        1          1328        118536
     17        2         30266         80016
     18        2         31448         89088
     19        2         32822         87266
     20        1           776        122039
     21        1           901         86217
     22        2         27117         81507
     23        1           811         85785
     24        2         25045        118027
     25        2         26246         86150
     26        1           964         93776
     27        2         26390         86597
     28        2         29929        116593
     29        1           891         95541
     30        1           815         91745
     31        1           818         89212
     32        2         29982         80341
     33        2         30741        120581
     34        2         33142         87412
     35        2         32646         85760
     36        2         24518        107056
     37        2         69969         83896
     38        1          1014         89307
     39        2         26560         88648
     40        2         30683         83911
     41        2         29753        121411
     42        1           773         82176
     43        1           733         84710
     44        2         31051        108494
     45        1           692        114164
     46        2         28781         88479
     47        1           927         96850
     48        2         28457         92424
     49        2         33078        126168
