Attempt Distance          Time         TTime
      0        2           657          1623
      1        2           473          1351
      2        2           447          1156
      3        2           336           972
      4        2           326          2092
      5        1            35          1515
      6        1            22          1554
      7        2           477          1660
      8        1            22          1007
      9        2           254          1182
     10        2           289          1120
     11        1            29          1254
     12        1            27          1262
     13        2           346          1097
     14        2           298          1342
     15        2           230           899
     16        1            12           811
     17        1            16           817
     18        2           196           753
     19        2           244           749
     20        2           232           866
     21        2           245           857
     22        2           233           872
     23        2           202           770
     24        2           158           885
     25        2           301           983
     26        2           244          1002
     27        2           298          1170
     28        2           468          1241
     29        2           207           943
     30        2           270           835
     31        2           191           852
     32        2           141           588
     33        2           211           943
     34        2           170           768
     35        2           116           602
     36        2           188           614
     37        2           145           542
     38        2           225           782
     39        2           170           698
     40        2           193           685
     41        2           217           619
     42        2           196           681
     43        1            12           730
     44        2           120           607
     45        2           166           611
     46        1            18           756
     47        1            16           617
     48        2           132           846
     49        1            19           833
Attempt Distance          Time         TTime
      0        2         51867         74034
      1        2         39711         94712
      2        2         36636         79826
      3        2         48989         90541
      4        2         29473         83527
      5        1          1205         76426
      6        1           767         68257
      7        2         31197         87705
      8        1           452         71275
      9        2         16250         68805
     10        2         38313         65764
     11        1           555         84962
     12        1           681         80407
     13        2         16296         76802
     14        2         15295         73487
     15        2         16633         78864
     16        1           630         79837
     17        1           576         83554
     18        2         25108         82373
     19        2         19260         84890
     20        2         19854         74576
     21        2         16811         71474
     22        2         17802         79032
     23        2         18503         80501
     24        2         15855         78943
     25        2         21778         68776
     26        2         16989         72308
     27        2         17704         71412
     28        2         14160         67690
     29        2         15539         83044
     30        2         22445         92742
     31        2         17605         79148
     32        2         18235         72502
     33        2         17157         76447
     34        2         17139         77634
     35        2         16717         78007
     36        2         20217         74907
     37        2         19270         98358
     38        2         22137         85691
     39        2         17625         82131
     40        2         49073         77854
     41        2         20814         80461
     42        2         19626         78772
     43        1           506         80819
     44        2         14422         68483
     45        2         16117         75496
     46        1           586         87165
     47        1           593         72739
     48        2         20406         71965
     49        1           414         75184
Attempt Distance          Time         TTime
      0        2         20713         78547
      1        2         20235         79663
      2        2         21349         80342
      3        2         16657         81396
      4        2         15232         70903
      5        1           838         87295
      6        1           805         79209
      7        2         17051         78054
      8        1           955         74753
      9        2         23443         72589
     10        2         17323         93773
     11        1           747         80281
     12        1           798         88345
     13        2         16908         80498
     14        2         16562         81110
     15        2         23599         72028
     16        1           878         89794
     17        1           833         82518
     18        2         17765         76734
     19        2         17336         72258
     20        2         17760         64816
     21        2         22430         76528
     22        2         17804         81562
     23        2         26103         77302
     24        2         14172         71072
     25        2         18427         75816
     26        2         16978         76645
     27        2         17065         71945
     28        2         12966         72678
     29        2         14676         64452
     30        2         25302         66865
     31        2         24030         71566
     32        2         24916         70102
     33        2         14111         78728
     34        2         17566         78391
     35        2         13788         78927
     36        2         17754         80199
     37        2         17548         76878
     38        2         19244         76969
     39        2         17460         76781
     40        2         16071         73535
     41        2         21282         76737
     42        2         18081         82896
     43        1           781         75559
     44        2         27372         70081
     45        2         23045         68115
     46        1           795         81097
     47        1           914         78808
     48        2         16625         74933
     49        1           772         79192
