Attempt Distance          Time         TTime         RTime        RTTime
      0        2          1212          2182         28329          9758
      1        1            93          1448         11797          8955
      2        2          2403          3239          4220          4052
      3        2           266          1131          4312          5771
      4        2           243          1250          4317         10169
      5        2           780          2157          4218          5480
      6        1            68           892          4515          3212
      7        2           114           736          7006          3586
      8        2           168           683          4107         25294
      9        2           371           669          2537          8184
     10        2           165          1536          3274          4486
     11        2           915           834          8481          3535
     12        2           330           923          8038          3109
     13        2           472          1034          4266          9054
     14        2           263          2313          2737          3517
     15        2           180           960          3444          3544
     16        2           216           923          2604          2175
     17        1            28          2130          3790          7053
     18        2           212           759          3034          3775
     19        2           312           990          8406         11673
     20        2           204           825          2760          2580
     21        2           225           855         21680          6215
     22        2           158           673          2115         11935
     23        2           114           723          2033          3057
     24        1            23           734          2829          2384
     25        3          1633          1401          7836          4416
     26        2           231           912          3695         10713
     27        2           331          1090          7881          5281
     28        2           113          1457          1586          3088
     29        2           386           367          3163          2491
     30        2           144          1018          2788          5270
     31        2           170           506          1521          2214
     32        2           131           394          1529          1858
     33        3           325          1476          5834          2421
     34        2           177           888          2205          2925
     35        2           109           453          4212          2251
     36        2            93           558          2010          2085
     37        2           167           751          1903          8128
     38        2           572           742          2086          1583
     39        2           170           418          1343          5442
     40        1            21          1241          1531          4433
     41        1            36          1136          2465          4494
     42        2           169           934          4886          2265
     43        2           172          1425          3684          3121
     44        2            76           905          1372          2472
     45        2           143           737          1353          3540
     46        2           352           745          3499          1749
     47        2           112           378          1141          1522
     48        2          1226          1457          4022          3420
     49        2           102           720          2071          2231
