Attempt Distance          Time         TTime         RTime        RTTime
      0        2          1678          3444         31005         13090
      1        2           471          1775         10903          6037
      2        2          1465          1149          6525         31674
      3        1           303          2553          8705          9201
      4        2          1657          4803          4208          5877
      5        2           494           656          2413          2695
      6        2          1069          1211          5527          3972
      7        2          1335          1500          7480          3895
      8        1            68          1748          5646          4462
      9        1            64          1394          4614          4041
     10        2           380           701          2147          2749
     11        1            26          1426          3068          5258
     12        2           599           900          3478          3361
     13        1           117           647          2637          2769
     14        2           501          1273          4275          8097
     15        1            58          1055          2936          3629
     16        2           271          1597          4507          3793
     17        1            27           944          2650          3656
     18        1            63           687          3637          2466
     19        2           380           991          2415          4014
     20        1            49           782          2997          3294
     21        2           376           847          2678          2797
     22        1            53           914          3841          2647
     23        2           271           632          2461          2170
     24        1            42           895          2253          4011
     25        1            28           599          2717          2132
     26        2           218           667          1722          1985
     27        2           349           796          4613          1857
     28        1            21           555          1456          1989
     29        1            19           673          2481          2407
     30        2           425           568          1797          1897
     31        1            65           933          2044          2356
     32        2           270           552          1680          2754
     33        2           547          1108          2915          2495
     34        2           237           643          2067          1867
     35        2           243          1157          1954          3474
     36        2           305           722          1850          2435
     37        2           284           570          1645          2194
     38        2           508           903          2963          2367
     39        2           267           648          1821          1853
     40        2           365           643          2001          2820
     41        2           412           735          2136          2091
     42        1            49           866          2225          3710
     43        2           700          1323          3527          3776
     44        2           430           660          2981          1972
     45        2           200          1175          2744          2085
     46        1            39           782          2085          2285
     47        1            18           726          1416          2001
     48        1            26          1115          3351          3456
     49        1            18           804          1728          2331
