Attempt Distance          Time         TTime
      0        2           556          1581
      1        2           226           980
      2        2           242           932
      3        3           759           764
      4        2           112           877
      5        2           193           828
      6        3          1189          1119
      7        2           191           822
      8        1            24          1065
      9        1            43          1313
     10        2           131          1086
     11        2           124           985
     12        2           212          1243
     13        3           578          1285
     14        1            31           953
     15        2           188           866
     16        2           134           914
     17        1            27           856
     18        2           124           869
     19        2           196          3914
     20        2           175           993
     21        2           152          1167
     22        2           157           847
     23        2           153           710
     24        3           692          1072
     25        3           899          2252
     26        2           123           799
     27        2           159           944
     28        2           112           903
     29        2            93           910
     30        2           114           784
     31        2           154           875
     32        3           703           921
     33        3           537           698
     34        2           103           516
     35        2            53           971
     36        2           116           978
     37        2           130          1031
     38        1            11           615
     39        2           119           918
     40        2           154           905
     41        2           145           887
     42        2           115           842
     43        3           652           958
     44        3           466           941
     45        2           136           962
     46        3           608           934
     47        3           683          1042
     48        2           165           966
     49        2           151           914
Attempt Distance          Time         TTime
      0        2         23831         71586
      1        2         18102         61514
      2        2         14620         63621
      3        3         79820         52273
      4        2          7865         60046
      5        2         13791         76073
      6        3        107557        111812
      7        2          8366         59522
      8        1          1004         53148
      9        1           986         58560
     10        2         20260        115344
     11        2          9621         79164
     12        2         11524         67613
     13        3         43102         71787
     14        1           848         58093
     15        2          8891         50846
     16        2          6529         44170
     17        1           365         51010
     18        2          6993         54266
     19        2          5940         55157
     20        2          7155         54656
     21        2          7976         76248
     22        2          6361         54598
     23        2          6243         59307
     24        3         47964        103886
     25        3         93159         66651
     26        2          5371         53158
     27        2          9853         60747
     28        2          5706         57424
     29        2          4768         82621
     30        2          8854         69616
     31        2          6447         63472
     32        3         47098         55542
     33        3         39966         57502
     34        2          6183         59636
     35        2          4756         54969
     36        2          5475         58870
     37        2          5564         72250
     38        1           548         57678
     39        2          4577         51779
     40        2          6435         44700
     41        2          8985         55480
     42        2          5073         54619
     43        3         31910         47472
     44        3         83501         52910
     45        2          6432         81305
     46        3         47559         67949
     47        3         73607         50634
     48        2          4689         48093
     49        2          8784         42834
Attempt Distance          Time         TTime
      0        2          5668         48954
      1        2          6701         49218
      2        2          6236         62618
      3        3         42613         49437
      4        2          4581         47252
      5        2          7060         50692
      6        3         45704         52246
      7        2          6332         54133
      8        1           667         77099
      9        1           790         65021
     10        2          4578         60096
     11        2          4765         53416
     12        2          5742         56743
     13        3         33618         59049
     14        1           840         58372
     15        2          6923         71457
     16        2          6290         53155
     17        1           801         55757
     18        2          7294         61076
     19        2          5161         57877
     20        2          6711         67968
     21        2          7716         68892
     22        2          5782         97697
     23        2          5836         80454
     24        3         39161         51271
     25        3         42859         69596
     26        2          5944         74459
     27        2          6162         66547
     28        2          5220         75861
     29        2          6629         54930
     30        2          7304         56086
     31        2          6782         69293
     32        3         52585         52797
     33        3         27979         53384
     34        2          4609         57078
     35        2          4406         77002
     36        2          4964         87454
     37        2         21393         96938
     38        1           630         60677
     39        2          6125         62600
     40        2          4949         62349
     41        2          5824         44633
     42        2          3927         70709
     43        3         32841         56976
     44        3         47177         51177
     45        2          7011         57996
     46        3         42154         67579
     47        3         44725         74727
     48        2          5724         65764
     49        2         12546         75408
