Attempt Distance          Time         TTime
      0        2           594          1976
      1        2           272          1105
      2        1            34          2212
      3        2           438          1513
      4        2           277          1493
      5        2           448          1441
      6        2           365          1609
      7        1            55          1471
      8        2           280          1028
      9        2           514          1583
     10        1            34          1603
     11        2           312          1027
     12        2           348           935
     13        2           365          1402
     14        2           330          1089
     15        2           277          1049
     16        1            20           935
     17        2           224           806
     18        2           258           895
     19        2           274           812
     20        2           173           832
     21        1            18          1137
     22        2           232          1074
     23        2           246           850
     24        1            16           882
     25        2           265           886
     26        2           215           993
     27        2           163           801
     28        2           241           859
     29        1            10           683
     30        2           236           603
     31        2           128           570
     32        2           138           569
     33        2           102           523
     34        2           116           633
     35        2           185           592
     36        2           156           674
     37        2           133           560
     38        2           122           554
     39        2           133           504
     40        2           139           835
     41        2           135          1030
     42        2           228          1101
     43        2           206           887
     44        1            28           800
     45        2           122           742
     46        2           371           999
     47        2           151           506
     48        2           108           537
     49        2           156           570
Attempt Distance          Time         TTime
      0        2         52964         91478
      1        2         31349        102250
      2        1          1136         80088
      3        2         45682         91385
      4        2         25895         75064
      5        2         36837         60885
      6        2         19981         82745
      7        1           696         61670
      8        2         18185         71102
      9        2         25844         91233
     10        1           494         71235
     11        2         13876         65736
     12        2         26982         71734
     13        2         46351         73832
     14        2         17454         78791
     15        2         15617         82043
     16        1           831         99974
     17        2         19031         70235
     18        2         15080         75542
     19        2         21089         76083
     20        2         20251         66622
     21        1           463         86114
     22        2         17003         70341
     23        2         19527         67656
     24        1           463         81078
     25        2         19175         76575
     26        2         18027        103871
     27        2         15609         63842
     28        2         17577         79698
     29        1           710         93118
     30        2         19167         75792
     31        2         16263         68989
     32        2         15452         63072
     33        2         15877         68458
     34        2         12252         78647
     35        2         23536         69245
     36        2         18345         79831
     37        2         13339         65475
     38        2         16358         62989
     39        2         16655         74238
     40        2         17927         70973
     41        2         14322         86107
     42        2         18105         69130
     43        2         15725         76467
     44        1           593         84326
     45        2         13170         78315
     46        2         60355         81206
     47        2         17726         69888
     48        2         15469         64416
     49        2         17702         79232
Attempt Distance          Time         TTime
      0        2         16556         71228
      1        2         14733         83608
      2        1           822         70216
      3        2         15533         81992
      4        2         14010         70299
      5        2         22542        116675
      6        2         16610         79013
      7        1           860         71273
      8        2         25908         71543
      9        2         14827         69407
     10        1           769         82780
     11        2         13619         63411
     12        2         16987         84361
     13        2         17645         69738
     14        2         14769         83347
     15        2         13785         73482
     16        1           721         80483
     17        2         15575         67400
     18        2         17938         84075
     19        2         25806         95976
     20        2         18084         88991
     21        1           867         75802
     22        2         14382         66548
     23        2         29418         68161
     24        1           768         70927
     25        2         17461         93056
     26        2         16328         79412
     27        2         16049         84968
     28        2         17262         77579
     29        1           733         85443
     30        2         18599         79208
     31        2         15088         91059
     32        2         18376         72232
     33        2         17523         80771
     34        2         11416         69867
     35        2         18981         67166
     36        2         25864         71460
     37        2         13776         76887
     38        2         16618         83435
     39        2         16088         80543
     40        2         16869         86586
     41        2         13519         69332
     42        2         17069         83987
     43        2         17016         83564
     44        1           785         83229
     45        2         12859         71189
     46        2         18588         84191
     47        2         17485         66309
     48        2         13757         81903
     49        2         18227         73312
