Attempt Distance          Time         TTime
      0        2           914          1527
      1        2           339          1087
      2        2           261           923
      3        2           575          1605
      4        1            25          1697
      5        2           569          1548
      6        2           484          1620
      7        2           570          1458
      8        1            43          1562
      9        2           588          1653
     10        2           930          1594
     11        0             8          1431
     12        2           458          1492
     13        2           502          1541
     14        1            34          1340
     15        2           498          1569
     16        2           589          1231
     17        2           419           621
     18        2           310           908
     19        1            45          1345
     20        2           305          1046
     21        2           354          1112
     22        1            37           971
     23        2           278           932
     24        2           313           959
     25        2           344         10191
     26        2           309           983
     27        2           431           893
     28        2           253         11066
     29        2           336           967
     30        2           276           898
     31        1            21           942
     32        1            21           988
     33        2           262           929
     34        2           233           825
     35        1            17           892
     36        2           249           840
     37        2           250           862
     38        1            21          1010
     39        2           513          1022
     40        2           348          1187
     41        2           437          1152
     42        2           291           737
     43        2           265           566
     44        1            22           665
     45        2           242           660
     46        2           196           775
     47        1            13           873
     48        2           320          1013
     49        1            48           637
Attempt Distance          Time         TTime
      0        2         98664         98411
      1        2         61915        111301
      2        2         46848        101285
      3        2         65456         91532
      4        1           807         91000
      5        2         30505         93914
      6        2         27611         92340
      7        2         28251         75211
      8        1           519         95942
      9        2         31689         94484
     10        2         38769         91526
Standard and transitive algorithms inconsistent (0 != 2)
     12        2         35680         94559
     13        2         34538         93612
     14        1           651         78992
     15        2         75240         76534
     16        2         37606        101232
     17        2         34971         91169
     18        2         33897         81324
     19        1           582         97942
     20        2         22298         94918
     21        2         25725         90649
     22        1           914         88060
     23        2         26942         67140
     24        2         22305         75161
     25        2         26289         75778
     26        2         22090         94197
     27        2         31953         91452
     28        2         25870         96171
     29        2         30527         91139
     30        2         62195         75093
     31        1           449         67164
     32        1           481         90945
     33        2         26828         93678
     34        2         27977        100837
     35        1           558         93091
     36        2         24771         92606
     37        2         29619         87083
     38        1           549        108019
     39        2         34631         87946
     40        2         28029        108830
     41        2         27351         87921
     42        2         22459         91862
     43        2         26443         97771
     44        1           562         98799
     45        2         27486         97451
     46        2         24064         82135
     47        1           549         93406
     48        2         22982         91627
     49        1           747         96266
Attempt Distance          Time         TTime
      0        2         30211         93061
      1        2         26267         98061
      2        2         23617         89984
      3        2         40748         83900
      4        1          1298        104104
      5        2         25988         89266
      6        2         24547         87862
      7        2         35322         92869
      8        1           952        101122
      9        2         37122         90781
     10        2         42322         81342
Standard and transitive algorithms inconsistent (0 != 2)
     12        2         42835         85148
     13        2         34999         92816
     14        1           995         86405
     15        2         47530         98323
     16        2         31077        103014
     17        2         35518        114870
     18        2         26195         91902
     19        1           795        104381
     20        2         22810         94427
     21        2         31180         99994
     22        1           858         98958
     23        2         23469         92696
     24        2         23821         90694
     25        2         30625         96006
     26        2         25917         89384
     27        2         33507         92446
     28        2         26522         87439
     29        2         28976         98226
     30        2         36384         81166
     31        1           799         98118
     32        1           703        100355
     33        2         26170         85929
     34        2         31064        100286
     35        1           945        109888
     36        2         24343        105138
     37        2         33330        102411
     38        1           916        106314
     39        2         32636        104243
     40        2         27621         98750
     41        2         32965         97972
     42        2         39190         94402
     43        2         43402         79747
     44        1           695         94845
     45        2         38246         91712
     46        2         39851         87712
     47        1           837        103563
     48        2         23534        102342
     49        1          1022        104459
