Attempt Distance          Time         TTime
      0        2           276         12123
      1        2            52           594
      2        3           220          6021
      3        2            86           484
      4        3           198          1090
      5        2            90           833
      6        4           521           297
      7        5           696         57437
      8        3           224           567
      9        3           127           349
     10        4           434           324
     11        4           347           297
     12        3            61           187
     13        3           111           272
     14        3           267           219
     15        2            26           219
     16        3            68           170
     17        4           101           137
     18        3           119           326
     19        3           146           298
     20        1            18           354
     21        4           326           252
     22        3           100           247
     23        2            98           441
     24        3           130           358
     25        3           155           314
     26        3            85           215
     27        2            28           211
     28        3           109           237
     29        3            92           182
     30        4           107           160
     31        3           121           250
     32        3           155           354
     33        3           162           306
     34        3           126           281
     35        2            55           286
     36        4           298           320
     37        3           178           302
     38        3           132           333
     39        2            92           313
     40        3           120           340
     41        2            16         10695
     42        2            34           224
     43        2            47           261
     44        3            89           196
     45        4           156           155
     46        4           197           226
     47        2            12           178
     48        4           173           216
     49        2            63           346
Attempt Distance          Time         TTime
      0        2         18093         55192
      1        2          8804         44041
      2        3         24195         37218
      3        2          7965         47872
      4        3         30324         48555
      5        2          4860         68032
      6        4         91686         39796
      7        5         86458       5349392
      8        3         15925         35407
      9        3         12290         33300
     10        4         48394         58157
     11        4         69414         38455
     12        3          8227         28095
     13        3         23600         39121
     14        3         21343         40128
     15        2          2943         36652
     16        3         11947         32019
     17        4         24132         21568
     18        3         63476         34633
     19        3         11968         34437
     20        1           331         42134
     21        4         40161         36937
     22        3         11821         34373
     23        2          3123         54523
     24        3         12255         46716
     25        3         18189         31835
     26        3         13047         29268
     27        2          1773         20709
     28        3         17201         33105
     29        3         18318         32006
     30        4         22361         17338
     31        3         12052         30729
     32        3         10977         31176
     33        3         14597         30202
     34        3         10135         28232
     35        2          1761         27051
     36        4         32205         24083
     37        3         11855         40681
     38        3         16564         29269
     39        2          3134         35714
     40        3         13642         28328
     41        2           727         12557
     42        2          4430         37082
     43        2          4052         41214
     44        3         12192         24630
     45        4         22861         17410
     46        4         34704         41587
     47        2          1340         26495
     48        4         21398         22070
     49        2          2751         36002
Attempt Distance          Time         TTime
      0        2          5098         34204
      1        2          1782         44610
      2        3          9103         35240
      3        2          4312         31672
      4        3         11306         32687
      5        2          2649         31445
      6        4         35765         28566
      7        5         44369       5079064
      8        3         15565         36878
      9        3         11300         33027
     10        4         26681         23703
     11        4         37401         37870
     12        3          8052         22763
     13        3         12298         34330
     14        3         18866         33197
     15        2          3143         36324
     16        3         13757         36236
     17        4         17737         24027
     18        3         22152         30845
     19        3         12777         33726
     20        1           451         39045
     21        4         42259         48170
     22        3         14712         40713
     23        2          3556         70525
     24        3         10176         36316
     25        3         19568         41569
     26        3         12231         30515
     27        2          2129         44164
     28        3         18678         61769
     29        3         15315         49497
     30        4         24220         24497
     31        3         12645         67075
     32        3         12214         35108
     33        3         14329         39941
     34        3          8390         28485
     35        2          2081         30191
     36        4         30125         29089
     37        3         11509         31314
     38        3         12210         34685
     39        2          2956         33450
     40        3         11179         38441
     41        2           932         24540
     42        2          3588         54832
     43        2          3577         45633
     44        3         15036         41568
     45        4         26981         27651
     46        4         52608         55039
     47        2          3927         60064
     48        4         31485         31413
     49        2          3032         46550
