Attempt Distance          Time         TTime
      0        2           834          2508
      1        2           731          2242
      2        2           615          1753
      3        2           518          1641
      4        2           334          1227
      5        2           466          1214
      6        1            52          2034
      7        2           422          1550
      8        1            27          1973
      9        2           587          1438
     10        1            28          1530
     11        2           551          1287
     12        2           411          1238
     13        2           546          1618
     14        1            15          1159
     15        2           207           919
     16        1            17          1075
     17        2           268          1072
     18        2           420           948
     19        2           305           844
     20        1            17          1487
     21        2           518          1270
     22        2           379          1110
     23        2           554          1605
     24        2           375          1128
     25        1            22          1316
     26        2           279           956
     27        2           286           872
     28        2           244          1250
     29        2           302           970
     30        2           150           860
     31        2           286          1239
     32        2           361          1020
     33        2           275           875
     34        2           182           791
     35        2           276           993
     36        1            12           965
     37        2           193           688
     38        1            12           709
     39        2           380           908
     40        2           251           739
     41        2           177           595
     42        1            14           718
     43        2           428          1039
     44        2           231          1080
     45        2           231           796
     46        2           200           684
     47        2           192           721
     48        1            12           683
     49        2           182           719
Attempt Distance          Time         TTime
      0        2         71659         82902
      1        2         56247         90570
      2        2         61516        148206
      3        2         45936         83052
      4        2         45648         98408
      5        2         37889         99944
      6        1           796         75397
      7        2         27893         85183
      8        1           515         86984
      9        2         28089         92970
     10        1           592         83047
     11        2         31617         85080
     12        2         26353        100501
     13        2         22849         88132
     14        1           602         83144
     15        2         21204         82289
     16        1           621        102200
     17        2         26470         82420
     18        2         27878         81006
     19        2         28162         96710
     20        1           571         77002
     21        2         28702         73522
     22        2         24912         80438
     23        2         73702         88435
     24        2         21281         82272
     25        1           541         88505
     26        2         26854         98194
     27        2         27852         87076
     28        2         23249         81368
     29        2         22331         80449
     30        2         29864         86366
     31        2         28678         79538
     32        2         25342         79532
     33        2         24420         91448
     34        2         21969         76096
     35        2         20831         85701
     36        1           610        113311
     37        2         28549         71806
     38        1           523         74954
     39        2         23497         69021
     40        2         25118         90902
     41        2         25701         77719
     42        1           439         74164
     43        2         70818         90412
     44        2         25443         86805
     45        2         33108         86644
     46        2         25061         96749
     47        2         26583         77588
     48        1           583         79114
     49        2         22557         81125
