Attempt Distance          Time         TTime
      0        1           143          2133
      1        2           964          2100
      2        2           996          1694
      3        2           679          1639
      4        2           569          1266
      5        2           721          1302
      6        2           603          1299
      7        2           576          1774
      8        2           837          2043
      9        1            37          1995
     10        1            36          2031
     11        2           641          1689
     12        2           368           811
     13        1            22           845
     14        2           261           734
     15        1            21           817
     16        2           332           679
     17        2           433           969
     18        2           482          1025
     19        1            37           974
     20        1            28          1207
     21        2           477          1037
     22        1            15          1149
     23        2           576          2504
     24        1            23          1291
     25        2           524          1417
     26        2           572          1317
     27        2           297          1150
     28        1            15          1089
     29        1            16           874
     30        1            16           989
     31        2           363          1005
     32        1           104          1957
     33        1            38          1255
     34        1            15          1120
     35        1            19          1134
     36        2           300           784
     37        2           301           870
     38        2           319           718
     39        2           380          1013
     40        1            25          1199
     41        1            34          1038
     42        2           310           899
     43        2           468           870
     44        2           315           832
     45        1            15           910
     46        2           275           880
     47        1            27          1075
     48        2           322          1092
     49        1            15           810
Attempt Distance          Time         TTime
      0        1          5706        109031
      1        2        123250        120569
      2        2         90073        119496
      3        2        112609        104746
      4        2         87986         92373
      5        2         43881        114905
      6        2         44378        116952
      7        2         45136        102432
      8        2         41942        106544
      9        1           726        113234
     10        1           743        111134
     11        2         37129        106165
     12        2         43716        113513
     13        1           823        118866
     14        2         36961        143956
     15        1           824        146309
     16        2         99632         97545
     17        2         44171        101929
     18        2         36785         99084
     19        1           625        110405
     20        1           777        112826
     21        2         37437        100087
     22        1           669        109098
     23        2         41871        108798
     24        1           786        111029
     25        2         37195        118292
     26        2         34021        111879
     27        2         30841        110990
     28        1           652        135125
     29        1           737        126107
     30        1           721        111821
     31        2         35935        107443
     32        1           773        116199
     33        1           714        105578
     34        1          1008        108262
     35        1           972        113303
     36        2         70156        110952
     37        2         44478        116209
     38        2         41805        109714
     39        2         42147        107709
     40        1           774        114167
     41        1           693        113277
     42        2         39734        107491
     43        2         35714        111942
     44        2         39301        109867
     45        1           670        112257
     46        2         37869        102185
     47        1           620        116058
     48        2         39923        101394
     49        1           590        119210
Attempt Distance          Time         TTime
      0        1          2523        110194
      1        2         55596        113459
      2        2         42753        109342
      3        2         37516        110867
      4        2         47877         98584
      5        2         41362        115132
      6        2         50857        107738
      7        2         42816        113968
      8        2         50156         99645
      9        1           920        112453
     10        1          1215        108513
     11        2         32807        112782
     12        2         43564        132237
     13        1          1177        111450
     14        2         44844        105392
     15        1           895        116403
     16        2         43894        106615
     17        2         50438        106745
     18        2         38552        111131
     19        1          1010        121399
     20        1          1021        108723
     21        2         38123        108189
     22        1           867        111329
     23        2         58903        106051
     24        1           977        109277
     25        2         33989        129049
     26        2         46095         98355
     27        2         35649        502633
     28        1          1002        111154
     29        1           925        122512
     30        1           991        101270
     31        2         33894         99553
     32        1           937        121015
     33        1           985         96338
     34        1           794         82135
     35        1           779        119804
     36        2         34976         97224
     37        2         38400        107147
     38        2         42495        118848
     39        2         41314         91030
     40        1           817         99355
     41        1           983        124023
     42        2         42664         90886
     43        2         31493         81098
     44        2         64191        114837
     45        1          1019         82878
     46        2         34983        115252
     47        1           866         99758
     48        2         40172         91553
     49        1           909        125988
