Attempt Distance          Time         TTime         RTime        RTTime
      0        1           198          5077         28110          9779
      1        2           970          1340          5616          7922
      2        2          1604          2272          5750          8494
      3        1            63          1227          5143         11276
      4        2           745          3054          3103          7322
      5        2           681          2181         11269          4957
      6        2          2611          1166          7416         11846
      7        2           747          2906         11218          7253
      8        2           975          4287         13052         11281
      9        1            49          4606          9758          8728
     10        1            64          2645          9718          6736
     11        2          2827          1875          8858         14520
     12        2           462          2450         11228         11793
     13        2           880          4342         15574         12324
     14        1            55          2619          8705         13479
     15        1            61          4366         13812          8104
     16        1           300          1667          8783          7035
     17        1            47          4365          8227          9467
     18        1           152          1658          7247          6019
     19        2           596          2951          8056          7392
     20        2           817           842          7906          9850
     21        1           125          1050          5238          9931
     22        1            36           832          3692          2884
     23        1            83          1448          7040          4712
     24        2           536          1547         11940          6398
     25        1            68          1366          5300          4677
     26        2          3876          1417          6419         13833
     27        2           698          2027          5133          8886
     28        1           434          2289          8670          9504
     29        2           914          1377          7517          3923
     30        2           796          2615          5490          4850
     31        1            55          3977          4951          4007
     32        1            42          1014          3858          4571
     33        2           715           743          2545          2532
     34        1            40          1772          3794          7129
     35        2           663          1233          2984          2194
     36        1            24          2020          5548          3062
     37        2           319           627          1881          2152
     38        2           337          1729          6097          4435
     39        1            38           909          2508          7259
     40        2           539           695          2694          2364
     41        2           285          5863          3087          3582
     42        2           436           628          2002          2646
     43        2          3698           707          3403          2137
     44        2           296           996          2059          3856
     45        1           480          1207          4346          2669
     46        2           271           674          1759          3879
     47        1            26           682          1734          2004
     48        2           304           614          1744          1982
     49        2           273           789          1854         10101
