Attempt Distance          Time         TTime         RTime        RTTime
      0        2          1308          3114         30360          8706
      1        2           420          1432          6459         11110
      2        2           281          2888          6351          3108
      3        2           385          1116          3822          8236
      4        2           332          1772          3331          6252
      5        2           250          2089          3597          5623
      6        2           398           765          3555          2238
      7        2           280          1098          2371          8022
      8        2           299          1036          3366          5174
      9        2           350           810          3858          2724
     10        2           146           491          1616          2947
     11        1            42           939          3814          2876
     12        2           199           958          2282          2844
     13        2           419           781          2926          4449
     14        1            36           443          1607          1564
     15        2           139          1721          2694          3843
     16        2           274           553          2183          1898
     17        2           177           986          1826          3314
     18        2           186           492          2979          2219
     19        2            91           630          1465          2173
     20        2           246          1039          6661          3889
     21        2           138           767          2697          3137
     22        2           201           642          2351          2496
     23        2           146           643          1784          1888
     24        2           154          1398          2279          3335
     25        2           199           565          2080          1877
     26        2           138           460          1601          1967
     27        2           168           654          2629          2489
     28        2           184          1604          2077          2229
     29        2           218           477          1990          2853
     30        2           233           702          2109          1695
     31        2           111           654          1202          1620
     32        1            22           457          1991          1399
     33        2           484           435          1833          1455
     34        2           107           435          1209          2015
     35        2           146           438          1497          1422
     36        1            14           418          1076          2554
     37        2           194           544          1902          1258
     38        1            19           346          1034          1149
     39        2            93           345          1102          1185
     40        2            88           597          1171          1424
     41        2          1370           569          2364          1737
     42        2            95           387          1317          1192
     43        2            89           462          1240          2055
     44        2            98           358          1388          2479
     45        2           212           386          1510          1188
     46        2            88           334           990          1211
     47        2           105           667          1031          1363
     48        2            97           380          1082          1989
     49        2           270           530          2213          1695
