Attempt Distance          Time         TTime         RTime        RTTime
      0        1           182          2980         32456         12855
      1        2          1295          2853         10181         11152
      2        2          1217          1709          7146         12149
      3        2           631          2745          9825          5244
      4        2           782           997         10042          3193
      5        1            35          4125          2779          4896
      6        2           710          5306          6433          5216
      7        2           720          2246          7075          5031
      8        2           721          2790          5112          7462
      9        1           105          2145          5165          5871
     10        1            67          2659          5701          5074
     11        2           529          1309          3502          6250
     12        1            29          1221          2398          3904
     13        2           929          3839          5514          4258
     14        2           732          3327          2838          6579
     15        2           439           792          3139          5598
     16        2          1121          1480          3790          4480
     17        2          1028          1075          5631          4713
     18        2           869           959          8779          5110
     19        2           493          3056          6856          5165
     20        2           562          3185          2817          8858
     21        2           867          2675          3495          5874
     22        2           503           731          2962          2510
     23        2           384          1410          7335          2435
     24        1            36           732          2197          2925
     25        2           747           880          2991          2653
     26        1            23           819          1758          4484
     27        2          1502           735          3808          2474
     28        2           370           678          2042          2233
     29        2           273           889          3351          2738
     30        2           314           707          2041          2280
     31        1            24           673          1817          3433
     32        1            39           764          2453          2891
     33        2           397           692          1953          2085
     34        2           327          1616          3852          3591
     35        1            22           723          2181          2826
     36        2           474          1855          3718          2506
     37        2           457           690          2102          2537
     38        2           356           653          2008          4085
     39        1            55           713          3376          2372
     40        1            19           804          2300          2818
     41        2           792           712          3902          2797
     42        2           492           850          2916          3582
     43        1            32           721          2528          2624
     44        2           352           793          2966          2365
     45        2           296          1419          2786          2690
     46        2           377           700          2272          2305
     47        1            37           778          1789          4276
     48        2           394           678          2210          2287
     49        2           277           723          2045          2246
