Attempt Distance          Time         TTime
      0        2           846          1528
      1        2           867          2047
      2        1            54          1894
      3        2           879          1816
      4        2           737          1458
      5        1            64           971
      6        2           344          1318
      7        2           543          1304
      8        1            31          1573
      9        1            49          1519
     10        1            32          1374
     11        2           446          1275
     12        2           394          1293
     13        2           583          1410
     14        2           420           989
     15        2           411           900
     16        2           245           780
     17        2           325           850
     18        1            14           617
     19        1            22           817
     20        2           283           688
     21        2           370           741
     22        2           292           793
     23        1            18           834
     24        1            27           872
     25        2           229           642
     26        2           233           599
     27        2           240           640
     28        1            16           682
     29        2           432           661
     30        2           181           610
     31        2           360           928
     32        2           195           671
     33        1            14           502
     34        2           169           530
     35        2           191           535
     36        1            17           589
     37        2           173           538
     38        1            19           672
     39        1            11           554
     40        2           222           519
     41        1            14           623
     42        2           202           593
     43        1            13           699
     44        1            25           694
     45        2           244           549
     46        2           202           547
     47        2           207           606
     48        1            13           811
     49        2           218           567
Attempt Distance          Time         TTime
      0        2         73013        131926
      1        2         74942         98844
      2        1          1236        108771
      3        2         66726         97378
      4        2         65593        127421
      5        1          1139         88396
      6        2         35530         80698
      7        2         31337         76156
      8        1           520        107530
      9        1           641         93299
     10        1           721         84445
     11        2         31627         81510
     12        2         68771         95146
     13        2         36331         79523
     14        2         35589         82999
     15        2         42742         85108
     16        2         32895        107285
     17        2         35331         81757
     18        1           890         91675
     19        1           680         87425
     20        2         34334        117415
     21        2         37642         80008
     22        2         28255         82844
     23        1           605         81324
     24        1           545        114552
     25        2         33857         76404
     26        2         79716        114591
     27        2         34594        110155
     28        1           605         94571
     29        2         26372         85245
     30        2         30307         78237
     31        2         36703        113625
     32        2         28551         88264
     33        1           593         84786
     34        2         28625         87422
     35        2         33268        118413
     36        1           599         85447
     37        2         28874         84736
     38        1           531         85079
     39        1           613        114716
     40        2         34789         84920
     41        1           611         87303
     42        2         31049         88326
     43        1           598        120489
     44        1           576         92327
     45        2         70111         85034
     46        2         34534         96427
     47        2         45718         83158
     48        1           685         90649
     49        2         34683         85125
Attempt Distance          Time         TTime
      0        2         27575        116527
      1        2         32995         88965
      2        1          1173        103504
      3        2         29869        114669
      4        2         31501         86148
      5        1           853         87600
      6        2         32189         89402
      7        2         69996         89791
      8        1           983         90898
      9        1           842        112035
     10        1          1005        146990
     11        2         43877         97460
     12        2         26415         97979
     13        2         31415        113115
     14        2         27729         86901
     15        2         38796         84033
     16        2         31769        106962
     17        2         28219         80025
     18        1           948         78998
     19        1           765         83677
     20        2         62586         80522
     21        2         34775         88749
     22        2         31677         85044
     23        1          1091        116079
     24        1           857         83117
     25        2         31093         82866
     26        2         31011        116651
     27        2         31361         90143
     28        1           992         92695
     29        2         30216        114551
     30        2         31795         85821
     31        2         37603         88275
     32        2         26543        117049
     33        1           887         94341
     34        2         36792        102708
     35        2         86966        179813
     36        1           651        116249
     37        2         34883        111482
     38        1          1005        118728
     39        1           873        180672
     40        2         50927        135863
     41        1           997        120219
     42        2         40717        123080
     43        1          1007         94299
     44        1           861         89511
     45        2         37125        111469
     46        2         33465         78482
     47        2         35253         87967
     48        1           854        101109
     49        2         48013         95698
