Attempt Distance          Time         TTime         RTime        RTTime
      0        1           365          6231         30483          6733
      1        2          1480          1527          6814          4790
      2        2          1074          2927          7125         13051
      3        2           836          2252          7481          8044
      4        2           757          1457         10234          3819
      5        1            81          2354          7788          5389
      6        1           338          2259          6716          5403
      7        2          2089           887          6115          4944
      8        1            49          1198          7541         10429
      9        2           940          1269          6775          5971
     10        1            48          1540          6623          6693
     11        1           245          1260          6626          8032
     12        2           573          1380          4906          6678
     13        1           224          1313          6449          7218
     14        2           829          1536          6521          6454
     15        2          1072          1256          4677          5690
     16        2          1146          1285          5155          5316
     17        1            58          2632          6499          8010
     18        1            80          1118          7204          4124
     19        2           459          4186          3369          6429
     20        2           440           668          2423          2331
     21        1            60          1050          3321          2281
     22        1            27           853          2056          3035
     23        1            25          1683          3251          3195
     24        2           566           722          2667          2390
     25        1            37          1619          2391          3208
     26        1            26           705          1905          3746
     27        2           423           700          2677          3356
     28        2           739           669          2239          2218
     29        2           368           988          3259          5070
     30        2           415           896          2755          2531
     31        1            24           657          1686          2205
     32        2           347           829          4715          2227
     33        2           396           643          1935          2751
     34        1            21           652          1883          3797
     35        2           505           669          2117          2148
     36        2           392           751          1987          2578
     37        2           488           882          4194          2224
     38        2           441           662          1942          2594
     39        1            36          1732          2950          2562
     40        1            22           700          1831          3730
     41        2           383           672          2109          6239
     42        2           456          1122          2309          2542
     43        2          1001          4655          3001          2784
     44        2           318           974          3214          4006
     45        2          1348          1224          6586          3480
     46        2           346           659          1882          4875
     47        2           409           671          2189          2354
     48        2           346           655          1845          2423
     49        2           781           810          3161          2703
