Attempt Distance          Time         TTime
      0        1           130          2512
      1        2           741          2036
      2        2           715          1656
      3        1            43          1768
      4        2           604          1377
      5        2           606          1914
      6        2           647          2119
      7        2           838          2048
      8        1            34          2064
      9        2           659          1651
     10        1            24          1417
     11        2           571          2056
     12        2           645          1500
     13        2           457           912
     14        2           440           925
     15        2           519          1042
     16        2           496           937
     17        2           453          1168
     18        2           519          1565
     19        1            41          1906
     20        2           972          1206
     21        2           498           964
     22        2           339           781
     23        2           358           864
     24        2           250           674
     25        2           475          1012
     26        2           375          1014
     27        2           480          1072
     28        1            20           889
     29        2           360           761
     30        2           254           795
     31        1            20          1044
     32        1            16          1219
     33        1            16           974
     34        2           262           705
     35        2           299           681
     36        2           325           754
     37        2           276           681
     38        2           279           921
     39        2           522           993
     40        2           365           697
     41        2           204           599
     42        1            15           723
     43        1            18           850
     44        1            18           768
     45        2           218           618
     46        2           247           611
     47        1            15           816
     48        2           333          1107
     49        2           331           888
Attempt Distance          Time         TTime
      0        1          5566        103256
      1        2        110678        119419
      2        2        108692        143941
      3        1          1605        132298
      4        2        122297        115811
      5        2         61956        105162
      6        2         34856         96363
      7        2         36590        107293
      8        1           649         95083
      9        2         41140        106926
     10        1           667         95688
     11        2         44280        111913
     12        2         41806        147799
     13        2         46105        103412
     14        2         59802        132564
     15        2         98236        125301
     16        2         78190        102822
     17        2         46182        120526
     18        2         33507        122802
     19        1           780         99519
     20        2         49189        110994
     21        2         36620        106117
     22        2         84575        119000
     23        2         44166        112512
     24        2         71905        115491
     25        2         58156        115757
     26        2         33527         97374
     27        2         38179         93819
     28        1           726         95039
     29        2         36872         76501
     30        2         49746         87796
     31        1           742        109707
     32        1           966        104941
     33        1           767        108631
     34        2         42159        113148
     35        2         42724         93767
     36        2         36252        103788
     37        2         72125         94471
     38        2         38950        111211
     39        2         42006        110376
     40        2         41596         97304
     41        2         32645        109914
     42        1           662        119613
     43        1           672         94230
     44        1           660        106793
     45        2         32533         83480
     46        2         41335        115598
     47        1           975        120291
     48        2         40287        101972
     49        2         41833        109279
