Attempt Distance          Time         TTime
      0        3           494           815
      1        3           222           455
      2        2            52           422
      3        3           155           352
      4        3           314           724
      5        4           397           481
      6        1            12           421
      7        4           342           404
      8        3           173           620
      9        2            81          1052
     10        3           180           644
     11        3           112           575
     12        3           329           744
     13        3           175          1077
     14        3           132           507
     15        3           209           497
     16        3           364           660
     17        3           219           592
     18        2            70           784
     19        3           295           726
     20        3           334           417
     21        3           143           341
     22        3            87           254
     23        3            76           242
     24        3           147           447
     25        1            33           692
     26        3           309           685
     27        2            83           840
     28        3           150           420
     29        4           357           350
     30        4           301           250
     31        4           307           346
     32        4           253           235
     33        2            59           466
     34        3           106           342
     35        3           147           344
     36        2            36           631
     37        3           213           708
     38        3           381           980
     39        3           266          1620
     40        3           610           921
     41        3           256           816
     42        4           580           504
     43        3           228           644
     44        3           213           534
     45        3           256           660
     46        3           187           705
     47        1            20           844
     48        2            55           821
     49        3           347           306
Attempt Distance          Time         TTime
      0        3         62642         63583
      1        3         55517         72587
      2        2          5905         82258
      3        3         39924         55691
      4        3         55937         58098
      5        4         87074         51719
      6        1           695        133906
      7        4        167283         94859
      8        3         85542         98043
      9        2         15449         86400
     10        3         63807        245655
     11        3        120611        183585
     12        3         34666         47015
     13        3         16205         34691
     14        3         11608         25610
     15        3         10592         33727
     16        3         31988         58324
     17        3         19768         46437
     18        2          5126        136473
     19        3         36738         95121
     20        3         34316         80005
     21        3         19274         41567
     22        3         14441         32630
     23        3         12199         28887
     24        3          8843         34894
     25        1           307         35476
     26        3         18525         41120
     27        2          2866         33767
     28        3         20954         38307
     29        4         40891         36578
     30        4         45175         40605
     31        4         36048         30276
     32        4         39189         40702
     33        2          5085         64186
     34        3         23609         53050
     35        3         21926         50524
     36        2          4417         39349
     37        3         11467         37053
     38        3         16836         54396
     39        3         15939         47195
     40        3         13595         48959
     41        3         12488         42164
     42        4         35925         30426
     43        3         19956         36803
     44        3         14584         29316
     45        3         11047         40896
     46        3         11433         41582
     47        1           630         43739
     48        2          2387         37528
     49        3         17607         44334
Attempt Distance          Time         TTime
      0        3         18085         48868
      1        3         11763         42386
      2        2          3143         40571
      3        3         16094         36268
      4        3         15330         35284
      5        4         39674         42984
      6        1           610         34308
      7        4         31043         33332
      8        3         15069         61273
      9        2          5354         61379
     10        3         10689         50491
     11        3          8167         56980
     12        3         31008         62096
     13        3         10539         33633
     14        3          5236         29390
     15        3          6913         27560
     16        3         22242         40059
     17        3         13130         42169
     18        2          5369         75889
     19        3         19559         43602
     20        3         10149         37683
     21        3         18109         39946
     22        3         10690         54906
     23        3         11627         38613
     24        3         12301         38298
     25        1           822         45813
     26        3         16854         52274
     27        2          2924         49497
     28        3         15814         33434
     29        4         41161         25842
     30        4         31330         32533
     31        4         32897         34474
     32        4         32887         36642
     33        2          5014         45865
     34        3         19423         68866
     35        3         18957         57272
     36        2          4850         54709
     37        3         10020         36421
     38        3         19697         57800
     39        3         14555         53176
     40        3         17871         46527
     41        3         14822         44063
     42        4         50642         66349
     43        3         28911         51238
     44        3         17446         49718
     45        3         16635         61832
     46        3         15696         49065
     47        1           705         52265
     48        2          3017         49547
     49        3         17961         47762
