Attempt Distance          Time         TTime
      0        1           122          2638
      1        2           719          1644
      2        2           547          1931
      3        2           645          1969
      4        2           532          1356
      5        2           626          1619
      6        2           517          1420
      7        2           366          1094
      8        2           425          1384
      9        1            18          1416
     10        2           486          1731
     11        1            66          1173
     12        1            16          1338
     13        2           548          1457
     14        2           402          1338
     15        1            22          1215
     16        2           412          1073
     17        1            21          1296
     18        2           262          1088
     19        2           342          1013
     20        2           231           897
     21        2           247          1156
     22        1            20          1317
     23        2           324          1226
     24        1            21          1593
     25        1            25          1515
     26        1            33          1546
     27        2           381          1290
     28        2           329          1075
     29        2           215           927
     30        2           241           789
     31        1            11           914
     32        2           204           936
     33        1            12          1129
     34        1            12           850
     35        2           216           715
     36        1            14           835
     37        2           202           741
     38        1            10          1080
     39        2           308          1100
     40        2           328           957
     41        2           194           601
     42        1            19           776
     43        2           198           829
     44        2           253           869
     45        2           289           938
     46        2           253           872
     47        2           292           767
     48        2           198           885
     49        2           224           742
Attempt Distance          Time         TTime
      0        1          4525        108005
      1        2         74391         81857
      2        2         73614        113732
      3        2         52957        103334
      4        2         64133         87126
      5        2         48522         85867
      6        2         38883         86696
      7        2         29562         77268
      8        2         26818         88988
      9        1           659         78437
     10        2         27089         83872
     11        1           636         89764
     12        1           571         92116
     13        2         35413         74898
     14        2         24667         84113
     15        1           535         94160
     16        2         24518         77645
     17        1           555         76814
     18        2         20553         80595
     19        2         20821         82542
     20        2         23764         82680
     21        2         27178         70876
     22        1           588         88018
     23        2         24863         78352
     24        1           641         79908
     25        1           702         73001
     26        1           473         80618
     27        2         21153         82714
     28        2         26177        114943
     29        2         22887         84667
     30        2         25384         84253
     31        1           546         83482
     32        2         20049         73012
     33        1           572         93086
     34        1           600         89895
     35        2         25320         88888
     36        1           573         93972
     37        2         29238        101047
     38        1           554         84956
     39        2         24191         86616
     40        2         23447         79959
     41        2         25915         82485
     42        1           542         90247
     43        2         23639         84903
     44        2         24729         76469
     45        2         22332         84609
     46        2         27057         84696
     47        2         24341         84599
     48        2         23332         74636
     49        2         20022         84648
