Attempt Distance          Time         TTime
      0        3           420           952
      1        4           437           410
      2        2            75           695
      3        3           337           805
      4        3           133           646
      5        3           276           668
      6        3           326           796
      7        2           114           989
      8        2            41           538
      9        3           303           571
     10        3           212           582
     11        3           201           839
     12        3           151           557
     13        3           229           606
     14        3           139           483
     15        2            69           730
     16        2            60           674
     17        4           448           602
     18        3           210           630
     19        3           203           569
     20        3           179           469
     21        3           218           494
     22        3           202           516
     23        3           184           547
     24        2            40           593
     25        3           176           594
     26        3           350           672
     27        3           133           521
     28        2            53           580
     29        4           347           561
     30        2            67           697
     31        3           818          1639
     32        4           673           430
     33        4           308           399
     34        3           300           774
     35        2            99          2611
     36        4           435           438
     37        3           181           493
     38        3           133           487
     39        3           319           331
     40        3            94           307
     41        4           195           401
     42        3            88           268
     43        3           100           383
     44        3           141           418
     45        3           212           563
     46        3           260          1120
     47        3           121           865
     48        3           260          1925
     49        3           216           553
Attempt Distance          Time         TTime
      0        3         81640         49349
      1        4         58035         37392
      2        2          7810         47323
      3        3         33279         45438
      4        3          9271         29937
      5        3         22390         40403
      6        3         21720         51985
      7        2          3657         43961
      8        2          2931         36830
      9        3         31688         40648
     10        3         18691         42658
     11        3         20603         35497
     12        3         11180         30880
     13        3         19271         41001
     14        3         17119         34544
     15        2          5172         41009
     16        2          3232         49664
     17        4         41082         21658
     18        3         15841         32894
     19        3         20768         31420
     20        3         13372         35104
     21        3         23786         38855
     22        3         17443         39891
     23        3         11339         29464
     24        2          2248         41611
     25        3         13153         35726
     26        3         18342         40276
     27        3          7307         33824
     28        2          3801         39119
     29        4         29992         25716
     30        2          2748         38949
     31        3         24164         45679
     32        4         60595         45118
     33        4         72956         46754
     34        3         25876         45940
     35        2          5730         82560
     36        4         59692         38604
     37        3         17022         34932
     38        3         13551         33150
     39        3         15389         41019
     40        3         15136         36742
     41        4         41439         34302
     42        3         10574         31054
     43        3          8260         34386
     44        3         14875         32172
     45        3         17854         34964
     46        3         14933         52161
     47        3          6712         23605
     48        3         15985         39878
     49        3         18859         42249
