Attempt Distance          Time         TTime         RTime        RTTime
      0        2          1621          3317         34444         12893
      1        2           516          1935          7012          5364
      2        2           594          1081          6517          3840
      3        1            48          1107         13647          8478
      4        2           427          1754          7151         11190
      5        2           314          1162          4403          5397
      6        2           316          1490          5368         13758
      7        2           386          2835          3953         13312
      8        2           483          1514          8607          4614
      9        2           465          4603          5266          8436
     10        1           194         11419          4749          6733
     11        2           423          1128          9807          4076
     12        2          2108          1467          6533          4105
     13        2           246           837          9004          3369
     14        2           376          1347          4389          4024
     15        2           360           822          2921          4234
     16        2           297          1110          3599          4918
     17        2           271          1437          6301          3435
     18        2          2824          3034          5275          3369
     19        2           367          1082          4705          4290
     20        2           318          1205          4210          6531
     21        2           308          1010          2588          4174
     22        2           271           763          4088          2977
     23        2           136           941          2317          3441
     24        2          1382           799          4762          3673
     25        1            34          1173          4045          6734
     26        2           221           829          2035          4749
     27        2           417           852          3898          2269
     28        2           355          2689          2455          3681
     29        2           200           840          1703          2696
     30        2           192           573          1791          2969
     31        2           527           668          4518          2433
     32        2           293           734          2414          3523
     33        2           232           638          5171          2406
     34        2           233           469          1808          3426
     35        1            28          2000          3116          2814
     36        2           183           722          2435          2020
     37        2           332           413          2254          1337
     38        2           114           355          1171          1305
     39        2           136           427          1362          2249
     40        2           127          2468          3061          3412
     41        2           201           495          1491          1435
     42        2           163           393          1276          1308
     43        2           351           610          2142          1937
     44        2           157           431          1275          1402
     45        2           109           383          1133          1298
     46        2            96           392          1075          1251
     47        2            93           407          1147          2003
     48        2           218           494          2258          1434
     49        1            13           449          1073          1584
