Attempt Distance          Time         TTime         RTime        RTTime
      0        2          1827          1920         28355          9835
      1        1            96          1205          5731          6719
      2        2           790          1723          6425          7901
      3        1            48          2776          7233         13380
      4        2          1284          3352          6849         12793
      5        2          1127          2415          7094         10780
      6        1            76          3089          6321          6762
      7        2          1335          1719          6041          7928
      8        1            77          5236          7441          9477
      9        2           798          2730         10114          5879
     10        2           904          1520          6107          8340
     11        2           525          1227          3723          6623
     12        2           802          1472          6550          6790
     13        1            51          1259          4584          6923
     14        2          1092          2133          7953          7828
     15        2           860          1794          6679          7917
     16        2           800          1350          3605          4844
     17        2           796          1178          6278          4623
     18        2           519          1483          7119          5281
     19        1            83          2113          3171          5648
     20        1            44           821          3398          2933
     21        2          1081          1100          4428          3671
     22        2           368           720          2747          4260
     23        2           505           821          3097          2640
     24        1            58           822          4816          6638
     25        1            46           809          3932          2953
     26        2           634           771          5679          2815
     27        2           536          1326          2684          4495
     28        1            64          1183          4369          3634
     29        2           639          1623          3203          4342
     30        2           711           804          3998          3232
     31        2           554           902          5337          2602
     32        2           629          1089          3943          4458
     33        2           662          1050          3518          2398
     34        2           364           691          2248          2171
     35        2           908          1524          3616          3379
     36        1            43          1297          3173          4257
     37        1            41          1303          2581          3709
     38        1            43           651          3032          4296
     39        2           455           684          2306          2164
     40        1            17          1187          1793          2888
     41        1            55           716          3274          2468
     42        2           463           630          1915          2784
     43        2           521          1183          5777          2952
     44        2           397           860          3636          5911
     45        2           636           814          3649          2497
     46        2           270           724          1841          2163
     47        2           315          1159          5364          2534
     48        2           228           609          1763          2039
     49        2           241          2122          2100          3282
