Attempt Distance          Time         TTime
      0        2           376          1290
      1        2           174          1206
      2        2           177           989
      3        2           260          1409
      4        3           933          1040
      5        2           229          1035
      6        2           142           931
      7        2           159           965
      8        2           142           880
      9        2           205          1007
     10        3           856          1012
     11        2           166           820
     12        2           162           939
     13        3           665           758
     14        1            28          1074
     15        2           105           490
     16        2            85           745
     17        2           145           668
     18        2           171          1167
     19        2           212           700
     20        2           131           531
     21        2            92           601
     22        2           116           474
     23        3           363           503
     24        2            73          1416
     25        1            30           974
     26        3           383           548
     27        2           100           620
     28        2            94           506
     29        3           462           647
     30        3           507           515
     31        2            78           508
     32        2            54           541
     33        2            89           533
     34        2            53           506
     35        2           193          1113
     36        2           143           989
     37        2           132           887
     38        2           122           622
     39        3           379           513
     40        2           141           608
     41        2           141           578
     42        2            95           509
     43        2            91           535
     44        2            84           479
     45        2            84           477
     46        2           101           487
     47        2            78           450
     48        2            69           494
     49        2            99           470
Attempt Distance          Time         TTime
      0        2         27612         58869
      1        2         14144         64685
      2        2         19090         66668
      3        2         17586         78660
      4        3        110161         52315
      5        2         28112         86852
      6        2         21111         87553
      7        2         13146         65077
      8        2         15698         77929
      9        2         18460         59835
     10        3        138546         91490
     11        2         22720         97983
     12        2         14995        115782
     13        3         87862         49977
     14        1           447         60831
     15        2         14552         78574
     16        2          9668         52504
     17        2          6239         73336
     18        2          5676         64260
     19        2          8101         74300
     20        2          9176         71902
     21        2          9586         60971
     22        2         10724        104347
     23        3         50124         46255
     24        2          4950         44809
     25        1           454         56492
     26        3         57813         66757
     27        2          6702         61525
     28        2          9128         71555
     29        3         37332         65233
     30        3         88924         64872
     31        2          7329         60255
     32        2          3727         61702
     33        2          7973         56094
     34        2          4795         65194
     35        2          6890         69164
     36        2          6703         51593
     37        2          7244         51381
     38        2          6222         49599
     39        3         43684         53029
     40        2         14806         66629
     41        2         10024         57853
     42        2          7550         63194
     43        2         10206         62548
     44        2          9069         68578
     45        2          7927         64074
     46        2          6041         62265
     47        2          8138         60178
     48        2          5991         60982
     49        2         10939         79840
