Attempt Distance          Time         TTime         RTime        RTTime
      0        2           873          5089         23980          8924
      1        2          4089          1277          9147          5884
      2        2           407          1099          5554          5826
      3        1            50          1706          5735         11155
      4        2           755           534          3117          7482
      5        2           287          1068          2931          2849
      6        2           328           829          4804          2994
      7        2           441          1362          4063          5443
      8        1            42           965          3076          5051
      9        2           637           847          3358          3801
     10        2          1137          1273          4168          3965
     11        2           204           882          2624          4542
     12        2           866           798          2995          3973
     13        1            34           900          2007          7059
     14        2           240          1099          2820          2112
     15        2           264           847          1608          5866
     16        2           523           831          3464          3243
     17        2           271          1326          5046          3099
     18        1            37           822          3413          1953
     19        2           414           818          3043          3133
     20        2           291           466          2132          2910
     21        2           468           981          4106          3105
     22        2           155           823          1867          2131
     23        2           196          1033          3741          2038
     24        2           198           506          2983          3200
     25        2           384          1620          3064          4467
     26        2           178           752          2170          2535
     27        2           275           484          1850          3128
     28        2           321           479          1548          1644
     29        2           130           431          1226          1480
     30        2           241           456          1387          1491
     31        1            12           806          1688          2260
     32        2           146           442          1731          1579
     33        2           124           385          1151          1354
     34        1            23           455          1529          1587
     35        2           142           544          2921          1692
     36        1            25           636          1693          2045
     37        2           215           513          1709          1546
     38        2           158          1017          2106          2346
     39        2           208           420          1386          1403
     40        2           136           450          2022          1420
     41        1            21           511          2044          2426
     42        2           171           415          1306          1442
     43        2           138           665          1593          1878
     44        1            14           495          1373          1766
     45        2           135          1423          1562          2407
     46        2           240           434          1425          1459
     47        2           142           531          1859          2515
     48        2           121           495          1405          2776
     49        2           339          1074          2458          2978
