Attempt Distance          Time         TTime
      0        2           892          2450
      1        1            23          1628
      2        2           420          1987
      3        1            59          1151
      4        2           373          1708
      5        2           363          2681
      6        2           318          1596
      7        2           875          2536
      8        2           465          1887
      9        2           376          1084
     10        2           385          1103
     11        1            39          1178
     12        2           316          1220
     13        2           365          1387
     14        2           665          1478
     15        2           370          1318
     16        2           287          1587
     17        2           579          1616
     18        2           412          1439
     19        0             8          2011
     20        1            31          1005
     21        2           207           702
     22        2           395           846
     23        2           153           664
     24        2           173           680
     25        1            15           783
     26        2           113           618
     27        1             9           661
     28        2           230          1119
     29        2           180           946
     30        2           190           767
     31        2           291           747
     32        2           167           833
     33        2           383          1556
     34        2           289           689
     35        2           134           853
     36        2           199           712
     37        2           148           643
     38        2           193           732
     39        2           259           778
     40        2           394           747
     41        2           128           660
     42        2           223           971
     43        2           186           916
     44        2           183           848
     45        1            13           754
     46        2           151           655
     47        2           133           731
     48        1            17           709
     49        2           138           692
Attempt Distance          Time         TTime
      0        2         51990         77629
      1        1          1112         82037
      2        2         45769        113270
      3        1          1224        178944
      4        2         34067        102711
      5        2         29183         76920
      6        2         25806        103456
      7        2         51894         90673
      8        2         27025         79733
      9        2         38601         78514
     10        2         35179        100439
     11        1           500         92823
     12        2         15145         66513
     13        2         14232         60154
     14        2         17679         79867
     15        2         26157         74385
     16        2         14743        104383
     17        2         22577         61237
     18        2         16777         91540
Standard and transitive algorithms inconsistent (0 != 1)
     20        1           562         77016
     21        2         27894        113685
     22        2         33677         62899
     23        2         17646         78867
     24        2         24807         84549
     25        1           471         90615
     26        2         13438         82106
     27        1           417        105811
     28        2         25356         61887
     29        2         12972         91450
     30        2         17059         76697
     31        2         21797         88398
     32        2         18688         96074
     33        2         13120        103332
     34        2         21201         72993
     35        2         10460         59502
     36        2         15094         81700
     37        2         16261         59832
     38        2         16388         57883
     39        2         20796         67455
     40        2         21903         85953
     41        2         19417         84658
     42        2         14460         78031
     43        2         17380         71398
     44        2         17274        101791
     45        1           627        100517
     46        2         31217         90520
     47        2         15985         99408
     48        1           444         73624
     49        2         17266         69529
