Attempt Distance          Time         TTime         RTime        RTTime
      0        2          2146          3321         60609         16464
      1        2           987          1827          6041          4046
      2        1            56          1739          6736          9289
      3        2           519          3339          7305         15120
      4        2          1028          1845          5357          6510
      5        1            45          1089          3705          8047
      6        2           516          1059          4753         12008
      7        2           504          2516          4508          7217
      8        2           504           830          2891          7074
      9        2          1153          1510          3944          7293
     10        1           126          1385          6613          4867
     11        2           493           801          2889          3287
     12        2           415          1067          2716          9257
     13        2           389           733          3048          3659
     14        2           620          1720          6178          2425
     15        2           516           713          2464          4347
     16        1            46           929          4987          3626
     17        2           412           920          5864          3625
     18        2           428          1376          3132          6633
     19        1            43          1376          2755          4303
     20        2           559          1900          6359          3232
     21        1            47           822          2612          4848
     22        2           535           980          3972          2400
     23        2           319          1179          2342          5737
     24        2           258          1016          1961          4310
     25        1            63          2202          2579          5133
     26        2           318          1176          2135          2598
     27        1            27          2077          4051          4236
     28        2           449           901          1931          2217
     29        1            60          1217          4646          3889
     30        1            48          1090          2711          6255
     31        1            24           822          2123          2027
     32        2           259           548          1809          2718
     33        2           693           596          2841          1836
     34        2           177           574          1920          2095
     35        2           253           861          1647          3362
     36        2           438           551          1867          1872
     37        1            26           657          1545          2646
     38        1            33          1491          1653          3983
     39        2           496           599          2888          2025
     40        1            22           632          2498          3161
     41        1            21           743          1485          1934
     42        2           250           822          1791          1996
     43        2           209           688          2014          3455
     44        2           456           702          1920          3233
     45        2           240           565          1827          2282
     46        1            21          1322          1430          2279
     47        1            18          1168          2892          2868
     48        2           358           560          2500          2791
     49        2           552           607          2942          1898
