Attempt Distance          Time         TTime
      0        2           459          1522
      1        1            29          1018
      2        2           142           693
      3        2           121           694
      4        2           510          1276
      5        2           340          1271
      6        2           172          1284
      7        2           252          1116
      8        2           253          1093
      9        1            22          1131
     10        1            19           983
     11        2           145          1180
     12        2           230          1348
     13        2           186          1115
     14        2           192          1145
     15        2           258          1394
     16        2           210          1253
     17        2           331          1163
     18        2           205          1051
     19        2           180          1095
     20        2           259           658
     21        2            89           587
     22        2            87           474
     23        2           115           475
     24        2           117           680
     25        2           108           772
     26        2           174           808
     27        2           148           847
     28        1            15          1003
     29        2           216          1030
     30        2           198          1333
     31        1            27          1011
     32        2           195          1338
     33        2           177           760
     34        2           169           787
     35        2           207           836
     36        2           244           998
     37        1            20           752
     38        2           133           769
     39        3           685           759
     40        2           165           695
     41        2           145           664
     42        2           132           659
     43        1            14           697
     44        2           136           711
     45        2            99           674
     46        2            77           717
     47        2           108           647
     48        2           135           604
     49        2           137           685
Attempt Distance          Time         TTime
      0        2         34294         74747
      1        1           959         72640
      2        2         17041         59577
      3        2         18215         70919
      4        2         26119         63377
      5        2         15986         74646
      6        2         15227         72903
      7        2         17504        101004
      8        2         30837         67493
      9        1           665         52646
     10        1           643         57173
     11        2         16642         61986
     12        2         12266         59732
     13        2         11603         61010
     14        2         10589         61745
     15        2         18041        106606
     16        2         22814        111451
     17        2         22885         96303
     18        2         26392         69885
     19        2          9318         72862
     20        2         13353         76226
     21        2         13615         73523
     22        2          9088         67231
     23        2         20461         99039
     24        2          9853         76182
     25        2          7436         56535
     26        2         18266         58297
     27        2          9891         83024
     28        1           621         79743
     29        2         26209         82227
     30        2         19800         66520
     31        1           458         71709
     32        2         11050         87994
     33        2         14947         66579
     34        2         43914         56027
     35        2         11838         50530
     36        2          8545         52312
     37        1           397         57628
     38        2         11015         60907
     39        3         69819         60401
     40        2         14525         84339
     41        2         14695         69291
     42        2         14785         65947
     43        1           467         59084
     44        2         13609         52565
     45        2          7917         60982
     46        2          8407         60075
     47        2         10000         58750
     48        2         12825         81315
     49        2          9105         65018
