Attempt Distance          Time         TTime         RTime        RTTime
      0        2          1962          9519         34122         23827
      1        2           787          1215         14868         10946
      2        2           852          3617         10187          7295
      3        2          1370          7657         12282          8866
      4        2           972          1002         11377          3031
      5        2           946          1439          8876          4810
      6        2           752          2875          6627         10421
      7        1            90          2737          5809         13945
      8        1            71          2414         13703         10681
      9        1            50          2019          6898         15185
     10        2           920          2635         14828         15981
     11        2           747          2180         19010         11526
     12        2          1735          5046         10768         10134
     13        1            50          2945         16850          7372
     14        2           780          1462          8490          9776
     15        2           810          1541          8198          9836
     16        2           621          2584          5708          9779
     17        1            41          1917          9932          7336
     18        2           728          1402          8425          5233
     19        2           852          1789          5308          4981
     20        1            37          2150          6949          4778
     21        2           644          1936          8120          4666
     22        2           506          5692          3999          4237
     23        2           333           943          3571          7522
     24        2           720           813          7262          4949
     25        2           745           786          4708          3730
     26        2           448          1322          6008          5164
     27        2           534           954          2851          6354
     28        2           369          1861          3632          3417
     29        2           933          1757          4492          4002
     30        2           566          1808          5635          5108
     31        2           381           635          2182          2398
     32        2          2062           858          3663          2588
     33        2           482          1307          3736          6599
     34        1            52          1133          3734          4916
     35        2           628          1949          6264          3525
     36        2           517          1499          6464          3767
     37        2           522           749          3140          2969
     38        1            55          1103          3676          3500
     39        2           425           710          2413          2503
     40        1           199           949          3983          3248
     41        2           776           799          3381          3792
     42        2           328           669          2475          3212
     43        2           488           815          3408          3803
     44        2           387          1204          3278          3720
     45        1            38           986          2574          4560
     46        2           467           672          2401          3551
     47        0             4           681          2463          5030
     48        2           617          1034          3940          2250
     49        2           237           575          1762          2497
