Attempt Distance          Time         TTime
      0        2           843          2311
      1        1            31          1847
      2        1            39          1919
      3        1            29          1448
      4        2           582          1403
      5        2           466          1158
      6        2           379          1018
      7        2           277           901
      8        1            21          1003
      9        1            44          1172
     10        2           432          1271
     11        2           342           773
     12        1            31           759
     13        1            21           647
     14        1            18           633
     15        2           309           946
     16        1            48          1109
     17        2           253           805
     18        2           258           646
     19        1            22           661
     20        1            15           733
     21        2           185           518
     22        2           237           517
     23        1            15           555
     24        1            12           608
     25        2           227           583
     26        1            25           565
     27        2           212           716
     28        1            17           587
     29        2           177           607
     30        1            20           832
     31        2           284          1264
     32        2           327          1217
     33        2           345           970
     34        1            20           801
     35        2           242           781
     36        2           275           877
     37        1            13           712
     38        2           242           831
     39        2           305           746
     40        2           237           601
     41        2           203           503
     42        2           191           558
     43        2           203           495
     44        2           138           477
     45        1            12           822
     46        2           323           934
     47        2           271           689
     48        2           177           483
     49        2           162           499
Attempt Distance          Time         TTime
      0        2         98499        115405
      1        1          1485        119612
      2        1          1049        125943
      3        1          2015        136444
      4        2         97108        117399
      5        2         84982        111429
      6        2         43535         80726
      7        2         26765         97601
      8        1           651        104171
      9        1           642        110088
     10        2         30780         93282
     11        2         32087        103938
     12        1           763         98001
     13        1           612        104970
     14        1           695         97740
     15        2         37378        106090
     16        1           898        119578
     17        2         77139        107145
     18        2         44114         98220
     19        1           674        107970
     20        1           878        109901
     21        2         27533         86641
     22        2         35026         92019
     23        1           671        101316
     24        1           651        103143
     25        2         34423        117131
     26        1           827         88413
     27        2         39271        100072
     28        1           629        106384
     29        2         31648        105871
     30        1           645         98272
     31        2         29999         89423
     32        2         24778         92869
     33        2         30237        107465
     34        1           774        106211
     35        2         30002         92037
     36        2         32176         94990
     37        1           611         97802
     38        2         75312         90288
     39        2         32717        101434
     40        2         34171         92558
     41        2         32806         90353
     42        2         42053        119792
     43        2         48017        123864
     44        2         32228        103925
     45        1           597        123106
     46        2         42640         98985
     47        2         33137        131677
     48        2         29073        111220
     49        2         32044         95990
