Attempt Distance          Time         TTime
      0        2           575          1525
      1        2           513          5572
      2        1            23          1297
      3        1            29          1067
      4        2           224          1127
      5        2           403          1186
      6        1            35          4992
      7        2           529          1530
      8        2           370          1374
      9        2           715          1483
     10        2           376          1574
     11        2          1946          3121
     12        2           569          1181
     13        2           290          1049
     14        2           255          1046
     15        2           288          1200
     16        2           280          1527
     17        1            44          2695
     18        1            36          1175
     19        2           358          1023
     20        1            21          1158
     21        2           292          1074
     22        2           281          1148
     23        2           180          1102
     24        2          1322          2662
     25        2           328           988
     26        1            14           765
     27        2           199           779
     28        2           138           673
     29        2           149           635
     30        1             9           546
     31        2           113           571
     32        2           108           601
     33        2           119           495
     34        2            93           435
     35        2           121           469
     36        2           415          3322
     37        2           278           955
     38        1            17           838
     39        2           139           649
     40        2           107           519
     41        2            95           500
     42        2           321           765
     43        1            13           869
     44        2           275           702
     45        2           121           616
     46        2           165           664
     47        2           167          1994
     48        2           993          1518
     49        2           313          1120
Attempt Distance          Time         TTime
      0        2         82853         98811
      1        2         53239        170050
      2        1          1430        136657
      3        1          5362        105524
      4        2         33460        147801
      5        2         46879         88650
      6        1          1011         85491
      7        2         30075         93836
      8        2         39084         91365
      9        2         32868         71709
     10        2         24887         71867
     11        2         16245         58929
     12        2         17927         70601
     13        2         38761         78027
     14        2         17795         83960
     15        2         22855        111603
     16        2         36896        125600
     17        1           543         82578
     18        1           704         74210
     19        2         20778        109414
     20        1          1145        124104
     21        2         39641        117790
     22        2         34848         97854
     23        2         19722         99012
     24        2         22497         72693
     25        2         16986         99815
     26        1           802         97080
     27        2         18632         78198
     28        2         15032         66771
     29        2         23501         85261
     30        1           542         79821
     31        2         24146        139550
     32        2         28848        102778
     33        2         23072         65623
     34        2         13131         72885
     35        2         20043         63208
     36        2         10873         83200
     37        2         22095        109126
     38        1           504         69663
     39        2         22096         85479
     40        2         19375         75791
     41        2         18255         81254
     42        2         21514         68996
     43        1           529         97994
     44        2         21565         81935
     45        2         14527         72011
     46        2         18996         66124
     47        2         19542         66331
     48        2         40539        121017
     49        2         17700        117440
