Attempt Distance          Time         TTime         RTime        RTTime
      0        2          1841          2456         29037          5964
      1        1            95          1373          7141          6172
      2        1            69          1231          6965          6733
      3        1            30          1991          6533         10452
      4        2           839          1753          9705          4406
      5        2           542          2544          9946          6149
      6        2          1079           954          6463          4346
      7        2           389           948         10747          6310
      8        2           740           750          8853          6118
      9        2          1295          2724          7500          7660
     10        1            43          2546          6355         10577
     11        2           717          1409          8924          4787
     12        2           518          1678         12035          7879
     13        2           613          2428          5117          8164
     14        1           162          2169          6968          8411
     15        2           612          1382          5456          9962
     16        2           557          1726          9074          6644
     17        2           532          2340          4222         11452
     18        0            12          2047          7284          5286
     19        2           473          1267          9470          8255
     20        2          1030          1536          9265         11667
     21        1            59          1363          4809          9974
     22        1            51          1804          5421         10902
     23        1            27          1274          4328         10376
     24        1            37          1157          4139         11202
     25        2           499          2979          4907          7823
     26        2           416          2802          4931          9855
     27        1            67          1592          5387          3749
     28        1            55           685          2923          2958
     29        1            35           758          7081          3693
     30        2           594          3648          3640          3480
     31        1            22           774          2510          4122
     32        2           386           929          4289          3340
     33        2           380           684          3501          2538
     34        2           360          1086          3479          3079
     35        2           322           757          2812          3080
     36        2           426          1065          4543          4477
     37        1            45           792          3333          3973
     38        1            47           657          2931          2489
     39        2           350           727          2515          2260
     40        2           282          2196          3776          3340
     41        2           388           935          3264          3798
     42        2           712           762          3250          2249
     43        2           405           897          2081          3384
     44        2           387           898          4543          2783
     45        2           393           657          2477          2503
     46        2           332          1557          2354          2720
     47        2           251           604          1623          1899
     48        2           387           775          3412          2801
     49        1            57           693          2253          2215
