Attempt Distance          Time         TTime
      0        1           201          1925
      1        1            52          1068
      2        3          1083          1355
      3        2           173          1015
      4        3           671           871
      5        2           288          1153
      6        2           187           928
      7        2           131           888
      8        3           817          1619
      9        2           194           969
     10        1            57           998
     11        3           707           884
     12        2           125           897
     13        3           616           968
     14        2           117           901
     15        3           748          1937
     16        2           138           917
     17        3           576           867
     18        2           135          1161
     19        2           155           829
     20        2           108           901
     21        2           112           976
     22        2            70           897
     23        2           100           879
     24        2           200           913
     25        3           540          1129
     26        2           189           864
     27        2           123           844
     28        2           258          1124
     29        2            92           829
     30        3           604           801
     31        2            99          1060
     32        3          3669          1285
     33        3           768          1229
     34        2           177           808
     35        2           126           636
     36        3           631          1086
     37        3           507          1405
     38        2           431          2173
     39        3           668           996
     40        2            76           512
     41        2            64           517
     42        3           413           556
     43        2           100           484
     44        3           291           508
     45        2           152           597
     46        2            75           552
     47        2            77           478
     48        2            66           469
     49        1          1710          2368
Attempt Distance          Time         TTime
      0        1          6663         82121
      1        1          1450        110109
      2        3        160691         55883
      3        2         10369         66944
      4        3         89311        109659
      5        2         20622         92217
      6        2         21303         68657
      7        2         11935         70319
      8        3         85261         90217
      9        2         23201         73458
     10        1          1332         74314
     11        3        120756         77831
     12        2          9733         44885
     13        3         51516         51214
     14        2          6653         45251
     15        3         66219        110215
     16        2         12556         51664
     17        3         39805         61055
     18        2          4012         44732
     19        2          5930         45488
     20        2          5761         49379
     21        2          3661         62290
     22        2          5133         62258
     23        2          8109         88003
     24        2         21108        115191
     25        3         57485         57869
     26        2          8428         53090
     27        2          5451         47195
     28        2          7470         50899
     29        2          4631         57125
     30        3         50118         68006
     31        2          7407         58053
     32        3         51968         73639
     33        3        112672         48637
     34        2          4824         66643
     35        2          6115         65721
     36        3         48932         64243
     37        3         34133         50305
     38        2          5012         57063
     39        3         31959         52964
     40        2          6560         57118
     41        2          6102         54069
     42        3         42745         74147
     43        2          8108         61514
     44        3         45962         62950
     45        2          6278         64952
     46        2          9625         69924
     47        2         10520         51529
     48        2          6772         48186
     49        1           606         62789
