Attempt Distance          Time         TTime
      0        2           524          2689
      1        2           448          2525
      2        1            97          1600
      3        2           279          1420
      4        2           424          1416
      5        1            31          1316
      6        2           588          1320
      7        2           407          1755
      8        2           389          1959
      9        2           442          1778
     10        2           575          1991
     11        1            31          1397
     12        2           361          1334
     13        2           414          1597
     14        2           394          1148
     15        2           352          2241
     16        2           246          2056
     17        2           320          1065
     18        2           385          1013
     19        2           281          1163
     20        2           345          1864
     21        2           494          1389
     22        2           242           724
     23        1            17           735
     24        2           156           778
     25        2           202           815
     26        2           161           814
     27        2           144           742
     28        2           182           906
     29        2           247          1498
     30        1            24          1006
     31        2           240          1080
     32        2           208           739
     33        2           262           651
     34        1            22           505
     35        2            99           627
     36        2           109           508
     37        1            10           513
     38        2           206           614
     39        2           137           504
     40        2            90           485
     41        2            72           389
     42        1             8           654
     43        2           133           980
     44        2           105           499
     45        2            84           370
     46        2            69           364
     47        2            82           370
     48        2            83           420
     49        2            98           409
Attempt Distance          Time         TTime
      0        2         48835         80480
      1        2         49072        112822
      2        1          1639         97158
      3        2         25061         99814
      4        2         30728        122124
      5        1          1023         74398
      6        2         29323         72724
      7        2         47026         73887
      8        2         33424         62551
      9        2         18715         69922
     10        2         17960         58212
     11        1           519         63719
     12        2         15959         70523
     13        2         18683         79168
     14        2         22030         79624
     15        2         28764         79306
     16        2         15586         83938
     17        2         18527         63866
     18        2         16441         66926
     19        2         17181         74769
     20        2         15940         88420
     21        2         49925         68797
     22        2         18452         52366
     23        1           383         50595
     24        2         16103         63861
     25        2         21023         71760
     26        2         15313         90862
     27        2         11591         68206
     28        2         13098         58739
     29        2         14675         59692
     30        1           504         68757
     31        2         15308         82726
     32        2         16529         64222
     33        2         16525         64578
     34        1           477         69718
     35        2         18115         60603
     36        2         15277         64074
     37        1           521         88958
     38        2         20578         66166
     39        2         15197         53945
     40        2         14820         62584
     41        2         11952         61587
     42        1           406         54506
     43        2         14136         84297
     44        2         16896         55125
     45        2         19705         78687
     46        2         12115         60950
     47        2         14302         53675
     48        2         10982         73560
     49        2         15866         61607
