Attempt Distance          Time         TTime         RTime        RTTime
      0        2          1459          2984         27818          9441
      1        1            76          1485          6086         10158
      2        2           579          1497          4728          7311
      3        1            30          1283          5496          7094
      4        2           728          1359          4626          8127
      5        2           301           733          1819          2663
      6        2          3306           785          5016          2385
      7        2           376          1607          5801          3889
      8        2           389           680          2977          3210
      9        2           619          1118          4811          3457
     10        2           558          1325          5406          3067
     11        1            28          1193          3775          6949
     12        1            72           670          3022          2395
     13        2           251           581          1723          4672
     14        2           391           624          3652          2229
     15        1            24           709          1599          3839
     16        1           210           899          5437          2278
     17        2           266           822          1952          6098
     18        2           527           572          2502          2986
     19        2           210           928          2372          6455
     20        2           415           542          2172          2042
     21        2           239           726          1823          3729
     22        1            95           675          2377          1773
     23        1            19           678          1392          2013
     24        2           162           512          1797          3690
     25        2           601           803          3500          2527
     26        2           299           593          1610          4960
     27        1            92           707          3399          1857
     28        1            26           562          2623          1929
     29        2           156           876          6964          3424
     30        1            24           749          1543          2264
     31        1            46          1013          5103          2840
     32        2           282           824          2506          2319
     33        2           285           955          3804          3308
     34        2           233           642          1669          1941
     35        2           217           571          1542          3899
     36        2           302           553          1883          2773
     37        2           250           509          1576          1745
     38        1            20          2951          1320          4003
     39        2           382           960          2895          2426
     40        2           235          1377          3788          3779
     41        2           423           823          2558          2653
     42        2           288          1764          3682          3491
     43        2           338           639          2161          1978
     44        2           211           562          1676          5321
     45        1            17           515          1778          1738
     46        2           198           596          1516          1889
     47        1            19           938          1878          5646
     48        2           266           522          1660          2105
     49        2           231           560          1663          5321
