Attempt Distance          Time         TTime
      0        7         18311         15309
      1       -1         14410         15178
      2        2         14860         15227
      3        7         15331         15414
      4        5         14742         15223
      5        5         14576         14657
      6        5         14167         14816
      7        5         14151         15295
      8        5         14288         14325
      9        2         14311         15135
     10        6         14721         14838
     11        2         14064         14346
     12       -1         14883         15525
     13       -1         14616         16168
     14        6         14300         20607
     15        8         14239         15314
     16        4         14454         14207
     17        8         14382         15630
     18       -1         14053         14194
     19        8         14465         20497
     20        7         14474         14164
     21        7         13841         14497
     22       -1         14416         18980
     23       -1         14892         14433
     24        7         13279         14745
     25        7         13852         15971
     26        6         14315         14385
     27        2         18497         15157
     28        2         14614         14775
     29       -1         14383         15402
     30        7         14597         14915
     31       -1         14485         13947
     32        9         13554         14712
     33       11         15115         15558
     34        6         15180         19691
     35        3         16589         20232
     36        7         16389         24803
     37       -1         15551         15424
     38        7         14484         13909
     39       -1         13823         13811
     40        4         14060         14134
     41       -1         15273         14960
     42        7         13734         13724
     43       -1         14019         14374
     44        8         14743         15140
     45        9         15459         19505
     46       -1         14865         16262
     47       -1         16414         17500
     48       -1         15980         16743
     49        4         15534         16499
Attempt Distance          Time         TTime
      0        7        636781        922356
      1       -1        850568      20085597
      2        2         61311         18425
      3        7        429288        491691
      4        5        148550         11964
      5        5        148694         13276
      6        5        274843         15578
      7        5        457704         18459
      8        5        227827         14077
      9        2         90233         19026
     10        6        550091       1045128
     11        2         68562         17406
     12       -1        862474      19940577
     13       -1        825356      19998857
     14        6        397394        741535
     15        8        720695        618507
     16        4        267887         17816
     17        8        770424       1323095
     18       -1          9512         10545
     19        8        363181        262468
     20        7        424080        475476
     21        7        487492        524643
     22       -1          9878          8197
     23       -1         10759          9570
     24        7        251064        253246
     25        7        614228        968889
     26        6        498850        845841
     27        2         40311         15817
     28        2         50250         17781
     29       -1        843447      19819449
     30        7        634800        926220
     31       -1          9386         10319
     32        9        693481        496703
     33       11        763141       8807449
     34        6        312349        580823
     35        3        101030         15451
     36        7        244238        266819
     37       -1        825245      19880336
     38        7        367597        428759
     39       -1          9811         10441
     40        4        162665         21387
     41       -1          9606         20913
     42        7        299382        378007
     43       -1          9941          9595
     44        8        638437        672452
     45        9        673456        445647
     46       -1        852279      19787771
     47       -1        842699      19935401
     48       -1        846047      19692465
     49        4        108905         15566
